# tau=beta*t, lambda=exp[(gamma_dot/beta)*tau], sigma_norm=sigma/mu
# tau lambda sigma_over_mu
0.000000000000000000e+00 1.000000000000000000e+00 0.000000000000000000e+00
9.162738020584735655e-04 1.000916693709138716e+00 3.966528712676184974e-03
1.832547604116947131e-03 1.001834227745634021e+00 7.920214771643121002e-03
2.748821406175420805e-03 1.002752602879808386e+00 1.186109758228630871e-02
3.665095208233894262e-03 1.003671819882690830e+00 1.578921642608735118e-02
4.581369010292367719e-03 1.004591879526017140e+00 1.970461046106726857e-02
5.497642812350841610e-03 1.005512782582230535e+00 2.360731872222741889e-02
6.413916614409314633e-03 1.006434529824482338e+00 2.749738012198925385e-02
7.330190416467788524e-03 1.007357122026632634e+00 3.137483345063413892e-02
8.246464218526261547e-03 1.008280559963250500e+00 3.523971737673689542e-02
9.162738020584735438e-03 1.009204844409615776e+00 3.909207044760595190e-02
1.007901182264320933e-02 1.010129976141718400e+00 4.293193108971030125e-02
1.099528562470168322e-02 1.011055955936260187e+00 4.675933760911613057e-02
1.191155942676015711e-02 1.011982784570654159e+00 5.057432819191049617e-02
1.282783322881862927e-02 1.012910462823026991e+00 5.437694090463653096e-02
1.374410703087710316e-02 1.013838991472217677e+00 5.816721369471199166e-02
1.466038083293557705e-02 1.014768371297779748e+00 6.194518439085908157e-02
1.557665463499405094e-02 1.015698603079981499e+00 6.571089070352674477e-02
1.649292843705252309e-02 1.016629687599805987e+00 6.946437022530733973e-02
1.740920223911099698e-02 1.017561625638952583e+00 7.320566043136157719e-02
1.832547604116947088e-02 1.018494417979836753e+00 7.693479867983130105e-02
1.924174984322794477e-02 1.019428065405591832e+00 8.065182221226008252e-02
2.015802364528641866e-02 1.020362568700068806e+00 8.435676815400466877e-02
2.107429744734489255e-02 1.021297928647836750e+00 8.804967351464643155e-02
2.199057124940336644e-02 1.022234146034184832e+00 9.173057518840779800e-02
2.290684505146184033e-02 1.023171221645121198e+00 9.539950995455459548e-02
2.382311885352031422e-02 1.024109156267375198e+00 9.905651447781026187e-02
2.473939265557878464e-02 1.025047950688396936e+00 1.027016253087574271e-01
2.565566645763725853e-02 1.025987605696358607e+00 1.063348788842448239e-01
2.657194025969573242e-02 1.026928122080154715e+00 1.099563115277892994e-01
2.748821406175420631e-02 1.027869500629403410e+00 1.135659594499790759e-01
2.840448786381268020e-02 1.028811742134446039e+00 1.171638587488692262e-01
2.932076166587115409e-02 1.029754847386348704e+00 1.207500454103838106e-01
3.023703546792962799e-02 1.030698817176903148e+00 1.243245553087129335e-01
3.115330926998810188e-02 1.031643652298625868e+00 1.278874242067019051e-01
3.206958307204657577e-02 1.032589353544761002e+00 1.314386877562525036e-01
3.298585687410504619e-02 1.033535921709279215e+00 1.349783814987097486e-01
3.390213067616352355e-02 1.034483357586879038e+00 1.385065408652530472e-01
3.481840447822199397e-02 1.035431661972987749e+00 1.420232011772867842e-01
3.573467828028047133e-02 1.036380835663761601e+00 1.455283976468254026e-01
3.665095208233894175e-02 1.037330879456086485e+00 1.490221653768802057e-01
3.756722588439741911e-02 1.038281794147579262e+00 1.525045393618441325e-01
3.848349968645588953e-02 1.039233580536587764e+00 1.559755544878737854e-01
3.939977348851435995e-02 1.040186239422191461e+00 1.594352455332699592e-01
4.031604729057283731e-02 1.041139771604202569e+00 1.628836471688584753e-01
4.123232109263130774e-02 1.042094177883166273e+00 1.663207939583676576e-01
4.214859489468978510e-02 1.043049459060362061e+00 1.697467203588063911e-01
4.306486869674825552e-02 1.044005615937803277e+00 1.731614607208363521e-01
4.398114249880673288e-02 1.044962649318238901e+00 1.765650492891491785e-01
4.489741630086520330e-02 1.045920560005153988e+00 1.799575202028377008e-01
4.581369010292368066e-02 1.046879348802769671e+00 1.833389074957653686e-01
4.672996390498215108e-02 1.047839016516044497e+00 1.867092450969365103e-01
4.764623770704062844e-02 1.048799563950675084e+00 1.900685668308657594e-01
4.856251150909909886e-02 1.049760991913096131e+00 1.934169064179406261e-01
4.947878531115756928e-02 1.050723301210482186e+00 1.967542974747921725e-01
5.039505911321604664e-02 1.051686492650747429e+00 2.000807735146535316e-01
5.131133291527451706e-02 1.052650567042546559e+00 2.033963679477248931e-01
5.222760671733299442e-02 1.053615525195275904e+00 2.067011140815337433e-01
5.314388051939146485e-02 1.054581367919073198e+00 2.099950451212928837e-01
5.406015432144994221e-02 1.055548096024819804e+00 2.132781941702627804e-01
5.497642812350841263e-02 1.056515710324139157e+00 2.165505942301006181e-01
5.589270192556688999e-02 1.057484211629399651e+00 2.198122782012232601e-01
5.680897572762536041e-02 1.058453600753713753e+00 2.230632788831553859e-01
5.772524952968383777e-02 1.059423878510939998e+00 2.263036289748868168e-01
5.864152333174230819e-02 1.060395045715682549e+00 2.295333610752198217e-01
5.955779713380077861e-02 1.061367103183292082e+00 2.327525076831182815e-01
6.047407093585925597e-02 1.062340051729866897e+00 2.359611011980596584e-01
6.139034473791772639e-02 1.063313892172254027e+00 2.391591739203814126e-01
6.230661853997620375e-02 1.064288625328048132e+00 2.423467580516218411e-01
6.322289234203468111e-02 1.065264252015594382e+00 2.455238856948711301e-01
6.413916614409315153e-02 1.066240773053987567e+00 2.486905888551094179e-01
6.505543994615162195e-02 1.067218189263073436e+00 2.518468994395505201e-01
6.597171374821009238e-02 1.068196501463449355e+00 2.549928492579818240e-01
6.688798755026857668e-02 1.069175710476464980e+00 2.581284700231041285e-01
6.780426135232704710e-02 1.070155817124222697e+00 2.612537933508672361e-01
6.872053515438551752e-02 1.071136822229578733e+00 2.643688507608095706e-01
6.963680895644398794e-02 1.072118726616143602e+00 2.674736736763898559e-01
7.055308275850245836e-02 1.073101531108282547e+00 2.705682934253232363e-01
7.146935656056094266e-02 1.074085236531116649e+00 2.736527412399124559e-01
7.238563036261941308e-02 1.075069843710523720e+00 2.767270482573810919e-01
7.330190416467788350e-02 1.076055353473137854e+00 2.797912455202001270e-01
7.421817796673635392e-02 1.077041766646351872e+00 2.828453639764208494e-01
7.513445176879483822e-02 1.078029084058316434e+00 2.858894344799988718e-01
7.605072557085330864e-02 1.079017306537941145e+00 2.889234877911207033e-01
7.696699937291177906e-02 1.080006434914896563e+00 2.919475545765328195e-01
7.788327317497024949e-02 1.080996470019612410e+00 2.949616654098578539e-01
7.879954697702871991e-02 1.081987412683280692e+00 2.979658507719243898e-01
7.971582077908720421e-02 1.082979263737854803e+00 3.009601410510835962e-01
8.063209458114567463e-02 1.083972024016051083e+00 3.039445665435310251e-01
8.154836838320414505e-02 1.084965694351349041e+00 3.069191574536248579e-01
8.246464218526261547e-02 1.085960275577992240e+00 3.098839438942034841e-01
8.338091598732109977e-02 1.086955768530989186e+00 3.128389558869023035e-01
8.429718978937957019e-02 1.087952174046113774e+00 3.157842233624685857e-01
8.521346359143804061e-02 1.088949492959905729e+00 3.187197761610737201e-01
8.612973739349651103e-02 1.089947726109671944e+00 3.216456440326289079e-01
8.704601119555499533e-02 1.090946874333486916e+00 3.245618566370948588e-01
8.796228499761346575e-02 1.091946938470192974e+00 3.274684435447915987e-01
8.887855879967193617e-02 1.092947919359402054e+00 3.303654342367102204e-01
8.979483260173040660e-02 1.093949817841495031e+00 3.332528581048164740e-01
9.071110640378887702e-02 1.094952634757623944e+00 3.361307444523632393e-01
9.162738020584736132e-02 1.095956370949711101e+00 3.389991224941903969e-01
9.254365400790583174e-02 1.096961027260451305e+00 3.418580213570340254e-01
9.345992780996430216e-02 1.097966604533311408e+00 3.447074700798261615e-01
9.437620161202277258e-02 1.098973103612531643e+00 3.475474976139998895e-01
9.529247541408125688e-02 1.099980525343126070e+00 3.503781328237878245e-01
9.620874921613972730e-02 1.100988870570883238e+00 3.531994044865231497e-01
9.712502301819819772e-02 1.101998140142367300e+00 3.560113412929390431e-01
9.804129682025666814e-02 1.103008334904918453e+00 3.588139718474654960e-01
9.895757062231513856e-02 1.104019455706653607e+00 3.616073246685264642e-01
9.987384442437362286e-02 1.105031503396466608e+00 3.643914281888320783e-01
1.007901182264320933e-01 1.106044478824030453e+00 3.671663107556791261e-01
1.017063920284905637e-01 1.107058382839796185e+00 3.699320006312381004e-01
1.026226658305490341e-01 1.108073216294994667e+00 3.726885259928475747e-01
1.035389396326075184e-01 1.109088980041637473e+00 3.754359149333071355e-01
1.044552134346659888e-01 1.110105674932516884e+00 3.781741954611641532e-01
1.053714872367244593e-01 1.111123301821206777e+00 3.809033955010033834e-01
1.062877610387829297e-01 1.112141861562063738e+00 3.836235428937353475e-01
1.072040348408414140e-01 1.113161355010227727e+00 3.863346653968834366e-01
1.081203086428998844e-01 1.114181783021622074e+00 3.890367906848668511e-01
1.090365824449583548e-01 1.115203146452955041e+00 3.917299463492871503e-01
1.099528562470168253e-01 1.116225446161720258e+00 3.944141598992122466e-01
1.108691300490752957e-01 1.117248683006197396e+00 3.970894587614563487e-01
1.117854038511337800e-01 1.118272857845452828e+00 3.997558702808632902e-01
1.127016776531922504e-01 1.119297971539340297e+00 4.024134217205850850e-01
1.136179514552507208e-01 1.120324024948502251e+00 4.050621402623625911e-01
1.145342252573091912e-01 1.121351018934369614e+00 4.077020530068025117e-01
1.154504990593676755e-01 1.122378954359163128e+00 4.103331869736551174e-01
1.163667728614261460e-01 1.123407832085894009e+00 4.129555691020896369e-01
1.172830466634846164e-01 1.124437652978364399e+00 4.155692262509695922e-01
1.181993204655430868e-01 1.125468417901168472e+00 4.181741851991269132e-01
1.191155942676015572e-01 1.126500127719692879e+00 4.207704726456345523e-01
1.200318680696600415e-01 1.127532783300117414e+00 4.233581152100786005e-01
1.209481418717185119e-01 1.128566385509416570e+00 4.259371394328301252e-01
1.218644156737769824e-01 1.129600935215358426e+00 4.285075717753119018e-01
1.227806894758354528e-01 1.130636433286507758e+00 4.310694386202719164e-01
1.236969632778939371e-01 1.131672880592224706e+00 4.336227662720476550e-01
1.246132370799524075e-01 1.132710278002666549e+00 4.361675809568336115e-01
1.255295108820108918e-01 1.133748626388788372e+00 4.387039088229489070e-01
1.264457846840693622e-01 1.134787926622343734e+00 4.412317759411011342e-01
1.273620584861278326e-01 1.135828179575885111e+00 4.437512083046500910e-01
1.282783322881863031e-01 1.136869386122765002e+00 4.462622318298705149e-01
1.291946060902447735e-01 1.137911547137136159e+00 4.487648723562142616e-01
1.301108798923032439e-01 1.138954663493953134e+00 4.512591556465728182e-01
1.310271536943617143e-01 1.139998736068972285e+00 4.537451073875350405e-01
1.319434274964201848e-01 1.141043765738752880e+00 4.562227531896478339e-01
1.328597012984786552e-01 1.142089753380657768e+00 4.586921185876740026e-01
1.337759751005371534e-01 1.143136699872853601e+00 4.611532290408478230e-01
1.346922489025956238e-01 1.144184606094312828e+00 4.636061099331348911e-01
1.356085227046540942e-01 1.145233472924813034e+00 4.660507865734830335e-01
1.365247965067125646e-01 1.146283301244938269e+00 4.684872841960795453e-01
1.374410703087710350e-01 1.147334091936080380e+00 4.709156279606048212e-01
1.383573441108295055e-01 1.148385845880438572e+00 4.733358429524824884e-01
1.392736179128879759e-01 1.149438563961021398e+00 4.757479541831339809e-01
1.401898917149464463e-01 1.150492247061645879e+00 4.781519865902251198e-01
1.411061655170049167e-01 1.151546896066940162e+00 4.805479650379203549e-01
1.420224393190634149e-01 1.152602511862343082e+00 4.829359143171294555e-01
1.429387131211218853e-01 1.153659095334105045e+00 4.853158591457541471e-01
1.438549869231803557e-01 1.154716647369288474e+00 4.876878241689360238e-01
1.447712607252388262e-01 1.155775168855769808e+00 4.900518339593049055e-01
1.456875345272972966e-01 1.156834660682238614e+00 4.924079130172203111e-01
1.466038083293557670e-01 1.157895123738199805e+00 4.947560857710182614e-01
1.475200821314142374e-01 1.158956558913972978e+00 4.970963765772530296e-01
1.484363559334727078e-01 1.160018967100694631e+00 4.994288097209416133e-01
1.493526297355311783e-01 1.161082349190317498e+00 5.017534094158027091e-01
1.502689035375896764e-01 1.162146706075612546e+00 5.040701998045002963e-01
1.511851773396481469e-01 1.163212038650168312e+00 5.063792049588798916e-01
1.521014511417066173e-01 1.164278347808393566e+00 5.086804488802123547e-01
1.530177249437650877e-01 1.165345634445515977e+00 5.109739554994271460e-01
1.539339987458235581e-01 1.166413899457584558e+00 5.132597486773530227e-01
1.548502725478820286e-01 1.167483143741469442e+00 5.155378522049522960e-01
1.557665463499404990e-01 1.168553368194862774e+00 5.178082898035570869e-01
1.566828201519989694e-01 1.169624573716280036e+00 5.200710851251048039e-01
1.575990939540574398e-01 1.170696761205059833e+00 5.223262617523699580e-01
1.585153677561159380e-01 1.171769931561365663e+00 5.245738431991996409e-01
1.594316415581744084e-01 1.172844085686185922e+00 5.268138529107430079e-01
1.603479153602328788e-01 1.173919224481335233e+00 5.290463142636848692e-01
1.612641891622913493e-01 1.174995348849454224e+00 5.312712505664737295e-01
1.621804629643498197e-01 1.176072459694011973e+00 5.334886850595547125e-01
1.630967367664082901e-01 1.177150557919304896e+00 5.356986409155946038e-01
1.640130105684667605e-01 1.178229644430458745e+00 5.379011412397116665e-01
1.649292843705252309e-01 1.179309720133428829e+00 5.400962090697032369e-01
1.658455581725837291e-01 1.180390785935001574e+00 5.422838673762719885e-01
1.667618319746421995e-01 1.181472842742793627e+00 5.444641390632490863e-01
1.676781057767006700e-01 1.182555891465254083e+00 5.466370469678210053e-01
1.685943795787591404e-01 1.183639933011665368e+00 5.488026138607546844e-01
1.695106533808176108e-01 1.184724968292142577e+00 5.509608624466162397e-01
1.704269271828760812e-01 1.185810998217635692e+00 5.531118153639975610e-01
1.713432009849345516e-01 1.186898023699929361e+00 5.552554951857355814e-01
1.722594747869930221e-01 1.187986045651644451e+00 5.573919244191333222e-01
1.731757485890514925e-01 1.189075064986238051e+00 5.595211255061793842e-01
1.740920223911099907e-01 1.190165082618004799e+00 5.616431208237678829e-01
1.750082961931684611e-01 1.191256099462077334e+00 5.637579326839152749e-01
1.759245699952269315e-01 1.192348116434427396e+00 5.658655833339805152e-01
1.768408437972854019e-01 1.193441134451866281e+00 5.679660949568786643e-01
1.777571175993438723e-01 1.194535154432045720e+00 5.700594896712989357e-01
1.786733914014023428e-01 1.195630177293458773e+00 5.721457895319194131e-01
1.795896652034608132e-01 1.196726203955440271e+00 5.742250165296201025e-01
1.805059390055192836e-01 1.197823235338167702e+00 5.762971925916985372e-01
1.814222128075777540e-01 1.198921272362662549e+00 5.783623395820822743e-01
1.823384866096362522e-01 1.200020315950790062e+00 5.804204793015391717e-01
1.832547604116947226e-01 1.201120367025261038e+00 5.824716334878916602e-01
1.841710342137531931e-01 1.202221426509631597e+00 5.845158238162244668e-01
1.850873080158116635e-01 1.203323495328304737e+00 5.865530718990964454e-01
1.860035818178701339e-01 1.204426574406531003e+00 5.885833992867490760e-01
1.869198556199286043e-01 1.205530664670409147e+00 5.906068274673152985e-01
1.878361294219870747e-01 1.206635767046886354e+00 5.926233778670250141e-01
1.887524032240455452e-01 1.207741882463760241e+00 5.946330718504158064e-01
1.896686770261040156e-01 1.208849011849678190e+00 5.966359307205350015e-01
1.905849508281625138e-01 1.209957156134139566e+00 5.986319757191480573e-01
1.915012246302209842e-01 1.211066316247495056e+00 6.006212280269410675e-01
1.924174984322794546e-01 1.212176493120949106e+00 6.026037087637275969e-01
1.933337722343379250e-01 1.213287687686559035e+00 6.045794389886487430e-01
1.942500460363963954e-01 1.214399900877236815e+00 6.065484397003769734e-01
1.951663198384548659e-01 1.215513133626749731e+00 6.085107318373192964e-01
1.960825936405133363e-01 1.216627386869721050e+00 6.104663362778159907e-01
1.969988674425718067e-01 1.217742661541630467e+00 6.124152738403425555e-01
1.979151412446302771e-01 1.218858958578815654e+00 6.143575652837088841e-01
1.988314150466887753e-01 1.219976278918472268e+00 6.162932313072575496e-01
1.997476888487472457e-01 1.221094623498655496e+00 6.182222925510647560e-01
2.006639626508057161e-01 1.222213993258279841e+00 6.201447695961334050e-01
2.015802364528641866e-01 1.223334389137121114e+00 6.220606829645946023e-01
2.024965102549226570e-01 1.224455812075816219e+00 6.239700531199008360e-01
2.034127840569811274e-01 1.225578263015864700e+00 6.258729004670230411e-01
2.043290578590395978e-01 1.226701742899628522e+00 6.277692453526435568e-01
2.052453316610980683e-01 1.227826252670334295e+00 6.296591080653530792e-01
2.061616054631565387e-01 1.228951793272072601e+00 6.315425088358410655e-01
2.070778792652150369e-01 1.230078365649799998e+00 6.334194678370910214e-01
2.079941530672735073e-01 1.231205970749338796e+00 6.352900051845707941e-01
2.089104268693319777e-01 1.232334609517378832e+00 6.371541409364249731e-01
2.098267006713904481e-01 1.233464282901477471e+00 6.390118950936661824e-01
2.107429744734489185e-01 1.234594991850060719e+00 6.408632876003631518e-01
2.116592482755073890e-01 1.235726737312423884e+00 6.427083383438312314e-01
2.125755220775658594e-01 1.236859520238732912e+00 6.445470671548231278e-01
2.134917958796243298e-01 1.237993341580024165e+00 6.463794938077122021e-01
2.144080696816828280e-01 1.239128202288206193e+00 6.482056380206853152e-01
2.153243434837412984e-01 1.240264103316060407e+00 6.500255194559267924e-01
2.162406172857997688e-01 1.241401045617240850e+00 6.518391577198034970e-01
2.171568910878582392e-01 1.242539030146276424e+00 6.536465723630530134e-01
2.180731648899167097e-01 1.243678057858570885e+00 6.554477828809665008e-01
2.189894386919751801e-01 1.244818129710403953e+00 6.572428087135748775e-01
2.199057124940336505e-01 1.245959246658931319e+00 6.590316692458293435e-01
2.208219862960921209e-01 1.247101409662186855e+00 6.608143838077867871e-01
2.217382600981505913e-01 1.248244619679082401e+00 6.625909716747919731e-01
2.226545339002090895e-01 1.249388877669408648e+00 6.643614520676579538e-01
2.235708077022675599e-01 1.250534184593836029e+00 6.661258441528470353e-01
2.244870815043260304e-01 1.251680541413916270e+00 6.678841670426538535e-01
2.254033553063845008e-01 1.252827949092081949e+00 6.696364397953811221e-01
2.263196291084429712e-01 1.253976408591647829e+00 6.713826814155218203e-01
2.272359029105014416e-01 1.255125920876812184e+00 6.731229108539364958e-01
2.281521767125599121e-01 1.256276486912657031e+00 6.748571470080315660e-01
2.290684505146183825e-01 1.257428107665149009e+00 6.765854087219367319e-01
2.299847243166768529e-01 1.258580784101139827e+00 6.783077147866801715e-01
2.309009981187353511e-01 1.259734517188368486e+00 6.800240839403680626e-01
2.318172719207938215e-01 1.260889307895459943e+00 6.817345348683551132e-01
2.327335457228522919e-01 1.262045157191928002e+00 6.834390862034243064e-01
2.336498195249107623e-01 1.263202066048175087e+00 6.851377565259590963e-01
2.345660933269692328e-01 1.264360035435492469e+00 6.868305643641150482e-01
2.354823671290277032e-01 1.265519066326062703e+00 6.885175281939971415e-01
2.363986409310861736e-01 1.266679159692958967e+00 6.901986664398283011e-01
2.373149147331446440e-01 1.267840316510146836e+00 6.918739974741245913e-01
2.382311885352031144e-01 1.269002537752484283e+00 6.935435396178634138e-01
2.391474623372616126e-01 1.270165824395723231e+00 6.952073111406567030e-01
2.400637361393200830e-01 1.271330177416509777e+00 6.968653302609192357e-01
2.409800099413785535e-01 1.272495597792385746e+00 6.985176151460401606e-01
2.418962837434370239e-01 1.273662086501788915e+00 7.001641839125500866e-01
2.428125575454954943e-01 1.274829644524053673e+00 7.018050546262902811e-01
2.437288313475539647e-01 1.275998272839412584e+00 7.034402453025804247e-01
2.446451051496124351e-01 1.277167972428996379e+00 7.050697739063859215e-01
2.455613789516709056e-01 1.278338744274835737e+00 7.066936583524848769e-01
2.464776527537293760e-01 1.279510589359860839e+00 7.083119165056330768e-01
2.473939265557878742e-01 1.280683508667903370e+00 7.099245661807301877e-01
2.483102003578463446e-01 1.281857503183697178e+00 7.115316251429859573e-01
2.492264741599048150e-01 1.283032573892878059e+00 7.131331111080825291e-01
2.501427479619632854e-01 1.284208721781985751e+00 7.147290417423395326e-01
2.510590217640217836e-01 1.285385947838464604e+00 7.163194346628770637e-01
2.519752955660802263e-01 1.286564253050663353e+00 7.179043074377779998e-01
2.528915693681387244e-01 1.287743638407837787e+00 7.194836775862518685e-01
2.538078431701971671e-01 1.288924104900149858e+00 7.210575625787940535e-01
2.547241169722556653e-01 1.290105653518669238e+00 7.226259798373485532e-01
2.556403907743141080e-01 1.291288285255373980e+00 7.241889467354681864e-01
2.565566645763726061e-01 1.292472001103152301e+00 7.257464805984746858e-01
2.574729383784310488e-01 1.293656802055801691e+00 7.272985987036174604e-01
2.583892121804895470e-01 1.294842689108030909e+00 7.288453182802330232e-01
2.593054859825480452e-01 1.296029663255460429e+00 7.303866565099036423e-01
2.602217597846064878e-01 1.297217725494623997e+00 7.319226305266156585e-01
2.611380335866649860e-01 1.298406876822968403e+00 7.334532574169149166e-01
2.620543073887234287e-01 1.299597118238854376e+00 7.349785542200646393e-01
2.629705811907819268e-01 1.300788450741559021e+00 7.364985379282035227e-01
2.638868549928403695e-01 1.301980875331274046e+00 7.380132254864972818e-01
2.648031287948988677e-01 1.303174393009109311e+00 7.395226337932988558e-01
2.657194025969573103e-01 1.304369004777091501e+00 7.410267797002982881e-01
2.666356763990158085e-01 1.305564711638166342e+00 7.425256800126810441e-01
2.675519502010743067e-01 1.306761514596198825e+00 7.440193514892786686e-01
2.684682240031327494e-01 1.307959414655973651e+00 7.455078108427225514e-01
2.693844978051912475e-01 1.309158412823197892e+00 7.469910747395993589e-01
2.703007716072496902e-01 1.310358510104498997e+00 7.484691598005983604e-01
2.712170454093081884e-01 1.311559707507428119e+00 7.499420826006663043e-01
2.721333192113666311e-01 1.312762006040460117e+00 7.514098596691590748e-01
2.730495930134251292e-01 1.313965406712994000e+00 7.528725074899893510e-01
2.739658668154835719e-01 1.315169910535353592e+00 7.543300425017781530e-01
2.748821406175420701e-01 1.316375518518790200e+00 7.557824810980067198e-01
2.757984144196005682e-01 1.317582231675480609e+00 7.572298396271609500e-01
2.767146882216590109e-01 1.318790051018530640e+00 7.586721343928839456e-01
2.776309620237175091e-01 1.319998977561974041e+00 7.601093816541221182e-01
2.785472358257759518e-01 1.321209012320774923e+00 7.615415976252742913e-01
2.794635096278344499e-01 1.322420156310826878e+00 7.629687984763366959e-01
2.803797834298928926e-01 1.323632410548955196e+00 7.643910003330508518e-01
2.812960572319513908e-01 1.324845776052917756e+00 7.658082192770510055e-01
2.822123310340098334e-01 1.326060253841404579e+00 7.672204713460072378e-01
2.831286048360683316e-01 1.327275844934040050e+00 7.686277725337719025e-01
2.840448786381268298e-01 1.328492550351382917e+00 7.700301387905246209e-01
2.849611524401852725e-01 1.329710371114927847e+00 7.714275860229159454e-01
2.858774262422437706e-01 1.330929308247105425e+00 7.728201300942114660e-01
2.867937000443022133e-01 1.332149362771283929e+00 7.742077868244346961e-01
2.877099738463607115e-01 1.333370535711769778e+00 7.755905719905101803e-01
2.886262476484191541e-01 1.334592828093807748e+00 7.769685013264053808e-01
2.895425214504776523e-01 1.335816240943583200e+00 7.783415905232727861e-01
2.904587952525360950e-01 1.337040775288221406e+00 7.797098552295917973e-01
2.913750690545945932e-01 1.338266432155790220e+00 7.810733110513090605e-01
2.922913428566530913e-01 1.339493212575299186e+00 7.824319735519785768e-01
2.932076166587115340e-01 1.340721117576701094e+00 7.837858582529021456e-01
2.941238904607700322e-01 1.341950148190893088e+00 7.851349806332694747e-01
2.950401642628284749e-01 1.343180305449717560e+00 7.864793561302961811e-01
2.959564380648869730e-01 1.344411590385962585e+00 7.878190001393629016e-01
2.968727118669454157e-01 1.345644004033362595e+00 7.891539280141527390e-01
2.977889856690039139e-01 1.346877547426600374e+00 7.904841550667912609e-01
2.987052594710623565e-01 1.348112221601306615e+00 7.918096965679803922e-01
2.996215332731208547e-01 1.349348027594061694e+00 7.931305677471381932e-01
3.005378070751793529e-01 1.350584966442396118e+00 7.944467837925331954e-01
3.014540808772377956e-01 1.351823039184791186e+00 7.957583598514208489e-01
3.023703546792962937e-01 1.353062246860680773e+00 7.970653110301803013e-01
3.032866284813547364e-01 1.354302590510451099e+00 7.983676523944471803e-01
3.042029022834132346e-01 1.355544071175442511e+00 7.996653989692499298e-01
3.051191760854716772e-01 1.356786689897949483e+00 8.009585657391429248e-01
3.060354498875301754e-01 1.358030447721222167e+00 8.022471676483408087e-01
3.069517236895886181e-01 1.359275345689467063e+00 8.035312196008518315e-01
3.078679974916471163e-01 1.360521384847848125e+00 8.048107364606095215e-01
3.087842712937056144e-01 1.361768566242486989e+00 8.060857330516069119e-01
3.097005450957640571e-01 1.363016890920464297e+00 8.073562241580265475e-01
3.106168188978225553e-01 1.364266359929821260e+00 8.086222245243743778e-01
3.115330926998809979e-01 1.365516974319558541e+00 8.098837488556073216e-01
3.124493665019394961e-01 1.366768735139639590e+00 8.111408118172686033e-01
3.133656403039979388e-01 1.368021643440989532e+00 8.123934280356137627e-01
3.142819141060564370e-01 1.369275700275497609e+00 8.136416120977438826e-01
3.151981879081148796e-01 1.370530906696016737e+00 8.148853785517314874e-01
3.161144617101733778e-01 1.371787263756365283e+00 8.161247419067528819e-01
3.170307355122318760e-01 1.373044772511327505e+00 8.173597166332150499e-01
3.179470093142903186e-01 1.374303434016654668e+00 8.185903171628839958e-01
3.188632831163488168e-01 1.375563249329065485e+00 8.198165578890126426e-01
3.197795569184072595e-01 1.376824219506247893e+00 8.210384531664681740e-01
3.206958307204657577e-01 1.378086345606859275e+00 8.222560173118590443e-01
3.216121045225242003e-01 1.379349628690527130e+00 8.234692646036614327e-01
3.225283783245826985e-01 1.380614069817850842e+00 8.246782092823455868e-01
3.234446521266411412e-01 1.381879670050401243e+00 8.258828655505001670e-01
3.243609259286996394e-01 1.383146430450723274e+00 8.270832475729604782e-01
3.252771997307581375e-01 1.384414352082335320e+00 8.282793694769301496e-01
3.261934735328165802e-01 1.385683436009730540e+00 8.294712453521075890e-01
3.271097473348750784e-01 1.386953683298378648e+00 8.306588892508105504e-01
3.280260211369335210e-01 1.388225095014725019e+00 8.318423151880969257e-01
3.289422949389920192e-01 1.389497672226193803e+00 8.330215371418915327e-01
3.298585687410504619e-01 1.390771416001186367e+00 8.341965690531070177e-01
3.307748425431089601e-01 1.392046327409084849e+00 8.353674248257673129e-01
3.316911163451674582e-01 1.393322407520250605e+00 8.365341183271287617e-01
3.326073901472259009e-01 1.394599657406026427e+00 8.376966633878027979e-01
3.335236639492843991e-01 1.395878078138737655e+00 8.388550738018770714e-01
3.344399377513428417e-01 1.397157670791692174e+00 8.400093633270359073e-01
3.353562115534013399e-01 1.398438436439181976e+00 8.411595456846820973e-01
3.362724853554597826e-01 1.399720376156483592e+00 8.423056345600554717e-01
3.371887591575182808e-01 1.401003491019859659e+00 8.434476436023539136e-01
3.381050329595767234e-01 1.402287782106559133e+00 8.445855864248524858e-01
3.390213067616352216e-01 1.403573250494818403e+00 8.457194766050224466e-01
3.399375805636937198e-01 1.404859897263862623e+00 8.468493276846500439e-01
3.408538543657521624e-01 1.406147723493905710e+00 8.479751531699543099e-01
3.417701281678106606e-01 1.407436730266152347e+00 8.490969665317058546e-01
3.426864019698691033e-01 1.408726918662798200e+00 8.502147812053438836e-01
3.436026757719276015e-01 1.410018289767031030e+00 8.513286105910929935e-01
3.445189495739860441e-01 1.411310844663031139e+00 8.524384680540814108e-01
3.454352233760445423e-01 1.412604584435973143e+00 8.535443669244556775e-01
3.463514971781029850e-01 1.413899510172025975e+00 8.546463204974973360e-01
3.472677709801614832e-01 1.415195622958355326e+00 8.557443420337406126e-01
3.481840447822199813e-01 1.416492923883121868e+00 8.568384447590833286e-01
3.491003185842784240e-01 1.417791414035485253e+00 8.579286418649069157e-01
3.500165923863369222e-01 1.419091094505602557e+00 8.590149465081875491e-01
3.509328661883953648e-01 1.420391966384630722e+00 8.600973718116114997e-01
3.518491399904538630e-01 1.421694030764726779e+00 8.611759308636893762e-01
3.527654137925123057e-01 1.422997288739048960e+00 8.622506367188697007e-01
3.536816875945708039e-01 1.424301741401757804e+00 8.633215023976511526e-01
3.545979613966292465e-01 1.425607389848016160e+00 8.643885408866964770e-01
3.555142351986877447e-01 1.426914235173991630e+00 8.654517651389439514e-01
3.564305090007462429e-01 1.428222278476856344e+00 8.665111880737211836e-01
3.573467828028046855e-01 1.429531520854787852e+00 8.675668225768546904e-01
3.582630566048631837e-01 1.430841963406971118e+00 8.686186815007826967e-01
3.591793304069216264e-01 1.432153607233598080e+00 8.696667776646662684e-01
3.600956042089801246e-01 1.433466453435869425e+00 8.707111238545000020e-01
3.610118780110385672e-01 1.434780503115995698e+00 8.717517328232209373e-01
3.619281518130970654e-01 1.436095757377197080e+00 8.727886172908212448e-01
3.628444256151555081e-01 1.437412217323705610e+00 8.738217899444551406e-01
3.637606994172140062e-01 1.438729884060765629e+00 8.748512634385512410e-01
3.646769732192725044e-01 1.440048758694634223e+00 8.758770503949182551e-01
3.655932470213309471e-01 1.441368842332582556e+00 8.768991634028562299e-01
3.665095208233894453e-01 1.442690136082897645e+00 8.779176150192639083e-01
3.674257946254478879e-01 1.444012641054881252e+00 8.789324177687466433e-01
3.683420684275063861e-01 1.445336358358853213e+00 8.799435841437246442e-01
3.692583422295648288e-01 1.446661289106150328e+00 8.809511266045396694e-01
3.701746160316233270e-01 1.447987434409128582e+00 8.819550575795628289e-01
3.710908898336817696e-01 1.449314795381163590e+00 8.829553894652999446e-01
3.720071636357402678e-01 1.450643373136651260e+00 8.839521346264986867e-01
3.729234374377987660e-01 1.451973168791009572e+00 8.849453053962560434e-01
3.738397112398572086e-01 1.453304183460678578e+00 8.859349140761202390e-01
3.747559850419157068e-01 1.454636418263122177e+00 8.869209729362008687e-01
3.756722588439741495e-01 1.455969874316828117e+00 8.879034942152699283e-01
3.765885326460326477e-01 1.457304552741309989e+00 8.888824901208689511e-01
3.775048064480910903e-01 1.458640454657107233e+00 8.898579728294121471e-01
3.784210802501495885e-01 1.459977581185786688e+00 8.908299544862908759e-01
3.793373540522080312e-01 1.461315933449943483e+00 8.917984472059773404e-01
3.802536278542665293e-01 1.462655512573201255e+00 8.927634630721289488e-01
3.811699016563250275e-01 1.463996319680214375e+00 8.937250141376900103e-01
3.820861754583834702e-01 1.465338355896667499e+00 8.946831124249946532e-01
3.830024492604419684e-01 1.466681622349277792e+00 8.956377699258709635e-01
3.839187230625004110e-01 1.468026120165794923e+00 8.965889986017409052e-01
3.848349968645589092e-01 1.469371850475002406e+00 8.975368103837240152e-01
3.857512706666173519e-01 1.470718814406718256e+00 8.984812171727381003e-01
3.866675444686758500e-01 1.472067013091797216e+00 8.994222308396002674e-01
3.875838182707342927e-01 1.473416447662128981e+00 9.003598632251285094e-01
3.885000920727927909e-01 1.474767119250642633e+00 9.012941261402422910e-01
3.894163658748512891e-01 1.476119028991304427e+00 9.022250313660619137e-01
3.903326396769097317e-01 1.477472178019120896e+00 9.031525906540103232e-01
3.912489134789682299e-01 1.478826567470138631e+00 9.040768157259100324e-01
3.921651872810266726e-01 1.480182198481445832e+00 9.049977182740860382e-01
3.930814610830851707e-01 1.481539072191172979e+00 9.059153099614625226e-01
3.939977348851436134e-01 1.482897189738493937e+00 9.068296024216614404e-01
3.949140086872021116e-01 1.484256552263626849e+00 9.077406072591032160e-01
3.958302824892605543e-01 1.485617160907835022e+00 9.086483360491030004e-01
3.967465562913190524e-01 1.486979016813427812e+00 9.095528003379683701e-01
3.976628300933775506e-01 1.488342121123762185e+00 9.104540116430994701e-01
3.985791038954359933e-01 1.489706474983242490e+00 9.113519814530829377e-01
3.994953776974944915e-01 1.491072079537323125e+00 9.122467212277921567e-01
4.004116514995529341e-01 1.492438935932507427e+00 9.131382423984810703e-01
4.013279253016114323e-01 1.493807045316350557e+00 9.140265563678831029e-01
4.022441991036698750e-01 1.495176408837459281e+00 9.149116745103060833e-01
4.031604729057283731e-01 1.496547027645493300e+00 9.157936081717275023e-01
4.040767467077868158e-01 1.497918902891166137e+00 9.166723686698917684e-01
4.049930205098453140e-01 1.499292035726246697e+00 9.175479672944046872e-01
4.059092943119038122e-01 1.500666427303558814e+00 9.184204153068276089e-01
4.068255681139622548e-01 1.502042078776983924e+00 9.192897239407730181e-01
4.077418419160207530e-01 1.503418991301460395e+00 9.201559044019995692e-01
4.086581157180791957e-01 1.504797166032986189e+00 9.210189678685055670e-01
4.095743895201376938e-01 1.506176604128618646e+00 9.218789254906220032e-01
4.104906633221961365e-01 1.507557306746475367e+00 9.227357883911079250e-01
4.114069371242546347e-01 1.508939275045736217e+00 9.235895676652422503e-01
4.123232109263130774e-01 1.510322510186643097e+00 9.244402743809174705e-01
4.132394847283715755e-01 1.511707013330501947e+00 9.252879195787326871e-01
4.141557585304300737e-01 1.513092785639682969e+00 9.261325142720853165e-01
4.150720323324885164e-01 1.514479828277622175e+00 9.269740694472641263e-01
4.159883061345470145e-01 1.515868142408821839e+00 9.278125960635402736e-01
4.169045799366054572e-01 1.517257729198851823e+00 9.286481050532598980e-01
4.178208537386639554e-01 1.518648589814350691e+00 9.294806073219354925e-01
4.187371275407223981e-01 1.520040725423026151e+00 9.303101137483353877e-01
4.196534013427808962e-01 1.521434137193656166e+00 9.311366351845771216e-01
4.205696751448393389e-01 1.522828826296090510e+00 9.319601824562161463e-01
4.214859489468978371e-01 1.524224793901251429e+00 9.327807663623367551e-01
4.224022227489563353e-01 1.525622041181134092e+00 9.335983976756420111e-01
4.233184965510147779e-01 1.527020569308808362e+00 9.344130871425447848e-01
4.242347703530732761e-01 1.528420379458419243e+00 9.352248454832541302e-01
4.251510441551317188e-01 1.529821472805188209e+00 9.360336833918678767e-01
4.260673179571902169e-01 1.531223850525414321e+00 9.368396115364607812e-01
4.269835917592486596e-01 1.532627513796474217e+00 9.376426405591719027e-01
4.278998655613071578e-01 1.534032463796824564e+00 9.384427810762937527e-01
4.288161393633656560e-01 1.535438701706001829e+00 9.392400436783615580e-01
4.297324131654240986e-01 1.536846228704623840e+00 9.400344389302395243e-01
4.306486869674825968e-01 1.538255045974391111e+00 9.408259773712105423e-01
4.315649607695410395e-01 1.539665154698086846e+00 9.416146695150615642e-01
4.324812345715995376e-01 1.541076556059578939e+00 9.424005258501716442e-01
4.333975083736579803e-01 1.542489251243819970e+00 9.431835568395990910e-01
4.343137821757164785e-01 1.543903241436849427e+00 9.439637729211689532e-01
4.352300559777749211e-01 1.545318527825793486e+00 9.447411845075566195e-01
4.361463297798334193e-01 1.546735111598867007e+00 9.455158019863774133e-01
4.370626035818919175e-01 1.548152993945373979e+00 9.462876357202707478e-01
4.379788773839503602e-01 1.549572176055707962e+00 9.470566960469849471e-01
4.388951511860088583e-01 1.550992659121354755e+00 9.478229932794648427e-01
4.398114249880673010e-01 1.552414444334891730e+00 9.485865377059354842e-01
4.407276987901257992e-01 1.553837532889989825e+00 9.493473395899874046e-01
4.416439725921842419e-01 1.555261925981413773e+00 9.501054091706611082e-01
4.425602463942427400e-01 1.556687624805024095e+00 9.508607566625322249e-01
4.434765201963011827e-01 1.558114630557777103e+00 9.516133922557949987e-01
4.443927939983596809e-01 1.559542944437726453e+00 9.523633261163457764e-01
4.453090678004181791e-01 1.560972567644024478e+00 9.531105683858687172e-01
4.462253416024766217e-01 1.562403501376921966e+00 9.538551291819166167e-01
4.471416154045351199e-01 1.563835746837770602e+00 9.545970185979965050e-01
4.480578892065935626e-01 1.565269305229023189e+00 9.553362467036508043e-01
4.489741630086520607e-01 1.566704177754234539e+00 9.560728235445414835e-01
4.498904368107105034e-01 1.568140365618063470e+00 9.568067591425314378e-01
4.508067106127690016e-01 1.569577870026272137e+00 9.575380634957675330e-01
4.517229844148274442e-01 1.571016692185728703e+00 9.582667465787627625e-01
4.526392582168859424e-01 1.572456833304407331e+00 9.589928183424769603e-01
4.535555320189444406e-01 1.573898294591389968e+00 9.597162887143992904e-01
4.544718058210028833e-01 1.575341077256866118e+00 9.604371675986296264e-01
4.553880796230613814e-01 1.576785182512135508e+00 9.611554648759594865e-01
4.563043534251198241e-01 1.578230611569607422e+00 9.618711904039523031e-01
4.572206272271783223e-01 1.579677365642803810e+00 9.625843540170258006e-01
4.581369010292367649e-01 1.581125445946357289e+00 9.632949655265292677e-01
4.590531748312952631e-01 1.582574853696015804e+00 9.640030347208280448e-01
4.599694486333537058e-01 1.584025590108639969e+00 9.647085713653790195e-01
4.608857224354122040e-01 1.585477656402207502e+00 9.654115852028137823e-01
4.618019962374707021e-01 1.586931053795811675e+00 9.661120859530166749e-01
4.627182700395291448e-01 1.588385783509663307e+00 9.668100833132038385e-01
4.636345438415876430e-01 1.589841846765092104e+00 9.675055869580025947e-01
4.645508176436460857e-01 1.591299244784547096e+00 9.681986065395307151e-01
4.654670914457045838e-01 1.592757978791598639e+00 9.688891516874749144e-01
4.663833652477630265e-01 1.594218050010937304e+00 9.695772320091676777e-01
4.672996390498215247e-01 1.595679459668377875e+00 9.702628570896687510e-01
4.682159128518799673e-01 1.597142208990858014e+00 9.709460364918394149e-01
4.691321866539384655e-01 1.598606299206440040e+00 9.716267797564226427e-01
4.700484604559969637e-01 1.600071731544312259e+00 9.723050964021197062e-01
4.709647342580554064e-01 1.601538507234789632e+00 9.729809959256674468e-01
4.718810080601139045e-01 1.603006627509315329e+00 9.736544878019154359e-01
4.727972818621723472e-01 1.604476093600460951e+00 9.743255814839035800e-01
4.737135556642308454e-01 1.605946906741928082e+00 9.749942864029370604e-01
4.746298294662892880e-01 1.607419068168549403e+00 9.756606119686649370e-01
4.755461032683477862e-01 1.608892579116289134e+00 9.763245675691545333e-01
4.764623770704062289e-01 1.610367440822245255e+00 9.769861625709683750e-01
4.773786508724647271e-01 1.611843654524648839e+00 9.776454063192392407e-01
4.782949246745232252e-01 1.613321221462866939e+00 9.783023081377472119e-01
4.792111984765816679e-01 1.614800142877402145e+00 9.789568773289933912e-01
4.801274722786401661e-01 1.616280420009894359e+00 9.796091231742758421e-01
4.810437460806986087e-01 1.617762054103121461e+00 9.802590549337649728e-01
4.819600198827571069e-01 1.619245046401001309e+00 9.809066818465774773e-01
4.828762936848155496e-01 1.620729398148591294e+00 9.815520131308503871e-01
4.837925674868740478e-01 1.622215110592090337e+00 9.821950579838174544e-01
4.847088412889324904e-01 1.623702184978840002e+00 9.828358255818813172e-01
4.856251150909909886e-01 1.625190622557325160e+00 9.834743250806885495e-01
4.865413888930494868e-01 1.626680424577174877e+00 9.841105656152026038e-01
4.874576626951079295e-01 1.628171592289163971e+00 9.847445562997776403e-01
4.883739364971664276e-01 1.629664126945213898e+00 9.853763062282325791e-01
4.892902102992248703e-01 1.631158029798393638e+00 9.860058244739222655e-01
4.902064841012833685e-01 1.632653302102921256e+00 9.866331200898130760e-01
4.911227579033418111e-01 1.634149945114163671e+00 9.872582021085533066e-01
4.920390317054003093e-01 1.635647960088639330e+00 9.878810795425467806e-01
4.929553055074587520e-01 1.637147348284018200e+00 9.885017613840249018e-01
4.938715793095172502e-01 1.638648110959123549e+00 9.891202566051193745e-01
4.947878531115757483e-01 1.640150249373931945e+00 9.897365741579325915e-01
4.957041269136341910e-01 1.641653764789575476e+00 9.903507229746113527e-01
4.966204007156926892e-01 1.643158658468342193e+00 9.909627119674164764e-01
4.975366745177511318e-01 1.644664931673677000e+00 9.915725500287962957e-01
4.984529483198096300e-01 1.646172585670183430e+00 9.921802460314553818e-01
4.993692221218680727e-01 1.647681621723624090e+00 9.927858088284268190e-01
5.002854959239265709e-01 1.649192041100921768e+00 9.933892472531437035e-01
5.012017697259850690e-01 1.650703845070160769e+00 9.939905701195075327e-01
5.021180435280435672e-01 1.652217034900587800e+00 9.945897862219615915e-01
5.030343173301019544e-01 1.653731611862613082e+00 9.951869043355572320e-01
5.039505911321604525e-01 1.655247577227811462e+00 9.957819332160280368e-01
5.048668649342189507e-01 1.656764932268923518e+00 9.963748815998564323e-01
5.057831387362774489e-01 1.658283678259856231e+00 9.969657582043449651e-01
5.066994125383358361e-01 1.659803816475684535e+00 9.975545717276848023e-01
5.076156863403943342e-01 1.661325348192652429e+00 9.981413308490265646e-01
5.085319601424528324e-01 1.662848274688173422e+00 9.987260442285470496e-01
5.094482339445113306e-01 1.664372597240832308e+00 9.993087205075199542e-01
5.103645077465698288e-01 1.665898317130386053e+00 9.998893683083835970e-01
5.112807815486282159e-01 1.667425435637764242e+00 1.000467996234809975e+00
5.121970553506867141e-01 1.668953954045071519e+00 1.001044612871773154e+00
5.131133291527452123e-01 1.670483873635586924e+00 1.001619226785616323e+00
5.140296029548037104e-01 1.672015195693766554e+00 1.002191846524121743e+00
5.149458767568620976e-01 1.673547921505243341e+00 1.002762480616575580e+00
5.158621505589205958e-01 1.675082052356829720e+00 1.003331137573839182e+00
5.167784243609790940e-01 1.676617589536516517e+00 1.003897825888413475e+00
5.176946981630375921e-01 1.678154534333476056e+00 1.004462554034507127e+00
5.186109719650960903e-01 1.679692888038062382e+00 1.005025330468104716e+00
5.195272457671544775e-01 1.681232651941811929e+00 1.005586163627031571e+00
5.204435195692129756e-01 1.682773827337445738e+00 1.006145061931022378e+00
5.213597933712714738e-01 1.684316415518869459e+00 1.006702033781786687e+00
5.222760671733299720e-01 1.685860417781174903e+00 1.007257087563075526e+00
5.231923409753883591e-01 1.687405835420640932e+00 1.007810231640746679e+00
5.241086147774468573e-01 1.688952669734735235e+00 1.008361474362833743e+00
5.250248885795053555e-01 1.690500922022114105e+00 1.008910824059607414e+00
5.259411623815638537e-01 1.692050593582625329e+00 1.009458289043644763e+00
5.268574361836223519e-01 1.693601685717307070e+00 1.010003877609893186e+00
5.277737099856807390e-01 1.695154199728390765e+00 1.010547598035736128e+00
5.286899837877392372e-01 1.696708136919302223e+00 1.011089458581057698e+00
5.296062575897977354e-01 1.698263498594660748e+00 1.011629467488308620e+00
5.305225313918562335e-01 1.699820286060282459e+00 1.012167632982570176e+00
5.314388051939146207e-01 1.701378500623180301e+00 1.012703963271619045e+00
5.323550789959731189e-01 1.702938143591565590e+00 1.013238466545992367e+00
5.332713527980316170e-01 1.704499216274848683e+00 1.013771150979051017e+00
5.341876266000901152e-01 1.706061719983639868e+00 1.014302024727044227e+00
5.351039004021486134e-01 1.707625656029751360e+00 1.014831095929174198e+00
5.360201742042070006e-01 1.709191025726197743e+00 1.015358372707658496e+00
5.369364480062654987e-01 1.710757830387197531e+00 1.015883863167795553e+00
5.378527218083239969e-01 1.712326071328173382e+00 1.016407575398025953e+00
5.387689956103824951e-01 1.713895749865754325e+00 1.016929517469997712e+00
5.396852694124408822e-01 1.715466867317775757e+00 1.017449697438628231e+00
5.406015432144993804e-01 1.717039425003282105e+00 1.017968123342168019e+00
5.415178170165578786e-01 1.718613424242525944e+00 1.018484803202262201e+00
5.424340908186163768e-01 1.720188866356970658e+00 1.018999745024015358e+00
5.433503646206748749e-01 1.721765752669290883e+00 1.019512956796052583e+00
5.442666384227332621e-01 1.723344084503373175e+00 1.020024446490580328e+00
5.451829122247917603e-01 1.724923863184319117e+00 1.020534222063453234e+00
5.460991860268502585e-01 1.726505090038443546e+00 1.021042291454230533e+00
5.470154598289087566e-01 1.728087766393277880e+00 1.021548662586243106e+00
5.479317336309671438e-01 1.729671893577570341e+00 1.022053343366649658e+00
5.488480074330256420e-01 1.731257472921287066e+00 1.022556341686504222e+00
5.497642812350841401e-01 1.732844505755613662e+00 1.023057665420813223e+00
5.506805550371426383e-01 1.734432993412955426e+00 1.023557322428598093e+00
5.515968288392011365e-01 1.736022937226940011e+00 1.024055320552957005e+00
5.525131026412595237e-01 1.737614338532416536e+00 1.024551667621124817e+00
5.534293764433180218e-01 1.739207198665458476e+00 1.025046371444534365e+00
5.543456502453765200e-01 1.740801518963364103e+00 1.025539439818876630e+00
5.552619240474350182e-01 1.742397300764657153e+00 1.026030880524162248e+00
5.561781978494934053e-01 1.743994545409088381e+00 1.026520701324780571e+00
5.570944716515519035e-01 1.745593254237637337e+00 1.027008909969560735e+00
5.580107454536104017e-01 1.747193428592512143e+00 1.027495514191831383e+00
5.589270192556688999e-01 1.748795069817151715e+00 1.027980521709480177e+00
5.598432930577273980e-01 1.750398179256225983e+00 1.028463940225013973e+00
5.607595668597857852e-01 1.752002758255638115e+00 1.028945777425618546e+00
5.616758406618442834e-01 1.753608808162524957e+00 1.029426040983216994e+00
5.625921144639027816e-01 1.755216330325257923e+00 1.029904738554531018e+00
5.635083882659612797e-01 1.756825326093444772e+00 1.030381877781137767e+00
5.644246620680196669e-01 1.758435796817930274e+00 1.030857466289529789e+00
5.653409358700781651e-01 1.760047743850797763e+00 1.031331511691175207e+00
5.662572096721366632e-01 1.761661168545369804e+00 1.031804021582573450e+00
5.671734834741951614e-01 1.763276072256209526e+00 1.032275003545316538e+00
5.680897572762536596e-01 1.764892456339121729e+00 1.032744465146145707e+00
5.690060310783120467e-01 1.766510322151154222e+00 1.033212413937011132e+00
5.699223048803705449e-01 1.768129671050598928e+00 1.033678857455129219e+00
5.708385786824290431e-01 1.769750504396992774e+00 1.034143803223039892e+00
5.717548524844875413e-01 1.771372823551118802e+00 1.034607258748666103e+00
5.726711262865459284e-01 1.772996629875007280e+00 1.035069231525370004e+00
5.735874000886044266e-01 1.774621924731938138e+00 1.035529729032011126e+00
5.745036738906629248e-01 1.776248709486439648e+00 1.035988758733004111e+00
5.754199476927214230e-01 1.777876985504291740e+00 1.036446328078375334e+00
5.763362214947799211e-01 1.779506754152526238e+00 1.036902444503820631e+00
5.772524952968383083e-01 1.781138016799427737e+00 1.037357115430761922e+00
5.781687690988968065e-01 1.782770774814535830e+00 1.037810348266402949e+00
5.790850429009553046e-01 1.784405029568644885e+00 1.038262150403788997e+00
5.800013167030138028e-01 1.786040782433806040e+00 1.038712529221860859e+00
5.809175905050721900e-01 1.787678034783328318e+00 1.039161492085511895e+00
5.818338643071306882e-01 1.789316787991779956e+00 1.039609046345644661e+00
5.827501381091891863e-01 1.790957043434988405e+00 1.040055199339226411e+00
5.836664119112476845e-01 1.792598802490043219e+00 1.040499958389346613e+00
5.845826857133061827e-01 1.794242066535295610e+00 1.040943330805271128e+00
5.854989595153645698e-01 1.795886836950360665e+00 1.041385323882498826e+00
5.864152333174230680e-01 1.797533115116118241e+00 1.041825944902817769e+00
5.873315071194815662e-01 1.799180902414713845e+00 1.042265201134358943e+00
5.882477809215400644e-01 1.800830200229560196e+00 1.042703099831653546e+00
5.891640547235984515e-01 1.802481009945337664e+00 1.043139648235687167e+00
5.900803285256569497e-01 1.804133332947996715e+00 1.043574853573955519e+00
5.909966023277154479e-01 1.805787170624757909e+00 1.044008723060517951e+00
5.919128761297739461e-01 1.807442524364113234e+00 1.044441263896054739e+00
5.928291499318324442e-01 1.809099395555827661e+00 1.044872483267919705e+00
5.937454237338908314e-01 1.810757785590940472e+00 1.045302388350195510e+00
5.946616975359493296e-01 1.812417695861765710e+00 1.045730986303748278e+00
5.955779713380078277e-01 1.814079127761894172e+00 1.046158284276282213e+00
5.964942451400663259e-01 1.815742082686193415e+00 1.046584289402392454e+00
5.974105189421247131e-01 1.817406562030810413e+00 1.047009008803621022e+00
5.983267927441832112e-01 1.819072567193171563e+00 1.047432449588509007e+00
5.992430665462417094e-01 1.820740099571984683e+00 1.047854618852651853e+00
6.001593403483002076e-01 1.822409160567239006e+00 1.048275523678752430e+00
6.010756141503587058e-01 1.824079751580208075e+00 1.048695171136673876e+00
6.019918879524170929e-01 1.825751874013448850e+00 1.049113568283494224e+00
6.029081617544755911e-01 1.827425529270805482e+00 1.049530722163559471e+00
6.038244355565340893e-01 1.829100718757407762e+00 1.049946639808536419e+00
6.047407093585925875e-01 1.830777443879674005e+00 1.050361328237465530e+00
6.056569831606509746e-01 1.832455706045311494e+00 1.050774794456814210e+00
6.065732569627094728e-01 1.834135506663318704e+00 1.051187045460530767e+00
6.074895307647679710e-01 1.835816847143985076e+00 1.051598088230094818e+00
6.084058045668264691e-01 1.837499728898893014e+00 1.052007929734571468e+00
6.093220783688849673e-01 1.839184153340919003e+00 1.052416576930663705e+00
6.102383521709433545e-01 1.840870121884234267e+00 1.052824036762763926e+00
6.111546259730018527e-01 1.842557635944307215e+00 1.053230316163007663e+00
6.120708997750603508e-01 1.844246696937902996e+00 1.053635422051323545e+00
6.129871735771188490e-01 1.845937306283086166e+00 1.054039361335487035e+00
6.139034473791772362e-01 1.847629465399220239e+00 1.054442140911171721e+00
6.148197211812357343e-01 1.849323175706971245e+00 1.054843767662001497e+00
6.157359949832942325e-01 1.851018438628306395e+00 1.055244248459600964e+00
6.166522687853527307e-01 1.852715255586496967e+00 1.055643590163648504e+00
6.175685425874112289e-01 1.854413628006118753e+00 1.056041799621926458e+00
6.184848163894696160e-01 1.856113557313052942e+00 1.056438883670373530e+00
6.194010901915281142e-01 1.857815044934489235e+00 1.056834849133134524e+00
6.203173639935866124e-01 1.859518092298924063e+00 1.057229702822613415e+00
6.212336377956451106e-01 1.861222700836164368e+00 1.057623451539521975e+00
6.221499115977034977e-01 1.862928871977326928e+00 1.058016102072933062e+00
6.230661853997619959e-01 1.864636607154841696e+00 1.058407661200328365e+00
6.239824592018204941e-01 1.866345907802450466e+00 1.058798135687652131e+00
6.248987330038789922e-01 1.868056775355209975e+00 1.059187532289359801e+00
6.258150068059374904e-01 1.869769211249492358e+00 1.059575857748468186e+00
6.267312806079958776e-01 1.871483216922986026e+00 1.059963118796607651e+00
6.276475544100543758e-01 1.873198793814698115e+00 1.060349322154069851e+00
6.285638282121128739e-01 1.874915943364954485e+00 1.060734474529859472e+00
6.294801020141713721e-01 1.876634667015401270e+00 1.061118582621743300e+00
6.303963758162297593e-01 1.878354966209005994e+00 1.061501653116300847e+00
6.313126496182882574e-01 1.880076842390059344e+00 1.061883692688973646e+00
6.322289234203467556e-01 1.881800297004176059e+00 1.062264708004113878e+00
6.331451972224052538e-01 1.883525331498295374e+00 1.062644705715035887e+00
6.340614710244637520e-01 1.885251947320683463e+00 1.063023692464064140e+00
6.349777448265221391e-01 1.886980145920933660e+00 1.063401674882582748e+00
6.358940186285806373e-01 1.888709928749969347e+00 1.063778659591084974e+00
6.368102924306391355e-01 1.890441297260042397e+00 1.064154653199222533e+00
6.377265662326976337e-01 1.892174252904736953e+00 1.064529662305853108e+00
6.386428400347560208e-01 1.893908797138968980e+00 1.064903693499091197e+00
6.395591138368145190e-01 1.895644931418988932e+00 1.065276753356355632e+00
6.404753876388730172e-01 1.897382657202381750e+00 1.065648848444418650e+00
6.413916614409315153e-01 1.899121975948068197e+00 1.066019985319454078e+00
6.423079352429900135e-01 1.900862889116307075e+00 1.066390170527086401e+00
6.432242090450484007e-01 1.902605398168695228e+00 1.066759410602438507e+00
6.441404828471068988e-01 1.904349504568169982e+00 1.067127712070180312e+00
6.450567566491653970e-01 1.906095209779009370e+00 1.067495081444576943e+00
6.459730304512238952e-01 1.907842515266833461e+00 1.067861525229536035e+00
6.468893042532822824e-01 1.909591422498605917e+00 1.068227049918656801e+00
6.478055780553407805e-01 1.911341932942635768e+00 1.068591661995276887e+00
6.487218518573992787e-01 1.913094048068577635e+00 1.068955367932520995e+00
6.496381256594577769e-01 1.914847769347433060e+00 1.069318174193347515e+00
6.505543994615162751e-01 1.916603098251552284e+00 1.069680087230596488e+00
6.514706732635746622e-01 1.918360036254635359e+00 1.070041113487037787e+00
6.523869470656331604e-01 1.920118584831733255e+00 1.070401259395417748e+00
6.533032208676916586e-01 1.921878745459248972e+00 1.070760531378505354e+00
6.542194946697501567e-01 1.923640519614939093e+00 1.071118935849142195e+00
6.551357684718085439e-01 1.925403908777914452e+00 1.071476479210285992e+00
6.560520422738670421e-01 1.927168914428642577e+00 1.071833167855060553e+00
6.569683160759255403e-01 1.928935538048947240e+00 1.072189008166801738e+00
6.578845898779840384e-01 1.930703781122010909e+00 1.072544006519101867e+00
6.588008636800425366e-01 1.932473645132376072e+00 1.072898169275861013e+00
6.597171374821009238e-01 1.934245131565945242e+00 1.073251502791328527e+00
6.606334112841594219e-01 1.936018241909984061e+00 1.073604013410153879e+00
6.615496850862179201e-01 1.937792977653121085e+00 1.073955707467429743e+00
6.624659588882764183e-01 1.939569340285349108e+00 1.074306591288739954e+00
6.633822326903349165e-01 1.941347331298027168e+00 1.074656671190205248e+00
6.642985064923933036e-01 1.943126952183881206e+00 1.075005953478529896e+00
6.652147802944518018e-01 1.944908204437006294e+00 1.075354444451046554e+00
6.661310540965103000e-01 1.946691089552866183e+00 1.075702150395763335e+00
6.670473278985687982e-01 1.948475609028295974e+00 1.076049077591408443e+00
6.679636017006271853e-01 1.950261764361502559e+00 1.076395232307477245e+00
6.688798755026856835e-01 1.952049557052066620e+00 1.076740620804276904e+00
6.697961493047441817e-01 1.953838988600943516e+00 1.077085249332971895e+00
6.707124231068026798e-01 1.955630060510464174e+00 1.077429124135630634e+00
6.716286969088611780e-01 1.957422774284336864e+00 1.077772251445268781e+00
6.725449707109195652e-01 1.959217131427648306e+00 1.078114637485896754e+00
6.734612445129780633e-01 1.961013133446865009e+00 1.078456288472563251e+00
6.743775183150365615e-01 1.962810781849834374e+00 1.078797210611400992e+00
6.752937921170950597e-01 1.964610078145785810e+00 1.079137410099671346e+00
6.762100659191534469e-01 1.966411023845332728e+00 1.079476893125810077e+00
6.771263397212119450e-01 1.968213620460472990e+00 1.079815665869471086e+00
6.780426135232704432e-01 1.970017869504590458e+00 1.080153734501572593e+00
6.789588873253289414e-01 1.971823772492456328e+00 1.080491105184339107e+00
6.798751611273874396e-01 1.973631330940230466e+00 1.080827784071349162e+00
6.807914349294458267e-01 1.975440546365462513e+00 1.081163777307578178e+00
6.817077087315043249e-01 1.977251420287093442e+00 1.081499091029442416e+00
6.826239825335628231e-01 1.979063954225456445e+00 1.081833731364844731e+00
6.835402563356213212e-01 1.980878149702278268e+00 1.082167704433216748e+00
6.844565301376797084e-01 1.982694008240680761e+00 1.082501016345565059e+00
6.853728039397382066e-01 1.984511531365182213e+00 1.082833673204514291e+00
6.862890777417967048e-01 1.986330720601698241e+00 1.083165681104350631e+00
6.872053515438552029e-01 1.988151577477542897e+00 1.083497046131066899e+00
6.881216253459137011e-01 1.989974103521431115e+00 1.083827774362404739e+00
6.890378991479720883e-01 1.991798300263478039e+00 1.084157871867900802e+00
6.899541729500305864e-01 1.993624169235203025e+00 1.084487344708926493e+00
6.908704467520890846e-01 1.995451711969528086e+00 1.084816198938736598e+00
6.917867205541475828e-01 1.997280930000780774e+00 1.085144440602507476e+00
6.927029943562059700e-01 1.999111824864695297e+00 1.085472075737384579e+00
6.936192681582644681e-01 2.000944398098413846e+00 1.085799110372523746e+00
6.945355419603229663e-01 2.002778651240487040e+00 1.086125550529134065e+00
6.954518157623814645e-01 2.004614585830876816e+00 1.086451402220522500e+00
6.963680895644399627e-01 2.006452203410955981e+00 1.086776671452136522e+00
6.972843633664983498e-01 2.008291505523510434e+00 1.087101364221605193e+00
6.982006371685568480e-01 2.010132493712740498e+00 1.087425486518785345e+00
6.991169109706153462e-01 2.011975169524262697e+00 1.087749044325802217e+00
7.000331847726738443e-01 2.013819534505109310e+00 1.088072043617092310e+00
7.009494585747322315e-01 2.015665590203730595e+00 1.088394490359446021e+00
7.018657323767907297e-01 2.017513338169997894e+00 1.088716390512051824e+00
7.027820061788492279e-01 2.019362779955201859e+00 1.089037750026536688e+00
7.036982799809077260e-01 2.021213917112056002e+00 1.089358574847009375e+00
7.046145537829662242e-01 2.023066751194696700e+00 1.089678870910103514e+00
7.055308275850246114e-01 2.024921283758684520e+00 1.089998644145018236e+00
7.064471013870831095e-01 2.026777516361007336e+00 1.090317900473562363e+00
7.073633751891416077e-01 2.028635450560079434e+00 1.090636645810194594e+00
7.082796489912001059e-01 2.030495087915743735e+00 1.090954886062066809e+00
7.091959227932584930e-01 2.032356429989273128e+00 1.091272627129065365e+00
7.101121965953169912e-01 2.034219478343372245e+00 1.091589874903853952e+00
7.110284703973754894e-01 2.036084234542177462e+00 1.091906635271914450e+00
7.119447441994339876e-01 2.037950700151259120e+00 1.092222914111589338e+00
7.128610180014924858e-01 2.039818876737622855e+00 1.092538717294122108e+00
7.137772918035508729e-01 2.041688765869710487e+00 1.092854050683700784e+00
7.146935656056093711e-01 2.043560369117402686e+00 1.093168920137498112e+00
7.156098394076678693e-01 2.045433688052018084e+00 1.093483331505713974e+00
7.165261132097263674e-01 2.047308724246315936e+00 1.093797290631614905e+00
7.174423870117847546e-01 2.049185479274497457e+00 1.094110803351578065e+00
7.183586608138432528e-01 2.051063954712206705e+00 1.094423875495130538e+00
7.192749346159017509e-01 2.052944152136532807e+00 1.094736512884991297e+00
7.201912084179602491e-01 2.054826073126009955e+00 1.095048721337111619e+00
7.211074822200187473e-01 2.056709719260618741e+00 1.095360506660717270e+00
7.220237560220771345e-01 2.058595092121789705e+00 1.095671874658348699e+00
7.229400298241356326e-01 2.060482193292401565e+00 1.095982831125901669e+00
7.238563036261941308e-01 2.062371024356785210e+00 1.096293381852668558e+00
7.247725774282526290e-01 2.064261586900723255e+00 1.096603532621379662e+00
7.256888512303110161e-01 2.066153882511452267e+00 1.096913289208242714e+00
7.266051250323695143e-01 2.068047912777663200e+00 1.097222657382983968e+00
7.275213988344280125e-01 2.069943679289504068e+00 1.097531642908888383e+00
7.284376726364865107e-01 2.071841183638580386e+00 1.097840251542841594e+00
7.293539464385450088e-01 2.073740427417956500e+00 1.098148489035368991e+00
7.302702202406033960e-01 2.075641412222157367e+00 1.098456361130676129e+00
7.311864940426618942e-01 2.077544139647169441e+00 1.098763873566689142e+00
7.321027678447203924e-01 2.079448611290442006e+00 1.099071032075094934e+00
7.330190416467788905e-01 2.081354828750889396e+00 1.099377842381382031e+00
7.339353154488372777e-01 2.083262793628890996e+00 1.099684310204879445e+00
7.348515892508957759e-01 2.085172507526293462e+00 1.099990441258797746e+00
7.357678630529542740e-01 2.087083972046412050e+00 1.100296241250268814e+00
7.366841368550127722e-01 2.088997188794031512e+00 1.100601715880384690e+00
7.376004106570712704e-01 2.090912159375407864e+00 1.100906870844238883e+00
7.385166844591296575e-01 2.092828885398268834e+00 1.101211711830965889e+00
7.394329582611881557e-01 2.094747368471817417e+00 1.101516244523779164e+00
7.403492320632466539e-01 2.096667610206730537e+00 1.101820474600012867e+00
7.412655058653051521e-01 2.098589612215162159e+00 1.102124407731161160e+00
7.421817796673635392e-01 2.100513376110743735e+00 1.102428049582916403e+00
7.430980534694220374e-01 2.102438903508586421e+00 1.102731405815209342e+00
7.440143272714805356e-01 2.104366196025281521e+00 1.103034482082249745e+00
7.449306010735390338e-01 2.106295255278902268e+00 1.103337284032562593e+00
7.458468748755975319e-01 2.108226082889005593e+00 1.103639817309030491e+00
7.467631486776559191e-01 2.110158680476632131e+00 1.103942087548931861e+00
7.476794224797144173e-01 2.112093049664309774e+00 1.104244100383979577e+00
7.485956962817729154e-01 2.114029192076052777e+00 1.104545861440359600e+00
7.495119700838314136e-01 2.115967109337364871e+00 1.104847376338772058e+00
7.504282438858898008e-01 2.117906803075238820e+00 1.105148650694467660e+00
7.513445176879482990e-01 2.119848274918159969e+00 1.105449690117288775e+00
7.522607914900067971e-01 2.121791526496106250e+00 1.105750500211706733e+00
7.531770652920652953e-01 2.123736559440549510e+00 1.106051086576861353e+00
7.540933390941237935e-01 2.125683375384456841e+00 1.106351454806599355e+00
7.550096128961821806e-01 2.127631975962292366e+00 1.106651610489513438e+00
7.559258866982406788e-01 2.129582362810019447e+00 1.106951559208980918e+00
7.568421605002991770e-01 2.131534537565100695e+00 1.107251306543201030e+00
7.577584343023576752e-01 2.133488501866498410e+00 1.107550858065235344e+00
7.586747081044160623e-01 2.135444257354679465e+00 1.107850219343044174e+00
7.595909819064745605e-01 2.137401805671613086e+00 1.108149395939527437e+00
7.605072557085330587e-01 2.139361148460774409e+00 1.108448393412560185e+00
7.614235295105915569e-01 2.141322287367144028e+00 1.108747217315033007e+00
7.623398033126500550e-01 2.143285224037212444e+00 1.109045873194889120e+00
7.632560771147084422e-01 2.145249960118977395e+00 1.109344366595163223e+00
7.641723509167669404e-01 2.147216497261948742e+00 1.109642703054019020e+00
7.650886247188254385e-01 2.149184837117148028e+00 1.109940888104787415e+00
7.660048985208839367e-01 2.151154981337109806e+00 1.110238927276004706e+00
7.669211723229423239e-01 2.153126931575883862e+00 1.110536826091450102e+00
7.678374461250008221e-01 2.155100689489036991e+00 1.110834590070184813e+00
7.687537199270593202e-01 2.157076256733652109e+00 1.111132224726587348e+00
7.696699937291178184e-01 2.159053634968332691e+00 1.111429735570394595e+00
7.705862675311763166e-01 2.161032825853201444e+00 1.111727128106736462e+00
7.715025413332347037e-01 2.163013831049903413e+00 1.112024407836176287e+00
7.724188151352932019e-01 2.164996652221606865e+00 1.112321580254746145e+00
7.733350889373517001e-01 2.166981291033005075e+00 1.112618650853985036e+00
7.742513627394101983e-01 2.168967749150316759e+00 1.112915625120978413e+00
7.751676365414685854e-01 2.170956028241287417e+00 1.113212508538391932e+00
7.760839103435270836e-01 2.172946129975193319e+00 1.113509306584512082e+00
7.770001841455855818e-01 2.174938056022839294e+00 1.113806024733282163e+00
7.779164579476440800e-01 2.176931808056561835e+00 1.114102668454340028e+00
7.788327317497025781e-01 2.178927387750231759e+00 1.114399243213054280e+00
7.797490055517609653e-01 2.180924796779252439e+00 1.114695754470563127e+00
7.806652793538194635e-01 2.182924036820564684e+00 1.114992207683810355e+00
7.815815531558779616e-01 2.184925109552645850e+00 1.115288608305582629e+00
7.824978269579364598e-01 2.186928016655512508e+00 1.115584961784547469e+00
7.834141007599948470e-01 2.188932759810719553e+00 1.115881273565288989e+00
7.843303745620533451e-01 2.190939340701365978e+00 1.116177549088344989e+00
7.852466483641118433e-01 2.192947761012091767e+00 1.116473793790244695e+00
7.861629221661703415e-01 2.194958022429081890e+00 1.116770013103545844e+00
7.870791959682288397e-01 2.196970126640066301e+00 1.117066212456869545e+00
7.879954697702872268e-01 2.198984075334323052e+00 1.117362397274939356e+00
7.889117435723457250e-01 2.200999870202678288e+00 1.117658572978616149e+00
7.898280173744042232e-01 2.203017512937508471e+00 1.117954744984937188e+00
7.907442911764627214e-01 2.205037005232740821e+00 1.118250918707149655e+00
7.916605649785211085e-01 2.207058348783855983e+00 1.118547099554749291e+00
7.925768387805796067e-01 2.209081545287888471e+00 1.118843292933517031e+00
7.934931125826381049e-01 2.211106596443428440e+00 1.119139504245553862e+00
7.944093863846966030e-01 2.213133503950623471e+00 1.119435738889319465e+00
7.953256601867551012e-01 2.215162269511179449e+00 1.119732002259666404e+00
7.962419339888134884e-01 2.217192894828361904e+00 1.120028299747878542e+00
7.971582077908719866e-01 2.219225381606998226e+00 1.120324636741705682e+00
7.980744815929304847e-01 2.221259731553478556e+00 1.120621018625400644e+00
7.989907553949889829e-01 2.223295946375757115e+00 1.120917450779755686e+00
7.999070291970473701e-01 2.225334027783353097e+00 1.121213938582138248e+00
8.008233029991058682e-01 2.227373977487354662e+00 1.121510487406526480e+00
8.017395768011643664e-01 2.229415797200417160e+00 1.121807102623547880e+00
8.026558506032228646e-01 2.231459488636765354e+00 1.122103789600511492e+00
8.035721244052813628e-01 2.233505053512196969e+00 1.122400553701447201e+00
8.044883982073397499e-01 2.235552493544080921e+00 1.122697400287139713e+00
8.054046720093982481e-01 2.237601810451362638e+00 1.122994334715166520e+00
8.063209458114567463e-01 2.239653005954560960e+00 1.123291362339930544e+00
8.072372196135152445e-01 2.241706081775773463e+00 1.123588488512699657e+00
8.081534934155736316e-01 2.243761039638675125e+00 1.123885718581639548e+00
8.090697672176321298e-01 2.245817881268522775e+00 1.124183057891851689e+00
8.099860410196906280e-01 2.247876608392152864e+00 1.124480511785407533e+00
8.109023148217491261e-01 2.249937222737986353e+00 1.124778085601384703e+00
8.118185886238076243e-01 2.251999726036027827e+00 1.125075784675902302e+00
8.127348624258660115e-01 2.254064120017866824e+00 1.125373614342157769e+00
8.136511362279245096e-01 2.256130406416682721e+00 1.125671579930460631e+00
8.145674100299830078e-01 2.258198586967242072e+00 1.125969686768269140e+00
8.154836838320415060e-01 2.260268663405900824e+00 1.126267940180226024e+00
8.163999576340998932e-01 2.262340637470608318e+00 1.126566345488192900e+00
8.173162314361583913e-01 2.264414510900906841e+00 1.126864908011286248e+00
8.182325052382168895e-01 2.266490285437932517e+00 1.127163633065912940e+00
8.191487790402753877e-01 2.268567962824417528e+00 1.127462525965805096e+00
8.200650528423338859e-01 2.270647544804692775e+00 1.127761592022055837e+00
8.209813266443922730e-01 2.272729033124686548e+00 1.128060836543154588e+00
8.218976004464507712e-01 2.274812429531928970e+00 1.128360264835021276e+00
8.228138742485092694e-01 2.276897735775551990e+00 1.128659882201043407e+00
8.237301480505677675e-01 2.278984953606289832e+00 1.128959693942108711e+00
8.246464218526261547e-01 2.281074084776482103e+00 1.129259705356642662e+00
8.255626956546846529e-01 2.283165131040076457e+00 1.129559921740642459e+00
8.264789694567431511e-01 2.285258094152625929e+00 1.129860348387711655e+00
8.273952432588016492e-01 2.287352975871294269e+00 1.130160990589095693e+00
8.283115170608601474e-01 2.289449777954855492e+00 1.130461853633716762e+00
8.292277908629185346e-01 2.291548502163695655e+00 1.130762942808209104e+00
8.301440646649770327e-01 2.293649150259815972e+00 1.131064263396953429e+00
8.310603384670355309e-01 2.295751724006830585e+00 1.131365820682111778e+00
8.319766122690940291e-01 2.297856225169972344e+00 1.131667619943661940e+00
8.328928860711524162e-01 2.299962655516091026e+00 1.131969666459433865e+00
8.338091598732109144e-01 2.302071016813656446e+00 1.132271965505141864e+00
8.347254336752694126e-01 2.304181310832760676e+00 1.132574522354423241e+00
8.356417074773279108e-01 2.306293539345116272e+00 1.132877342278867383e+00
8.365579812793864090e-01 2.308407704124061155e+00 1.133180430548055950e+00
8.374742550814447961e-01 2.310523806944559055e+00 1.133483792429594406e+00
8.383905288835032943e-01 2.312641849583200848e+00 1.133787433189146876e+00
8.393068026855617925e-01 2.314761833818204995e+00 1.134091358090471680e+00
8.402230764876202906e-01 2.316883761429420652e+00 1.134395572395455298e+00
8.411393502896786778e-01 2.319007634198328560e+00 1.134700081364146573e+00
8.420556240917371760e-01 2.321133453908043265e+00 1.135004890254792009e+00
8.429718978937956742e-01 2.323261222343312227e+00 1.135310004323869304e+00
8.438881716958541723e-01 2.325390941290520708e+00 1.135615428826122209e+00
8.448044454979126705e-01 2.327522612537689994e+00 1.135921169014594501e+00
8.457207192999710577e-01 2.329656237874481395e+00 1.136227230140666400e+00
8.466369931020295558e-01 2.331791819092197127e+00 1.136533617454084544e+00
8.475532669040880540e-01 2.333929357983780317e+00 1.136840336203000845e+00
8.484695407061465522e-01 2.336068856343818556e+00 1.137147391634004023e+00
8.493858145082050504e-01 2.338210315968543895e+00 1.137454788992154908e+00
8.503020883102634375e-01 2.340353738655835514e+00 1.137762533521019748e+00
8.512183621123219357e-01 2.342499126205221049e+00 1.138070630462705735e+00
8.521346359143804339e-01 2.344646480417876599e+00 1.138379085057893647e+00
8.530509097164389321e-01 2.346795803096629829e+00 1.138687902545872710e+00
8.539671835184973192e-01 2.348947096045961747e+00 1.138997088164575899e+00
8.548834573205558174e-01 2.351100361072007150e+00 1.139306647150610807e+00
8.557997311226143156e-01 2.353255599982555957e+00 1.139616584739296501e+00
8.567160049246728137e-01 2.355412814587055426e+00 1.139926906164697051e+00
8.576322787267313119e-01 2.357572006696612377e+00 1.140237616659654396e+00
8.585485525287896991e-01 2.359733178123992747e+00 1.140548721455823422e+00
8.594648263308481972e-01 2.361896330683625145e+00 1.140860225783704829e+00
8.603811001329066954e-01 2.364061466191600847e+00 1.141172134872680211e+00
8.612973739349651936e-01 2.366228586465676464e+00 1.141484453951045142e+00
8.622136477370235808e-01 2.368397693325273501e+00 1.141797188246042927e+00
8.631299215390820789e-01 2.370568788591483678e+00 1.142110342983898796e+00
8.640461953411405771e-01 2.372741874087066272e+00 1.142423923389854101e+00
8.649624691431990753e-01 2.374916951636452556e+00 1.142737934688198953e+00
8.658787429452575735e-01 2.377094023065744466e+00 1.143052382102306197e+00
8.667950167473159606e-01 2.379273090202720375e+00 1.143367270854666939e+00
8.677112905493744588e-01 2.381454154876832430e+00 1.143682606166921412e+00
8.686275643514329570e-01 2.383637218919210543e+00 1.143998393259894719e+00
8.695438381534914551e-01 2.385822284162662843e+00 1.144314637353629482e+00
8.704601119555498423e-01 2.388009352441677891e+00 1.144631343667420031e+00
8.713763857576083405e-01 2.390198425592425568e+00 1.144948517419845713e+00
8.722926595596668387e-01 2.392389505452759746e+00 1.145266163828803974e+00
8.732089333617253368e-01 2.394582593862218278e+00 1.145584288111545002e+00
8.741252071637838350e-01 2.396777692662024783e+00 1.145902895484704809e+00
8.750414809658422222e-01 2.398974803695092195e+00 1.146221991164337872e+00
8.759577547679007203e-01 2.401173928806022317e+00 1.146541580365951996e+00
8.768740285699592185e-01 2.403375069841106715e+00 1.146861668304541171e+00
8.777903023720177167e-01 2.405578228648331152e+00 1.147182260194618220e+00
8.787065761740761038e-01 2.407783407077374260e+00 1.147503361250249654e+00
8.796228499761346020e-01 2.409990606979610650e+00 1.147824976685088316e+00
8.805391237781931002e-01 2.412199830208112683e+00 1.148147111712406687e+00
8.814553975802515984e-01 2.414411078617650031e+00 1.148469771545129969e+00
8.823716713823100966e-01 2.416624354064694113e+00 1.148792961395870726e+00
8.832879451843684837e-01 2.418839658407416771e+00 1.149116686476960636e+00
8.842042189864269819e-01 2.421056993505694255e+00 1.149440952000484240e+00
8.851204927884854801e-01 2.423276361221107233e+00 1.149765763178313360e+00
8.860367665905439782e-01 2.425497763416943453e+00 1.150091125222139077e+00
8.869530403926023654e-01 2.427721201958198183e+00 1.150417043343504586e+00
8.878693141946608636e-01 2.429946678711575991e+00 1.150743522753839621e+00
8.887855879967193617e-01 2.432174195545493856e+00 1.151070568664493532e+00
8.897018617987778599e-01 2.434403754330080272e+00 1.151398186286767489e+00
8.906181356008363581e-01 2.436635356937178365e+00 1.151726380831948893e+00
8.915344094028947453e-01 2.438869005240347665e+00 1.152055157511343131e+00
8.924506832049532434e-01 2.441104701114864994e+00 1.152384521536308437e+00
8.933669570070117416e-01 2.443342446437726245e+00 1.152714478118286978e+00
8.942832308090702398e-01 2.445582243087647711e+00 1.153045032468839937e+00
8.951995046111286269e-01 2.447824092945067420e+00 1.153376189799678597e+00
8.961157784131871251e-01 2.450067997892148686e+00 1.153707955322699652e+00
8.970320522152456233e-01 2.452313959812778776e+00 1.154040334250016064e+00
8.979483260173041215e-01 2.454561980592572468e+00 1.154373331793991486e+00
8.988645998193626196e-01 2.456812062118872930e+00 1.154706953167272676e+00
8.997808736214210068e-01 2.459064206280753506e+00 1.155041203582822584e+00
9.006971474234795050e-01 2.461318414969019486e+00 1.155376088253954103e+00
9.016134212255380032e-01 2.463574690076208995e+00 1.155711612394361376e+00
9.025296950275965013e-01 2.465833033496595661e+00 1.156047781218153769e+00
9.034459688296548885e-01 2.468093447126188611e+00 1.156384599939889846e+00
9.043622426317133867e-01 2.470355932862735582e+00 1.156722073774607562e+00
9.052785164337718848e-01 2.472620492605724696e+00 1.157060207937860241e+00
9.061947902358303830e-01 2.474887128256384461e+00 1.157399007645746769e+00
9.071110640378888812e-01 2.477155841717685547e+00 1.157738478114946679e+00
9.080273378399472683e-01 2.479426634894344339e+00 1.158078624562751013e+00
9.089436116420057665e-01 2.481699509692823380e+00 1.158419452207097189e+00
9.098598854440642647e-01 2.483974468021331372e+00 1.158760966266599857e+00
9.107761592461227629e-01 2.486251511789828061e+00 1.159103171960585987e+00
9.116924330481811500e-01 2.488530642910022461e+00 1.159446074509124625e+00
9.126087068502396482e-01 2.490811863295377293e+00 1.159789679133062634e+00
9.135249806522981464e-01 2.493095174861108543e+00 1.160133991054055791e+00
9.144412544543566446e-01 2.495380579524188125e+00 1.160479015494602528e+00
9.153575282564151427e-01 2.497668079203345215e+00 1.160824757678075470e+00
9.162738020584735299e-01 2.499957675819067582e+00 1.161171222828755401e+00
9.171900758605320281e-01 2.502249371293604252e+00 1.161518416171863466e+00
9.181063496625905263e-01 2.504543167550965510e+00 1.161866342933594032e+00
9.190226234646490244e-01 2.506839066516926007e+00 1.162215008341145994e+00
9.199388972667074116e-01 2.509137070119025203e+00 1.162564417622758750e+00
9.208551710687659098e-01 2.511437180286570481e+00 1.162914576007741951e+00
9.217714448708244079e-01 2.513739398950636694e+00 1.163265488726509034e+00
9.226877186728829061e-01 2.516043728044068839e+00 1.163617161010609635e+00
9.236039924749414043e-01 2.518350169501485158e+00 1.163969598092763125e+00
9.245202662769997914e-01 2.520658725259275812e+00 1.164322805206891687e+00
9.254365400790582896e-01 2.522969397255606872e+00 1.164676787588149853e+00
9.263528138811167878e-01 2.525282187430420766e+00 1.165031550472960920e+00
9.272690876831752860e-01 2.527597097725438502e+00 1.165387099099047141e+00
9.281853614852336731e-01 2.529914130084160551e+00 1.165743438705463486e+00
9.291016352872921713e-01 2.532233286451870402e+00 1.166100574532630052e+00
9.300179090893506695e-01 2.534554568775632788e+00 1.166458511822364041e+00
9.309341828914091677e-01 2.536877979004298123e+00 1.166817255817913068e+00
9.318504566934676658e-01 2.539203519088504279e+00 1.167176811763987132e+00
9.327667304955260530e-01 2.541531190980675703e+00 1.167537184906792147e+00
9.336830042975845512e-01 2.543860996635027849e+00 1.167898380494061694e+00
9.345992780996430493e-01 2.546192938007566742e+00 1.168260403775088996e+00
9.355155519017015475e-01 2.548527017056092081e+00 1.168623260000761110e+00
9.364318257037599347e-01 2.550863235740197243e+00 1.168986954423590241e+00
9.373480995058184329e-01 2.553201596021273723e+00 1.169351492297746820e+00
9.382643733078769310e-01 2.555542099862509797e+00 1.169716878879091926e+00
9.391806471099354292e-01 2.557884749228893195e+00 1.170083119425209039e+00
9.400969209119939274e-01 2.560229546087213315e+00 1.170450219195437791e+00
9.410131947140523145e-01 2.562576492406062556e+00 1.170818183450906380e+00
9.419294685161108127e-01 2.564925590155838542e+00 1.171187017454562440e+00
9.428457423181693109e-01 2.567276841308743673e+00 1.171556726471207899e+00
9.437620161202278091e-01 2.569630247838789128e+00 1.171927315767529398e+00
9.446782899222861962e-01 2.571985811721795301e+00 1.172298790612132491e+00
9.455945637243446944e-01 2.574343534935394917e+00 1.172671156275572502e+00
9.465108375264031926e-01 2.576703419459032585e+00 1.173044418030388503e+00
9.474271113284616908e-01 2.579065467273967016e+00 1.173418581151134621e+00
9.483433851305201889e-01 2.581429680363274581e+00 1.173793650914413567e+00
9.492596589325785761e-01 2.583796060711847531e+00 1.174169632598907942e+00
9.501759327346370743e-01 2.586164610306399769e+00 1.174546531485413547e+00
9.510922065366955724e-01 2.588535331135465078e+00 1.174924352856871579e+00
9.520084803387540706e-01 2.590908225189400227e+00 1.175303101998401267e+00
9.529247541408124578e-01 2.593283294460387189e+00 1.175682784197332298e+00
9.538410279428709559e-01 2.595660540942434036e+00 1.176063404743236562e+00
9.547573017449294541e-01 2.598039966631375819e+00 1.176444968927961687e+00
9.556735755469879523e-01 2.600421573524878127e+00 1.176827482045663009e+00
9.565898493490464505e-01 2.602805363622437085e+00 1.177210949392835326e+00
9.575061231511048376e-01 2.605191338925382460e+00 1.177595376268347316e+00
9.584223969531633358e-01 2.607579501436878111e+00 1.177980767973471510e+00
9.593386707552218340e-01 2.609969853161924647e+00 1.178367129811917824e+00
9.602549445572803322e-01 2.612362396107360318e+00 1.178754467089867308e+00
9.611712183593387193e-01 2.614757132281862351e+00 1.179142785116002345e+00
9.620874921613972175e-01 2.617154063695950938e+00 1.179532089201540623e+00
9.630037659634557157e-01 2.619553192361988359e+00 1.179922384660265999e+00
9.639200397655142138e-01 2.621954520294181190e+00 1.180313676808564027e+00
9.648363135675727120e-01 2.624358049508582980e+00 1.180705970965450158e+00
9.657525873696310992e-01 2.626763782023094684e+00 1.181099272452605486e+00
9.666688611716895974e-01 2.629171719857469114e+00 1.181493586594408729e+00
9.675851349737480955e-01 2.631581865033308265e+00 1.181888918717966863e+00
9.685014087758065937e-01 2.633994219574068207e+00 1.182285274153149324e+00
9.694176825778649809e-01 2.636408785505059527e+00 1.182682658232619310e+00
9.703339563799234790e-01 2.638825564853449990e+00 1.183081076291867095e+00
9.712502301819819772e-01 2.641244559648265877e+00 1.183480533669243107e+00
9.721665039840404754e-01 2.643665771920392871e+00 1.183881035705987683e+00
9.730827777860989736e-01 2.646089203702577830e+00 1.184282587746266824e+00
9.739990515881573607e-01 2.648514857029431901e+00 1.184685195137201497e+00
9.749153253902158589e-01 2.650942733937431406e+00 1.185088863228903167e+00
9.758315991922743571e-01 2.653372836464919171e+00 1.185493597374504215e+00
9.767478729943328553e-01 2.655805166652106308e+00 1.185899402930190139e+00
9.776641467963912424e-01 2.658239726541074432e+00 1.186306285255234183e+00
9.785804205984497406e-01 2.660676518175777439e+00 1.186714249712027547e+00
9.794966944005082388e-01 2.663115543602042834e+00 1.187123301666112907e+00
9.804129682025667369e-01 2.665556804867572627e+00 1.187533446486216615e+00
9.813292420046252351e-01 2.668000304021946878e+00 1.187944689544281340e+00
9.822455158066836223e-01 2.670446043116624146e+00 1.188357036215498930e+00
9.831617896087421204e-01 2.672894024204943708e+00 1.188770491878341273e+00
9.840780634108006186e-01 2.675344249342126890e+00 1.189185061914595831e+00
9.849943372128591168e-01 2.677796720585279733e+00 1.189600751709394277e+00
9.859106110149175040e-01 2.680251439993392548e+00 1.190017566651248249e+00
9.868268848169760021e-01 2.682708409627344803e+00 1.190435512132080209e+00
9.877431586190345003e-01 2.685167631549903788e+00 1.190854593547255869e+00
9.886594324210929985e-01 2.687629107825729058e+00 1.191274816295617933e+00
9.895757062231514967e-01 2.690092840521371098e+00 1.191696185779517414e+00
9.904919800252098838e-01 2.692558831705276212e+00 1.192118707404846489e+00
9.914082538272683820e-01 2.695027083447786520e+00 1.192542386581071812e+00
9.923245276293268802e-01 2.697497597821142179e+00 1.192967228721265371e+00
9.932408014313853784e-01 2.699970376899481828e+00 1.193393239242138248e+00
9.941570752334437655e-01 2.702445422758846583e+00 1.193820423564073918e+00
9.950733490355022637e-01 2.704922737477180483e+00 1.194248787111158228e+00
9.959896228375607619e-01 2.707402323134332267e+00 1.194678335311215145e+00
9.969058966396192600e-01 2.709884181812057591e+00 1.195109073595836957e+00
9.978221704416777582e-01 2.712368315594019474e+00 1.195541007400417133e+00
9.987384442437361454e-01 2.714854726565791410e+00 1.195974142164184739e+00
9.996547180457946435e-01 2.717343416814860024e+00 1.196408483330234862e+00
1.000570991847853142e+00 2.719834388430624195e+00 1.196844036345561912e+00
1.001487265649911640e+00 2.722327643504398154e+00 1.197280806661093155e+00
1.002403539451970138e+00 2.724823184129413267e+00 1.197718799731719796e+00
1.003319813254028636e+00 2.727321012400820255e+00 1.198158021016330954e+00
1.004236087056087134e+00 2.729821130415690078e+00 1.198598475977845634e+00
1.005152360858145411e+00 2.732323540273016160e+00 1.199040170083244483e+00
1.006068634660203909e+00 2.734828244073716164e+00 1.199483108803605536e+00
1.006984908462262407e+00 2.737335243920633765e+00 1.199927297614133526e+00
1.007901182264320905e+00 2.739844541918539544e+00 1.200372741994192971e+00
1.008817456066379403e+00 2.742356140174134982e+00 1.200819447427343256e+00
1.009733729868437901e+00 2.744870040796050681e+00 1.201267419401369274e+00
1.010650003670496400e+00 2.747386245894852141e+00 1.201716663408314290e+00
1.011566277472554898e+00 2.749904757583038428e+00 1.202167184944513467e+00
1.012482551274613396e+00 2.752425577975045723e+00 1.202618989510626291e+00
1.013398825076671672e+00 2.754948709187247768e+00 1.203072082611668314e+00
1.014315098878730170e+00 2.757474153337959866e+00 1.203526469757046469e+00
1.015231372680788668e+00 2.760001912547437541e+00 1.203982156460588149e+00
1.016147646482847167e+00 2.762531988937880989e+00 1.204439148240577184e+00
1.017063920284905665e+00 2.765064384633435068e+00 1.204897450619785371e+00
1.017980194086964163e+00 2.767599101760192415e+00 1.205357069125504665e+00
1.018896467889022661e+00 2.770136142446194327e+00 1.205818009289581383e+00
1.019812741691081159e+00 2.772675508821432544e+00 1.206280276648448169e+00
1.020729015493139658e+00 2.775217203017852796e+00 1.206743876743156640e+00
1.021645289295197934e+00 2.777761227169352143e+00 1.207208815119411138e+00
1.022561563097256432e+00 2.780307583411788297e+00 1.207675097327600700e+00
1.023477836899314930e+00 2.782856273882972520e+00 1.208142728922831699e+00
1.024394110701373428e+00 2.785407300722678947e+00 1.208611715464962710e+00
1.025310384503431926e+00 2.787960666072640592e+00 1.209082062518634260e+00
1.026226658305490425e+00 2.790516372076556006e+00 1.209553775653305685e+00
1.027142932107548923e+00 2.793074420880087505e+00 1.210026860443283558e+00
1.028059205909607421e+00 2.795634814630864717e+00 1.210501322467758767e+00
1.028975479711665919e+00 2.798197555478486365e+00 1.210977167310836711e+00
1.029891753513724195e+00 2.800762645574520260e+00 1.211454400561571498e+00
1.030808027315782693e+00 2.803330087072509524e+00 1.211933027813998809e+00
1.031724301117841192e+00 2.805899882127968592e+00 1.212413054667169199e+00
1.032640574919899690e+00 2.808472032898388537e+00 1.212894486725179632e+00
1.033556848721958188e+00 2.811046541543238853e+00 1.213377329597208565e+00
1.034473122524016686e+00 2.813623410223968335e+00 1.213861588897548138e+00
1.035389396326075184e+00 2.816202641104005977e+00 1.214347270245636379e+00
1.036305670128133682e+00 2.818784236348766292e+00 1.214834379266091391e+00
1.037221943930192181e+00 2.821368198125647098e+00 1.215322921588744443e+00
1.038138217732250457e+00 2.823954528604032621e+00 1.215812902848672827e+00
1.039054491534308955e+00 2.826543229955297942e+00 1.216304328686232950e+00
1.039970765336367453e+00 2.829134304352806772e+00 1.216797204747093186e+00
1.040887039138425951e+00 2.831727753971915895e+00 1.217291536682267417e+00
1.041803312940484449e+00 2.834323580989975611e+00 1.217787330148148772e+00
1.042719586742542948e+00 2.836921787586333288e+00 1.218284590806541390e+00
1.043635860544601446e+00 2.839522375942332477e+00 1.218783324324695938e+00
1.044552134346659944e+00 2.842125348241317795e+00 1.219283536375339594e+00
1.045468408148718442e+00 2.844730706668634479e+00 1.219785232636713124e+00
1.046384681950776718e+00 2.847338453411631054e+00 1.220288418792599971e+00
1.047300955752835216e+00 2.849948590659662440e+00 1.220793100532364672e+00
1.048217229554893715e+00 2.852561120604089506e+00 1.221299283550980608e+00
1.049133503356952213e+00 2.855176045438281296e+00 1.221806973549067976e+00
1.050049777159010711e+00 2.857793367357618131e+00 1.222316176232924212e+00
1.050966050961069209e+00 2.860413088559493833e+00 1.222826897314558403e+00
1.051882324763127707e+00 2.863035211243314393e+00 1.223339142511725264e+00
1.052798598565186206e+00 2.865659737610504187e+00 1.223852917547957553e+00
1.053714872367244704e+00 2.868286669864504201e+00 1.224368228152600491e+00
1.054631146169302980e+00 2.870916010210775138e+00 1.224885080060843956e+00
1.055547419971361478e+00 2.873547760856801414e+00 1.225403479013757124e+00
1.056463693773419976e+00 2.876181924012088498e+00 1.225923430758321331e+00
1.057379967575478474e+00 2.878818501888169124e+00 1.226444941047464487e+00
1.058296241377536973e+00 2.881457496698602849e+00 1.226968015640093057e+00
1.059212515179595471e+00 2.884098910658976944e+00 1.227492660301126914e+00
1.060128788981653969e+00 2.886742745986912606e+00 1.228018880801532653e+00
1.061045062783712467e+00 2.889389004902060520e+00 1.228546682918357336e+00
1.061961336585770965e+00 2.892037689626109298e+00 1.229076072434761580e+00
1.062877610387829241e+00 2.894688802382781478e+00 1.229607055140052863e+00
1.063793884189887740e+00 2.897342345397840191e+00 1.230139636829721494e+00
1.064710157991946238e+00 2.899998320899087823e+00 1.230673823305471037e+00
1.065626431794004736e+00 2.902656731116369571e+00 1.231209620375255165e+00
1.066542705596063234e+00 2.905317578281572999e+00 1.231747033853309414e+00
1.067458979398121732e+00 2.907980864628634254e+00 1.232286069560184494e+00
1.068375253200180230e+00 2.910646592393535403e+00 1.232826733322782697e+00
1.069291527002238729e+00 2.913314763814308872e+00 1.233369030974389213e+00
1.070207800804297227e+00 2.915985381131038778e+00 1.233912968354707207e+00
1.071124074606355503e+00 2.918658446585861821e+00 1.234458551309891128e+00
1.072040348408414001e+00 2.921333962422972164e+00 1.235005785692580460e+00
1.072956622210472499e+00 2.924011930888618771e+00 1.235554677361935472e+00
1.073872896012530997e+00 2.926692354231111182e+00 1.236105232183668523e+00
1.074789169814589496e+00 2.929375234700819508e+00 1.236657456030079594e+00
1.075705443616647994e+00 2.932060574550176657e+00 1.237211354780088923e+00
1.076621717418706492e+00 2.934748376033680994e+00 1.237766934319274315e+00
1.077537991220764990e+00 2.937438641407896345e+00 1.238324200539900888e+00
1.078454265022823488e+00 2.940131372931456433e+00 1.238883159340957718e+00
1.079370538824881764e+00 2.942826572865063550e+00 1.239443816628191586e+00
1.080286812626940263e+00 2.945524243471495662e+00 1.240006178314141394e+00
1.081203086428998761e+00 2.948224387015601966e+00 1.240570250318170142e+00
1.082119360231057259e+00 2.950927005764308664e+00 1.241136038566503341e+00
1.083035634033115757e+00 2.953632101986620739e+00 1.241703548992258099e+00
1.083951907835174255e+00 2.956339677953622402e+00 1.242272787535481759e+00
1.084868181637232754e+00 2.959049735938479753e+00 1.242843760143183429e+00
1.085784455439291252e+00 2.961762278216443889e+00 1.243416472769369507e+00
1.086700729241349750e+00 2.964477307064849576e+00 1.243990931375077658e+00
1.087617003043408026e+00 2.967194824763119687e+00 1.244567141928411225e+00
1.088533276845466524e+00 2.969914833592769643e+00 1.245145110404573430e+00
1.089449550647525022e+00 2.972637335837402084e+00 1.245724842785902009e+00
1.090365824449583521e+00 2.975362333782715307e+00 1.246306345061903187e+00
1.091282098251642019e+00 2.978089829716502823e+00 1.246889623229287203e+00
1.092198372053700517e+00 2.980819825928654243e+00 1.247474683292001618e+00
1.093114645855759015e+00 2.983552324711159276e+00 1.248061531261266399e+00
1.094030919657817513e+00 2.986287328358108617e+00 1.248650173155608112e+00
1.094947193459876011e+00 2.989024839165695280e+00 1.249240615000895449e+00
1.095863467261934288e+00 2.991764859432217705e+00 1.249832862830372537e+00
1.096779741063992786e+00 2.994507391458081536e+00 1.250426922684694464e+00
1.097696014866051284e+00 2.997252437545800952e+00 1.251022800611961250e+00
1.098612288668109782e+00 3.000000000000000444e+00 1.251620502667753598e+00
