# tau=beta*t, lambda=exp[(gamma_dot/beta)*tau], sigma_norm=sigma/mu
# tau lambda sigma_over_mu
0.000000000000000000e+00 1.000000000000000000e+00 0.000000000000000000e+00
1.145342252573091843e-02 1.000916693709138716e+00 2.486941214457540766e-02
2.290684505146183686e-02 1.001834227745634021e+00 4.938629641679986859e-02
3.436026757719275182e-02 1.002752602879808386e+00 7.355535898503774705e-02
4.581369010292367372e-02 1.003671819882690830e+00 9.738124329735790841e-02
5.726711262865459562e-02 1.004591879526017140e+00 1.208685309193002766e-01
6.872053515438550364e-02 1.005512782582230535e+00 1.440217423604313596e-01
8.017395768011642554e-02 1.006434529824482338e+00 1.668453378898300532e-01
9.162738020584734744e-02 1.007357122026632634e+00 1.893437183406540270e-01
1.030808027315782693e-01 1.008280559963250500e+00 2.115212259039182807e-01
1.145342252573091912e-01 1.009204844409615776e+00 2.333821449116827151e-01
1.259876477830401131e-01 1.010129976141718400e+00 2.549307026096928608e-01
1.374410703087710073e-01 1.011055955936260187e+00 2.761710699197333363e-01
1.488944928345019292e-01 1.011982784570654159e+00 2.971073621917169616e-01
1.603479153602328511e-01 1.012910462823026991e+00 3.177436399457733152e-01
1.718013378859637730e-01 1.013838991472217677e+00 3.380839096043196657e-01
1.832547604116946949e-01 1.014768371297779748e+00 3.581321242144064887e-01
1.947081829374256168e-01 1.015698603079981499e+00 3.778921841603515852e-01
2.061616054631565387e-01 1.016629687599805987e+00 3.973679378668266149e-01
2.176150279888874606e-01 1.017561625638952583e+00 4.165631824925680182e-01
2.290684505146183825e-01 1.018494417979836753e+00 4.354816646147623982e-01
2.405218730403492766e-01 1.019428065405591832e+00 4.541270809043119749e-01
2.519752955660802263e-01 1.020362568700068806e+00 4.725030787920238007e-01
2.634287180918111204e-01 1.021297928647836750e+00 4.906132571258924879e-01
2.748821406175420146e-01 1.022234146034184832e+00 5.084611668196192813e-01
2.863355631432729642e-01 1.023171221645121198e+00 5.260503114923897883e-01
2.977889856690038584e-01 1.024109156267375198e+00 5.433841481001543405e-01
3.092424081947348080e-01 1.025047950688396936e+00 5.604660875584094315e-01
3.206958307204657022e-01 1.025987605696358607e+00 5.772994953566787935e-01
3.321492532461966518e-01 1.026928122080154715e+00 5.938876921647516793e-01
3.436026757719275460e-01 1.027869500629403410e+00 6.102339544308292840e-01
3.550560982976584956e-01 1.028811742134446039e+00 6.263415149716351493e-01
3.665095208233893898e-01 1.029754847386348704e+00 6.422135635546677435e-01
3.779629433491202839e-01 1.030698817176902926e+00 6.578532474726450641e-01
3.894163658748512336e-01 1.031643652298625868e+00 6.732636721102572830e-01
4.008697884005821277e-01 1.032589353544761002e+00 6.884479015033455607e-01
4.123232109263130774e-01 1.033535921709279215e+00 7.034089588906075052e-01
4.237766334520439715e-01 1.034483357586879038e+00 7.181498272579065478e-01
4.352300559777749211e-01 1.035431661972987749e+00 7.326734498753163516e-01
4.466834785035058153e-01 1.036380835663761601e+00 7.469827308269672006e-01
4.581369010292367649e-01 1.037330879456086485e+00 7.610805355338124967e-01
4.695903235549676591e-01 1.038281794147579262e+00 7.749696912694123974e-01
4.810437460806985532e-01 1.039233580536587764e+00 7.886529876688006535e-01
4.924971686064295029e-01 1.040186239422191461e+00 8.021331772305543284e-01
5.039505911321604525e-01 1.041139771604202569e+00 8.154129758121571037e-01
5.154040136578913467e-01 1.042094177883166273e+00 8.284950631187241177e-01
5.268574361836222408e-01 1.043049459060362061e+00 8.413820831852073523e-01
5.383108587093531350e-01 1.044005615937803277e+00 8.540766448521295295e-01
5.497642812350840291e-01 1.044962649318238901e+00 8.665813222349841860e-01
5.612177037608150343e-01 1.045920560005153988e+00 8.788986551873460007e-01
5.726711262865459284e-01 1.046879348802769671e+00 8.910311497577794171e-01
5.841245488122768226e-01 1.047839016516044497e+00 9.029812786406569147e-01
5.955779713380077167e-01 1.048799563950675084e+00 9.147514816209423305e-01
6.070313938637387219e-01 1.049760991913096131e+00 9.263441660130202759e-01
6.184848163894696160e-01 1.050723301210482186e+00 9.377617070936785648e-01
6.299382389152005102e-01 1.051686492650747429e+00 9.490064485292790675e-01
6.413916614409314043e-01 1.052650567042546559e+00 9.600807027972354524e-01
6.528450839666622985e-01 1.053615525195275904e+00 9.709867516018528821e-01
6.642985064923933036e-01 1.054581367919073198e+00 9.817268462846006072e-01
6.757519290181241978e-01 1.055548096024819804e+00 9.923032082289240385e-01
6.872053515438550919e-01 1.056515710324139157e+00 1.002718029259607846e+00
6.986587740695859861e-01 1.057484211629399651e+00 1.012973472036847067e+00
7.101121965953169912e-01 1.058453600753713753e+00 1.023071670445013348e+00
7.215656191210478854e-01 1.059423878510939998e+00 1.033014729976255541e+00
7.330190416467787795e-01 1.060395045715682549e+00 1.042804728108948531e+00
7.444724641725096737e-01 1.061367103183292082e+00 1.052443714681098097e+00
7.559258866982405678e-01 1.062340051729866897e+00 1.061933712258761098e+00
7.673793092239715730e-01 1.063313892172254027e+00 1.071276716499538262e+00
7.788327317497024671e-01 1.064288625328048132e+00 1.080474696511193322e+00
7.902861542754333612e-01 1.065264252015594382e+00 1.089529595205515511e+00
8.017395768011642554e-01 1.066240773053987567e+00 1.098443329647420752e+00
8.131929993268952606e-01 1.067218189263073436e+00 1.107217791399409235e+00
8.246464218526261547e-01 1.068196501463449355e+00 1.115854846861412675e+00
8.360998443783570488e-01 1.069175710476464980e+00 1.124356337606106537e+00
8.475532669040879430e-01 1.070155817124222697e+00 1.132724080709735848e+00
8.590066894298188371e-01 1.071136822229578733e+00 1.140959869078531641e+00
8.704601119555498423e-01 1.072118726616143602e+00 1.149065471770758906e+00
8.819135344812807364e-01 1.073101531108282547e+00 1.157042634314464413e+00
8.933669570070116306e-01 1.074085236531116649e+00 1.164893079020984379e+00
9.048203795327425247e-01 1.075069843710523720e+00 1.172618505294267255e+00
9.162738020584735299e-01 1.076055353473137854e+00 1.180220589936048947e+00
9.277272245842044240e-01 1.077041766646351872e+00 1.187700987446979939e+00
9.391806471099353182e-01 1.078029084058316212e+00 1.195061330323699433e+00
9.506340696356662123e-01 1.079017306537941145e+00 1.202303229351972425e+00
9.620874921613971065e-01 1.080006434914896563e+00 1.209428273895888584e+00
9.735409146871281116e-01 1.080996470019612410e+00 1.216438032183210005e+00
9.849943372128590058e-01 1.081987412683280692e+00 1.223334051586915550e+00
9.964477597385898999e-01 1.082979263737854803e+00 1.230117858902969097e+00
1.007901182264320905e+00 1.083972024016051083e+00 1.236790960624393421e+00
1.019354604790051688e+00 1.084965694351349041e+00 1.243354843211678773e+00
1.030808027315782693e+00 1.085960275577992240e+00 1.249810973359580357e+00
1.042261449841513476e+00 1.086955768530989186e+00 1.256160798260361089e+00
1.053714872367244482e+00 1.087952174046113774e+00 1.262405745863509399e+00
1.065168294892975487e+00 1.088949492959905729e+00 1.268547225131996026e+00
1.076621717418706270e+00 1.089947726109671944e+00 1.274586626295114655e+00
1.088075139944437275e+00 1.090946874333486916e+00 1.280525321097937486e+00
1.099528562470168058e+00 1.091946938470192974e+00 1.286364663047446566e+00
1.110981984995899063e+00 1.092947919359401832e+00 1.292105987655382648e+00
1.122435407521630069e+00 1.093949817841495031e+00 1.297750612677848414e+00
1.133888830047360852e+00 1.094952634757623944e+00 1.303299838351712481e+00
1.145342252573091857e+00 1.095956370949711101e+00 1.308754947627862153e+00
1.156795675098822862e+00 1.096961027260451305e+00 1.314117206401344440e+00
1.168249097624553645e+00 1.097966604533311408e+00 1.319387863738431088e+00
1.179702520150284650e+00 1.098973103612531643e+00 1.324568152100655150e+00
1.191155942676015433e+00 1.099980525343126070e+00 1.329659287565860382e+00
1.202609365201746439e+00 1.100988870570883238e+00 1.334662470046298122e+00
1.214062787727477444e+00 1.101998140142367300e+00 1.339578883503817153e+00
1.225516210253208227e+00 1.103008334904918453e+00 1.344409696162178314e+00
1.236969632778939232e+00 1.104019455706653607e+00 1.349156060716540484e+00
1.248423055304670015e+00 1.105031503396466608e+00 1.353819114540144808e+00
1.259876477830401020e+00 1.106044478824030453e+00 1.358399979888254450e+00
1.271329900356132026e+00 1.107058382839796185e+00 1.362899764099357869e+00
1.282783322881862809e+00 1.108073216294994667e+00 1.367319559793698680e+00
1.294236745407593814e+00 1.109088980041637473e+00 1.371660445069156298e+00
1.305690167933324597e+00 1.110105674932516884e+00 1.375923483694506011e+00
1.317143590459055602e+00 1.111123301821206777e+00 1.380109725300110446e+00
1.328597012984786607e+00 1.112141861562063738e+00 1.384220205566061956e+00
1.340050435510517390e+00 1.113161355010227727e+00 1.388255946407819019e+00
1.351503858036248396e+00 1.114181783021622074e+00 1.392217956159359948e+00
1.362957280561979401e+00 1.115203146452955041e+00 1.396107229753904555e+00
1.374410703087710184e+00 1.116225446161720258e+00 1.399924748902214855e+00
1.385864125613441189e+00 1.117248683006197396e+00 1.403671482268525672e+00
1.397317548139171972e+00 1.118272857845452606e+00 1.407348385644124011e+00
1.408770970664902977e+00 1.119297971539340297e+00 1.410956402118618058e+00
1.420224393190633982e+00 1.120324024948502251e+00 1.414496462248917119e+00
1.431677815716364766e+00 1.121351018934369614e+00 1.417969484225962029e+00
1.443131238242095771e+00 1.122378954359163128e+00 1.421376374039233337e+00
1.454584660767826554e+00 1.123407832085894009e+00 1.424718025639061025e+00
1.466038083293557559e+00 1.124437652978364399e+00 1.427995321096776404e+00
1.477491505819288564e+00 1.125468417901168472e+00 1.431209130762721715e+00
1.488944928345019347e+00 1.126500127719692879e+00 1.434360313422161637e+00
1.500398350870750352e+00 1.127532783300117414e+00 1.437449716449106907e+00
1.511851773396481136e+00 1.128566385509416570e+00 1.440478175958096241e+00
1.523305195922212141e+00 1.129600935215358426e+00 1.443446516953945213e+00
1.534758618447943146e+00 1.130636433286507758e+00 1.446355553479510059e+00
1.546212040973673929e+00 1.131672880592224706e+00 1.449206088761470834e+00
1.557665463499404934e+00 1.132710278002666549e+00 1.451998915354179909e+00
1.569118886025135717e+00 1.133748626388788372e+00 1.454734815281586879e+00
1.580572308550866722e+00 1.134787926622343734e+00 1.457414560177277663e+00
1.592025731076597728e+00 1.135828179575885111e+00 1.460038911422641084e+00
1.603479153602328511e+00 1.136869386122764780e+00 1.462608620283197158e+00
1.614932576128059516e+00 1.137911547137136159e+00 1.465124428043110827e+00
1.626385998653790521e+00 1.138954663493953134e+00 1.467587066137905794e+00
1.637839421179521304e+00 1.139998736068972285e+00 1.469997256285419329e+00
1.649292843705252309e+00 1.141043765738752880e+00 1.472355710615004032e+00
1.660746266230983093e+00 1.142089753380657768e+00 1.474663131795011850e+00
1.672199688756714098e+00 1.143136699872853601e+00 1.476920213158575912e+00
1.683653111282445103e+00 1.144184606094312828e+00 1.479127638827723690e+00
1.695106533808175886e+00 1.145233472924812812e+00 1.481286083835826828e+00
1.706559956333906891e+00 1.146283301244938269e+00 1.483396214248426936e+00
1.718013378859637674e+00 1.147334091936080380e+00 1.485458687282447343e+00
1.729466801385368679e+00 1.148385845880438572e+00 1.487474151423818558e+00
1.740920223911099685e+00 1.149438563961021398e+00 1.489443246543536770e+00
1.752373646436830468e+00 1.150492247061645879e+00 1.491366604012173802e+00
1.763827068962561473e+00 1.151546896066940162e+00 1.493244846812866067e+00
1.775280491488292256e+00 1.152602511862343082e+00 1.495078589652793832e+00
1.786733914014023261e+00 1.153659095334104823e+00 1.496868439073176571e+00
1.798187336539754266e+00 1.154716647369288474e+00 1.498614993557805919e+00
1.809640759065485049e+00 1.155775168855769808e+00 1.500318843640129796e+00
1.821094181591216055e+00 1.156834660682238614e+00 1.501980572008911663e+00
1.832547604116947060e+00 1.157895123738199805e+00 1.503600753612482688e+00
1.844001026642677843e+00 1.158956558913972978e+00 1.505179955761603239e+00
1.855454449168408848e+00 1.160018967100694631e+00 1.506718738230958143e+00
1.866907871694139631e+00 1.161082349190317498e+00 1.508217653359297028e+00
1.878361294219870636e+00 1.162146706075612546e+00 1.509677246148243057e+00
1.889814716745601642e+00 1.163212038650168312e+00 1.511098054359784060e+00
1.901268139271332425e+00 1.164278347808393566e+00 1.512480608612467137e+00
1.912721561797063430e+00 1.165345634445515977e+00 1.513825432476311850e+00
1.924174984322794213e+00 1.166413899457584558e+00 1.515133042566458865e+00
1.935628406848525218e+00 1.167483143741469442e+00 1.516403948635571819e+00
1.947081829374256223e+00 1.168553368194862774e+00 1.517638653665008830e+00
1.958535251899987006e+00 1.169624573716280036e+00 1.518837653954782763e+00
1.969988674425718012e+00 1.170696761205059833e+00 1.520001439212318672e+00
1.981442096951448795e+00 1.171769931561365663e+00 1.521130492640033971e+00
1.992895519477179800e+00 1.172844085686185922e+00 1.522225291021749749e+00
2.004348942002910583e+00 1.173919224481335011e+00 1.523286304807955682e+00
2.015802364528641810e+00 1.174995348849454224e+00 1.524313998199932962e+00
2.027255787054372593e+00 1.176072459694011973e+00 1.525308829232765451e+00
2.038709209580103376e+00 1.177150557919304674e+00 1.526271249857239720e+00
2.050162632105834604e+00 1.178229644430458745e+00 1.527201706020659078e+00
2.061616054631565387e+00 1.179309720133428829e+00 1.528100637746577561e+00
2.073069477157296170e+00 1.180390785935001352e+00 1.528968479213477449e+00
2.084522899683026953e+00 1.181472842742793405e+00 1.529805658832396276e+00
2.095976322208758180e+00 1.182555891465254083e+00 1.530612599323521561e+00
2.107429744734488963e+00 1.183639933011665368e+00 1.531389717791766358e+00
2.118883167260219746e+00 1.184724968292142577e+00 1.532137425801340047e+00
2.130336589785950974e+00 1.185810998217635692e+00 1.532856129449324145e+00
2.141790012311681757e+00 1.186898023699929361e+00 1.533546229438270458e+00
2.153243434837412540e+00 1.187986045651644451e+00 1.534208121147834669e+00
2.164696857363143767e+00 1.189075064986238051e+00 1.534842194705453355e+00
2.176150279888874550e+00 1.190165082618004577e+00 1.535448835056085315e+00
2.187603702414605333e+00 1.191256099462077334e+00 1.536028422031017415e+00
2.199057124940336116e+00 1.192348116434427396e+00 1.536581330415763391e+00
2.210510547466067344e+00 1.193441134451866281e+00 1.537107930017056034e+00
2.221963969991798127e+00 1.194535154432045720e+00 1.537608585728942989e+00
2.233417392517528910e+00 1.195630177293458773e+00 1.538083657598011467e+00
2.244870815043260137e+00 1.196726203955440271e+00 1.538533500887740324e+00
2.256324237568990920e+00 1.197823235338167702e+00 1.538958466141995718e+00
2.267777660094721703e+00 1.198921272362662549e+00 1.539358899247687429e+00
2.279231082620452931e+00 1.200020315950790062e+00 1.539735141496582749e+00
2.290684505146183714e+00 1.201120367025260816e+00 1.540087529646306130e+00
2.302137927671914497e+00 1.202221426509631375e+00 1.540416395980523268e+00
2.313591350197645724e+00 1.203323495328304737e+00 1.540722068368327813e+00
2.325044772723376507e+00 1.204426574406531003e+00 1.541004870322832287e+00
2.336498195249107290e+00 1.205530664670409147e+00 1.541265121058986498e+00
2.347951617774838073e+00 1.206635767046886354e+00 1.541503135550624348e+00
2.359405040300569301e+00 1.207741882463760241e+00 1.541719224586749259e+00
2.370858462826300084e+00 1.208849011849678190e+00 1.541913694827075521e+00
2.382311885352030867e+00 1.209957156134139344e+00 1.542086848856826897e+00
2.393765307877762094e+00 1.211066316247495056e+00 1.542238985240811155e+00
2.405218730403492877e+00 1.212176493120949106e+00 1.542370398576770274e+00
2.416672152929223660e+00 1.213287687686559035e+00 1.542481379548024778e+00
2.428125575454954888e+00 1.214399900877236815e+00 1.542572214975418188e+00
2.439578997980685671e+00 1.215513133626749731e+00 1.542643187868566468e+00
2.451032420506416454e+00 1.216627386869721050e+00 1.542694577476432904e+00
2.462485843032147681e+00 1.217742661541630467e+00 1.542726659337224415e+00
2.473939265557878464e+00 1.218858958578815654e+00 1.542739705327627275e+00
2.485392688083609247e+00 1.219976278918472268e+00 1.542733983711388923e+00
2.496846110609340030e+00 1.221094623498655496e+00 1.542709759187250729e+00
2.508299533135071258e+00 1.222213993258279841e+00 1.542667292936248602e+00
2.519752955660802041e+00 1.223334389137121114e+00 1.542606842668378331e+00
2.531206378186532824e+00 1.224455812075816219e+00 1.542528662668646522e+00
2.542659800712264051e+00 1.225578263015864700e+00 1.542433003842505590e+00
2.554113223237994834e+00 1.226701742899628522e+00 1.542320113760686562e+00
2.565566645763725617e+00 1.227826252670334073e+00 1.542190236703436135e+00
2.577020068289456844e+00 1.228951793272072601e+00 1.542043613704162652e+00
2.588473490815187628e+00 1.230078365649799998e+00 1.541880482592507651e+00
2.599926913340918411e+00 1.231205970749338796e+00 1.541701078036839423e+00
2.611380335866649194e+00 1.232334609517378832e+00 1.541505631586183922e+00
2.622833758392380421e+00 1.233464282901477471e+00 1.541294371711600553e+00
2.634287180918111204e+00 1.234594991850060719e+00 1.541067523847001963e+00
2.645740603443841987e+00 1.235726737312423884e+00 1.540825310429441153e+00
2.657194025969573214e+00 1.236859520238732912e+00 1.540567950938853681e+00
2.668647448495303998e+00 1.237993341580024165e+00 1.540295661937274296e+00
2.680100871021034781e+00 1.239128202288206193e+00 1.540008657107537315e+00
2.691554293546766008e+00 1.240264103316060407e+00 1.539707147291457190e+00
2.703007716072496791e+00 1.241401045617240850e+00 1.539391340527503704e+00
2.714461138598227574e+00 1.242539030146276424e+00 1.539061442087977349e+00
2.725914561123958801e+00 1.243678057858570885e+00 1.538717654515687761e+00
2.737367983649689585e+00 1.244818129710403953e+00 1.538360177660150319e+00
2.748821406175420368e+00 1.245959246658931319e+00 1.537989208713296474e+00
2.760274828701151151e+00 1.247101409662186855e+00 1.537604942244711559e+00
2.771728251226882378e+00 1.248244619679082401e+00 1.537207570236405640e+00
2.783181673752613161e+00 1.249388877669408648e+00 1.536797282117120966e+00
2.794635096278343944e+00 1.250534184593836029e+00 1.536374264796184219e+00
2.806088518804075171e+00 1.251680541413916270e+00 1.535938702696908909e+00
2.817541941329805955e+00 1.252827949092081949e+00 1.535490777789554118e+00
2.828995363855536738e+00 1.253976408591647829e+00 1.535030669623845156e+00
2.840448786381267965e+00 1.255125920876812184e+00 1.534558555361063892e+00
2.851902208906998748e+00 1.256276486912657031e+00 1.534074609805710310e+00
2.863355631432729531e+00 1.257428107665148787e+00 1.533579005436744191e+00
2.874809053958460314e+00 1.258580784101139827e+00 1.533071912438414008e+00
2.886262476484191541e+00 1.259734517188368264e+00 1.532553498730675479e+00
2.897715899009922325e+00 1.260889307895459943e+00 1.532023929999201339e+00
2.909169321535653108e+00 1.262045157191928002e+00 1.531483369725001209e+00
2.920622744061384335e+00 1.263202066048175087e+00 1.530931979213641769e+00
2.932076166587115118e+00 1.264360035435492469e+00 1.530369917624080367e+00
2.943529589112845901e+00 1.265519066326062703e+00 1.529797341997116922e+00
2.954983011638577128e+00 1.266679159692958967e+00 1.529214407283465915e+00
2.966436434164307911e+00 1.267840316510146836e+00 1.528621266371460230e+00
2.977889856690038695e+00 1.269002537752484283e+00 1.528018070114378180e+00
2.989343279215769922e+00 1.270165824395723009e+00 1.527404967357420373e+00
3.000796701741500705e+00 1.271330177416509777e+00 1.526782104964313547e+00
3.012250124267231488e+00 1.272495597792385746e+00 1.526149627843576662e+00
3.023703546792962271e+00 1.273662086501788915e+00 1.525507678974425074e+00
3.035156969318693498e+00 1.274829644524053673e+00 1.524856399432339416e+00
3.046610391844424282e+00 1.275998272839412584e+00 1.524195928414290524e+00
3.058063814370155065e+00 1.277167972428996379e+00 1.523526403263631757e+00
3.069517236895886292e+00 1.278338744274835737e+00 1.522847959494659342e+00
3.080970659421617075e+00 1.279510589359860839e+00 1.522160730816848329e+00
3.092424081947347858e+00 1.280683508667903370e+00 1.521464849158765231e+00
3.103877504473079085e+00 1.281857503183697178e+00 1.520760444691664492e+00
3.115330926998809868e+00 1.283032573892878059e+00 1.520047645852770968e+00
3.126784349524540652e+00 1.284208721781985751e+00 1.519326579368253327e+00
3.138237772050271435e+00 1.285385947838464382e+00 1.518597370275894143e+00
3.149691194576002662e+00 1.286564253050663353e+00 1.517860141947455332e+00
3.161144617101733445e+00 1.287743638407837787e+00 1.517115016110752279e+00
3.172598039627464228e+00 1.288924104900149858e+00 1.516362112871430412e+00
3.184051462153195455e+00 1.290105653518669238e+00 1.515601550734453573e+00
3.195504884678926238e+00 1.291288285255373980e+00 1.514833446625309943e+00
3.206958307204657022e+00 1.292472001103152301e+00 1.514057915910932861e+00
3.218411729730388249e+00 1.293656802055801691e+00 1.513275072420347200e+00
3.229865152256119032e+00 1.294842689108030909e+00 1.512485028465039516e+00
3.241318574781849815e+00 1.296029663255460429e+00 1.511687894859059522e+00
3.252771997307581042e+00 1.297217725494623997e+00 1.510883780938853560e+00
3.264225419833311825e+00 1.298406876822968181e+00 1.510072794582834943e+00
3.275678842359042608e+00 1.299597118238854376e+00 1.509255042230696287e+00
3.287132264884773392e+00 1.300788450741559021e+00 1.508430628902463377e+00
3.298585687410504619e+00 1.301980875331274046e+00 1.507599658217300354e+00
3.310039109936235402e+00 1.303174393009109311e+00 1.506762232412056424e+00
3.321492532461966185e+00 1.304369004777091501e+00 1.505918452359579218e+00
3.332945954987697412e+00 1.305564711638166342e+00 1.505068417586773455e+00
3.344399377513428195e+00 1.306761514596198603e+00 1.504212226292429344e+00
3.355852800039158979e+00 1.307959414655973651e+00 1.503349975364805857e+00
3.367306222564890206e+00 1.309158412823197892e+00 1.502481760398989286e+00
3.378759645090620989e+00 1.310358510104498997e+00 1.501607675714014656e+00
3.390213067616351772e+00 1.311559707507428119e+00 1.500727814369764435e+00
3.401666490142082555e+00 1.312762006040460117e+00 1.499842268183639638e+00
3.413119912667813782e+00 1.313965406712994000e+00 1.498951127747014223e+00
3.424573335193544565e+00 1.315169910535353592e+00 1.498054482441466773e+00
3.436026757719275349e+00 1.316375518518789978e+00 1.497152420454799904e+00
3.447480180245006576e+00 1.317582231675480609e+00 1.496245028796845844e+00
3.458933602770737359e+00 1.318790051018530640e+00 1.495332393315062847e+00
3.470387025296468142e+00 1.319998977561974041e+00 1.494414598709923547e+00
3.481840447822199369e+00 1.321209012320774923e+00 1.493491728550102815e+00
3.493293870347930152e+00 1.322420156310826655e+00 1.492563865287460212e+00
3.504747292873660935e+00 1.323632410548955196e+00 1.491631090271824167e+00
3.516200715399392163e+00 1.324845776052917756e+00 1.490693483765584970e+00
3.527654137925122946e+00 1.326060253841404579e+00 1.489751124958086370e+00
3.539107560450853729e+00 1.327275844934040050e+00 1.488804091979833544e+00
3.550560982976584512e+00 1.328492550351382917e+00 1.487852461916508773e+00
3.562014405502315739e+00 1.329710371114927847e+00 1.486896310822802381e+00
3.573467828028046522e+00 1.330929308247105425e+00 1.485935713736059371e+00
3.584921250553777305e+00 1.332149362771283929e+00 1.484970744689748212e+00
3.596374673079508533e+00 1.333370535711769778e+00 1.484001476726746871e+00
3.607828095605239316e+00 1.334592828093807748e+00 1.483027981912454329e+00
3.619281518130970099e+00 1.335816240943582978e+00 1.482050331347730676e+00
3.630734940656701326e+00 1.337040775288221406e+00 1.481068595181662229e+00
3.642188363182432109e+00 1.338266432155790220e+00 1.480082842624159012e+00
3.653641785708162892e+00 1.339493212575299186e+00 1.479093141958385926e+00
3.665095208233894120e+00 1.340721117576701094e+00 1.478099560553026715e+00
3.676548630759624903e+00 1.341950148190893088e+00 1.477102164874388945e+00
3.688002053285355686e+00 1.343180305449717560e+00 1.476101020498345573e+00
3.699455475811086469e+00 1.344411590385962363e+00 1.475096192122119287e+00
3.710908898336817696e+00 1.345644004033362595e+00 1.474087743575910547e+00
3.722362320862548479e+00 1.346877547426600374e+00 1.473075737834371957e+00
3.733815743388279262e+00 1.348112221601306615e+00 1.472060237027930762e+00
3.745269165914010490e+00 1.349348027594061694e+00 1.471041302453960364e+00
3.756722588439741273e+00 1.350584966442395896e+00 1.470018994587803274e+00
3.768176010965472056e+00 1.351823039184791186e+00 1.468993373093650412e+00
3.779629433491203283e+00 1.353062246860680773e+00 1.467964496835274746e+00
3.791082856016934066e+00 1.354302590510451099e+00 1.466932423886621484e+00
3.802536278542664849e+00 1.355544071175442511e+00 1.465897211542261047e+00
3.813989701068395632e+00 1.356786689897949483e+00 1.464858916327699490e+00
3.825443123594126860e+00 1.358030447721222167e+00 1.463817594009556800e+00
3.836896546119857643e+00 1.359275345689467063e+00 1.462773299605607091e+00
3.848349968645588426e+00 1.360521384847848125e+00 1.461726087394686013e+00
3.859803391171319653e+00 1.361768566242486989e+00 1.460676010926469370e+00
3.871256813697050436e+00 1.363016890920464297e+00 1.459623123031120517e+00
3.882710236222781219e+00 1.364266359929821038e+00 1.458567475828806526e+00
3.894163658748512447e+00 1.365516974319558541e+00 1.457509120739096664e+00
3.905617081274243230e+00 1.366768735139639368e+00 1.456448108490228766e+00
3.917070503799974013e+00 1.368021643440989532e+00 1.455384489128255021e+00
3.928523926325705240e+00 1.369275700275497609e+00 1.454318312026068760e+00
3.939977348851436023e+00 1.370530906696016737e+00 1.453249625892309771e+00
3.951430771377166806e+00 1.371787263756365283e+00 1.452178478780149717e+00
3.962884193902897589e+00 1.373044772511327505e+00 1.451104918095967866e+00
3.974337616428628817e+00 1.374303434016654668e+00 1.450028990607901358e+00
3.985791038954359600e+00 1.375563249329065485e+00 1.448950742454296670e+00
3.997244461480090383e+00 1.376824219506247893e+00 1.447870219152031179e+00
4.008697884005821166e+00 1.378086345606859275e+00 1.446787465604741474e+00
4.020151306531552393e+00 1.379349628690527130e+00 1.445702526110934194e+00
4.031604729057283620e+00 1.380614069817850842e+00 1.444615444371985857e+00
4.043058151583013959e+00 1.381879670050401243e+00 1.443526263500049645e+00
4.054511574108745187e+00 1.383146430450723274e+00 1.442435026025841172e+00
4.065964996634476414e+00 1.384414352082335320e+00 1.441341773906336554e+00
4.077418419160206753e+00 1.385683436009730540e+00 1.440246548532355453e+00
4.088871841685937980e+00 1.386953683298378648e+00 1.439149390736054412e+00
4.100325264211669207e+00 1.388225095014725019e+00 1.438050340798313176e+00
4.111778686737399546e+00 1.389497672226193581e+00 1.436949438456027961e+00
4.123232109263130774e+00 1.390771416001186367e+00 1.435846722909305706e+00
4.134685531788861113e+00 1.392046327409084849e+00 1.434742232828563280e+00
4.146138954314592340e+00 1.393322407520250383e+00 1.433636006361537207e+00
4.157592376840323567e+00 1.394599657406026427e+00 1.432528081140190590e+00
4.169045799366053906e+00 1.395878078138737655e+00 1.431418494287538312e+00
4.180499221891785133e+00 1.397157670791692174e+00 1.430307282424379656e+00
4.191952644417516360e+00 1.398438436439181976e+00 1.429194481675936990e+00
4.203406066943246699e+00 1.399720376156483592e+00 1.428080127678412303e+00
4.214859489468977927e+00 1.401003491019859659e+00 1.426964255585453145e+00
4.226312911994709154e+00 1.402287782106559133e+00 1.425846900074537071e+00
4.237766334520439493e+00 1.403573250494818403e+00 1.424728095353267499e+00
4.249219757046170720e+00 1.404859897263862401e+00 1.423607875165585623e+00
4.260673179571901947e+00 1.406147723493905710e+00 1.422486272797905960e+00
4.272126602097632286e+00 1.407436730266152347e+00 1.421363321085167053e+00
4.283580024623363514e+00 1.408726918662798200e+00 1.420239052416797598e+00
4.295033447149094741e+00 1.410018289767031030e+00 1.419113498742612389e+00
4.306486869674825080e+00 1.411310844663030917e+00 1.417986691578626335e+00
4.317940292200556307e+00 1.412604584435972921e+00 1.416858662012786096e+00
4.329393714726287534e+00 1.413899510172025975e+00 1.415729440710636888e+00
4.340847137252017873e+00 1.415195622958355104e+00 1.414599057920904901e+00
4.352300559777749100e+00 1.416492923883121868e+00 1.413467543481010891e+00
4.363753982303480328e+00 1.417791414035485253e+00 1.412334926822508052e+00
4.375207404829210667e+00 1.419091094505602557e+00 1.411201236976448836e+00
4.386660827354941894e+00 1.420391966384630722e+00 1.410066502578684267e+00
4.398114249880672233e+00 1.421694030764726779e+00 1.408930751875084875e+00
4.409567672406403460e+00 1.422997288739048960e+00 1.407794012726702571e+00
4.421021094932134687e+00 1.424301741401757804e+00 1.406656312614856352e+00
4.432474517457865026e+00 1.425607389848015938e+00 1.405517678646153401e+00
4.443927939983596254e+00 1.426914235173991630e+00 1.404378137557447115e+00
4.455381362509327481e+00 1.428222278476856122e+00 1.403237715720723200e+00
4.466834785035057820e+00 1.429531520854787630e+00 1.402096439147924700e+00
4.478288207560789047e+00 1.430841963406970896e+00 1.400954333495716853e+00
4.489741630086520274e+00 1.432153607233598080e+00 1.399811424070178667e+00
4.501195052612250613e+00 1.433466453435869425e+00 1.398667735831444325e+00
4.512648475137981841e+00 1.434780503115995698e+00 1.397523293398274635e+00
4.524101897663713068e+00 1.436095757377197080e+00 1.396378121052572086e+00
4.535555320189443407e+00 1.437412217323705610e+00 1.395232242743835283e+00
4.547008742715174634e+00 1.438729884060765407e+00 1.394085682093553213e+00
4.558462165240905861e+00 1.440048758694634001e+00 1.392938462399542443e+00
4.569915587766636200e+00 1.441368842332582556e+00 1.391790606640229910e+00
4.581369010292367427e+00 1.442690136082897423e+00 1.390642137478873552e+00
4.592822432818098655e+00 1.444012641054881252e+00 1.389493077267728971e+00
4.604275855343828994e+00 1.445336358358853213e+00 1.388343448052164586e+00
4.615729277869560221e+00 1.446661289106150328e+00 1.387193271574717501e+00
4.627182700395291448e+00 1.447987434409128582e+00 1.386042569279098968e+00
4.638636122921021787e+00 1.449314795381163590e+00 1.384891362314145224e+00
4.650089545446753014e+00 1.450643373136651260e+00 1.383739671537716154e+00
4.661542967972484242e+00 1.451973168791009572e+00 1.382587517520544873e+00
4.672996390498214581e+00 1.453304183460678578e+00 1.381434920550031809e+00
4.684449813023945808e+00 1.454636418263121955e+00 1.380281900633991921e+00
4.695903235549676147e+00 1.455969874316827894e+00 1.379128477504353523e+00
4.707356658075407374e+00 1.457304552741309767e+00 1.377974670620804920e+00
4.718810080601138601e+00 1.458640454657107233e+00 1.376820499174394197e+00
4.730263503126868940e+00 1.459977581185786688e+00 1.375665982091082151e+00
4.741716925652600167e+00 1.461315933449943483e+00 1.374511138035246383e+00
4.753170348178331395e+00 1.462655512573201255e+00 1.373355985413142966e+00
4.764623770704061734e+00 1.463996319680214375e+00 1.372200542376315946e+00
4.776077193229792961e+00 1.465338355896667499e+00 1.371044826824970864e+00
4.787530615755524188e+00 1.466681622349277792e+00 1.369888856411291211e+00
4.798984038281254527e+00 1.468026120165794701e+00 1.368732648542725361e+00
4.810437460806985754e+00 1.469371850475002184e+00 1.367576220385218644e+00
4.821890883332716982e+00 1.470718814406718256e+00 1.366419588866408352e+00
4.833344305858447321e+00 1.472067013091796994e+00 1.365262770678774551e+00
4.844797728384178548e+00 1.473416447662128981e+00 1.364105782282751367e+00
4.856251150909909775e+00 1.474767119250642633e+00 1.362948639909792981e+00
4.867704573435640114e+00 1.476119028991304427e+00 1.361791359565405646e+00
4.879157995961371341e+00 1.477472178019120896e+00 1.360633957032131081e+00
4.890611418487102569e+00 1.478826567470138631e+00 1.359476447872499216e+00
4.902064841012832908e+00 1.480182198481445610e+00 1.358318847431936316e+00
4.913518263538564135e+00 1.481539072191172979e+00 1.357161170841635789e+00
4.924971686064295362e+00 1.482897189738493937e+00 1.356003433021391036e+00
4.936425108590025701e+00 1.484256552263626849e+00 1.354845648682393655e+00
4.947878531115756928e+00 1.485617160907835022e+00 1.353687832329990126e+00
4.959331953641487267e+00 1.486979016813427812e+00 1.352529998266404965e+00
4.970785376167218494e+00 1.488342121123761963e+00 1.351372160593428351e+00
4.982238798692949722e+00 1.489706474983242490e+00 1.350214333215064455e+00
4.993692221218680061e+00 1.491072079537322903e+00 1.349056529840151120e+00
5.005145643744411288e+00 1.492438935932507427e+00 1.347898763984937354e+00
5.016599066270142515e+00 1.493807045316350557e+00 1.346741048975633737e+00
5.028052488795872854e+00 1.495176408837459059e+00 1.345583397950926408e+00
5.039505911321604081e+00 1.496547027645493300e+00 1.344425823864453751e+00
5.050959333847335309e+00 1.497918902891166137e+00 1.343268339487257768e+00
5.062412756373065648e+00 1.499292035726246697e+00 1.342110957410198591e+00
5.073866178898796875e+00 1.500666427303558814e+00 1.340953690046338576e+00
5.085319601424528102e+00 1.502042078776983924e+00 1.339796549633291312e+00
5.096773023950258441e+00 1.503418991301460395e+00 1.338639548235547094e+00
5.108226446475989668e+00 1.504797166032986189e+00 1.337482697746759541e+00
5.119679869001720895e+00 1.506176604128618646e+00 1.336326009892008226e+00
5.131133291527451235e+00 1.507557306746475367e+00 1.335169496230026454e+00
5.142586714053182462e+00 1.508939275045735995e+00 1.334013168155405715e+00
5.154040136578913689e+00 1.510322510186643097e+00 1.332857036900761960e+00
5.165493559104644028e+00 1.511707013330501725e+00 1.331701113538884984e+00
5.176946981630375255e+00 1.513092785639682969e+00 1.330545408984847855e+00
5.188400404156106482e+00 1.514479828277622175e+00 1.329389933998097240e+00
5.199853826681836821e+00 1.515868142408821839e+00 1.328234699184510204e+00
5.211307249207568049e+00 1.517257729198851823e+00 1.327079714998427695e+00
5.222760671733298388e+00 1.518648589814350691e+00 1.325924991744660719e+00
5.234214094259029615e+00 1.520040725423026151e+00 1.324770539580466533e+00
5.245667516784760842e+00 1.521434137193656166e+00 1.323616368517503750e+00
5.257120939310491181e+00 1.522828826296090510e+00 1.322462488423757909e+00
5.268574361836222408e+00 1.524224793901251429e+00 1.321308909025442846e+00
5.280027784361953636e+00 1.525622041181134092e+00 1.320155639908878076e+00
5.291481206887683975e+00 1.527020569308808140e+00 1.319002690522339982e+00
5.302934629413415202e+00 1.528420379458419243e+00 1.317850070177887467e+00
5.314388051939146429e+00 1.529821472805188209e+00 1.316697788053168061e+00
5.325841474464876768e+00 1.531223850525414321e+00 1.315545853193193837e+00
5.337294896990607995e+00 1.532627513796474217e+00 1.314394274512099781e+00
5.348748319516339222e+00 1.534032463796824564e+00 1.313243060794874184e+00
5.360201742042069561e+00 1.535438701706001829e+00 1.312092220699070610e+00
5.371655164567800789e+00 1.536846228704623840e+00 1.310941762756493434e+00
5.383108587093532016e+00 1.538255045974391111e+00 1.309791695374863396e+00
5.394562009619262355e+00 1.539665154698086846e+00 1.308642026839459627e+00
5.406015432144993582e+00 1.541076556059578717e+00 1.307492765314742345e+00
5.417468854670724809e+00 1.542489251243819970e+00 1.306343918845950691e+00
5.428922277196455148e+00 1.543903241436849205e+00 1.305195495360685243e+00
5.440375699722186376e+00 1.545318527825793486e+00 1.304047502670459879e+00
5.451829122247917603e+00 1.546735111598867007e+00 1.302899948472245661e+00
5.463282544773647942e+00 1.548152993945373757e+00 1.301752840349982954e+00
5.474735967299379169e+00 1.549572176055707962e+00 1.300606185776081114e+00
5.486189389825109508e+00 1.550992659121354755e+00 1.299459992112894646e+00
5.497642812350840735e+00 1.552414444334891730e+00 1.298314266614182033e+00
5.509096234876571963e+00 1.553837532889989825e+00 1.297169016426542143e+00
5.520549657402302302e+00 1.555261925981413773e+00 1.296024248590837535e+00
5.532003079928033529e+00 1.556687624805024095e+00 1.294879970043591344e+00
5.543456502453764756e+00 1.558114630557777103e+00 1.293736187618371281e+00
5.554909924979495095e+00 1.559542944437726453e+00 1.292592908047156097e+00
5.566363347505226322e+00 1.560972567644024256e+00 1.291450137961676736e+00
5.577816770030957549e+00 1.562403501376921966e+00 1.290307883894748819e+00
5.589270192556687888e+00 1.563835746837770380e+00 1.289166152281583821e+00
5.600723615082419116e+00 1.565269305229023189e+00 1.288024949461077373e+00
5.612177037608150343e+00 1.566704177754234539e+00 1.286884281677094233e+00
5.623630460133880682e+00 1.568140365618063248e+00 1.285744155079718842e+00
5.635083882659611909e+00 1.569577870026272137e+00 1.284604575726505438e+00
5.646537305185343136e+00 1.571016692185728703e+00 1.283465549583701071e+00
5.657990727711073475e+00 1.572456833304407331e+00 1.282327082527457751e+00
5.669444150236804703e+00 1.573898294591389746e+00 1.281189180345025935e+00
5.680897572762535930e+00 1.575341077256866118e+00 1.280051848735933584e+00
5.692350995288266269e+00 1.576785182512135286e+00 1.278915093313150786e+00
5.703804417813997496e+00 1.578230611569607422e+00 1.277778919604234842e+00
5.715257840339728723e+00 1.579677365642803810e+00 1.276643333052465135e+00
5.726711262865459062e+00 1.581125445946357289e+00 1.275508339017961124e+00
5.738164685391190289e+00 1.582574853696015582e+00 1.274373942778783908e+00
5.749618107916920628e+00 1.584025590108639969e+00 1.273240149532026466e+00
5.761071530442651856e+00 1.585477656402207502e+00 1.272106964394886575e+00
5.772524952968383083e+00 1.586931053795811453e+00 1.270974392405727293e+00
5.783978375494113422e+00 1.588385783509663085e+00 1.269842438525123018e+00
5.795431798019844649e+00 1.589841846765091882e+00 1.268711107636891544e+00
5.806885220545575876e+00 1.591299244784547096e+00 1.267580404549113693e+00
5.818338643071306215e+00 1.592757978791598417e+00 1.266450333995136956e+00
5.829792065597037443e+00 1.594218050010937304e+00 1.265320900634568480e+00
5.841245488122768670e+00 1.595679459668377875e+00 1.264192109054254942e+00
5.852698910648499009e+00 1.597142208990857792e+00 1.263063963769245124e+00
5.864152333174230236e+00 1.598606299206439818e+00 1.261936469223747581e+00
5.875605755699961463e+00 1.600071731544312037e+00 1.260809629792068121e+00
5.887059178225691802e+00 1.601538507234789632e+00 1.259683449779539499e+00
5.898512600751423030e+00 1.603006627509315329e+00 1.258557933423436692e+00
5.909966023277154257e+00 1.604476093600460951e+00 1.257433084893882169e+00
5.921419445802884596e+00 1.605946906741928082e+00 1.256308908294736737e+00
5.932872868328615823e+00 1.607419068168549403e+00 1.255185407664480612e+00
5.944326290854347050e+00 1.608892579116289134e+00 1.254062586977081395e+00
5.955779713380077389e+00 1.610367440822245033e+00 1.252940450142851825e+00
5.967233135905808616e+00 1.611843654524648839e+00 1.251819001009295773e+00
5.978686558431539844e+00 1.613321221462866939e+00 1.250698243361943351e+00
5.990139980957270183e+00 1.614800142877401923e+00 1.249578180925174031e+00
6.001593403483001410e+00 1.616280420009894137e+00 1.248458817363029993e+00
6.013046826008731749e+00 1.617762054103121461e+00 1.247340156280018819e+00
6.024500248534462976e+00 1.619245046401001309e+00 1.246222201221903303e+00
6.035953671060194203e+00 1.620729398148591294e+00 1.245104955676485936e+00
6.047407093585924542e+00 1.622215110592090337e+00 1.243988423074376959e+00
6.058860516111655770e+00 1.623702184978840002e+00 1.242872606789756862e+00
6.070313938637386997e+00 1.625190622557325160e+00 1.241757510141125564e+00
6.081767361163117336e+00 1.626680424577174655e+00 1.240643136392045598e+00
6.093220783688848563e+00 1.628171592289163749e+00 1.239529488751870856e+00
6.104674206214579790e+00 1.629664126945213898e+00 1.238416570376469572e+00
6.116127628740310129e+00 1.631158029798393638e+00 1.237304384368936194e+00
6.127581051266041356e+00 1.632653302102921034e+00 1.236192933780293268e+00
6.139034473791772584e+00 1.634149945114163671e+00 1.235082221610184661e+00
6.150487896317502923e+00 1.635647960088639108e+00 1.233972250807562787e+00
6.161941318843234150e+00 1.637147348284018200e+00 1.232863024271358299e+00
6.173394741368965377e+00 1.638648110959123549e+00 1.231754544851150879e+00
6.184848163894695716e+00 1.640150249373931945e+00 1.230646815347826051e+00
6.196301586420426943e+00 1.641653764789575476e+00 1.229539838514222216e+00
6.207755008946158171e+00 1.643158658468342193e+00 1.228433617055772809e+00
6.219208431471888510e+00 1.644664931673676778e+00 1.227328153631138008e+00
6.230661853997619737e+00 1.646172585670183430e+00 1.226223450852826025e+00
6.242115276523350964e+00 1.647681621723624090e+00 1.225119511287812379e+00
6.253568699049081303e+00 1.649192041100921546e+00 1.224016337458144754e+00
6.265022121574812530e+00 1.650703845070160547e+00 1.222913931841540514e+00
6.276475544100542869e+00 1.652217034900587578e+00 1.221812296871982451e+00
6.287928966626274097e+00 1.653731611862613082e+00 1.220711434940299878e+00
6.299382389152005324e+00 1.655247577227811462e+00 1.219611348394743278e+00
6.310835811677735663e+00 1.656764932268923296e+00 1.218512039541555625e+00
6.322289234203466890e+00 1.658283678259856009e+00 1.217413510645530161e+00
6.333742656729198117e+00 1.659803816475684535e+00 1.216315763930566618e+00
6.345196079254928456e+00 1.661325348192652429e+00 1.215218801580215446e+00
6.356649501780659683e+00 1.662848274688173422e+00 1.214122625738217387e+00
6.368102924306390911e+00 1.664372597240832308e+00 1.213027238509035710e+00
6.379556346832121250e+00 1.665898317130386053e+00 1.211932641958380241e+00
6.391009769357852477e+00 1.667425435637764242e+00 1.210838838113726945e+00
6.402463191883583704e+00 1.668953954045071519e+00 1.209745828964825742e+00
6.413916614409314043e+00 1.670483873635586924e+00 1.208653616464210101e+00
6.425370036935045270e+00 1.672015195693766332e+00 1.207562202527689310e+00
6.436823459460776498e+00 1.673547921505243341e+00 1.206471589034843639e+00
6.448276881986506837e+00 1.675082052356829720e+00 1.205381777829506174e+00
6.459730304512238064e+00 1.676617589536516517e+00 1.204292770720245098e+00
6.471183727037969291e+00 1.678154534333476056e+00 1.203204569480831099e+00
6.482637149563699630e+00 1.679692888038062160e+00 1.202117175850706543e+00
6.494090572089430857e+00 1.681232651941811929e+00 1.201030591535444003e+00
6.505543994615162084e+00 1.682773827337445738e+00 1.199944818207200337e+00
6.516997417140892424e+00 1.684316415518869237e+00 1.198859857505162774e+00
6.528450839666623651e+00 1.685860417781174680e+00 1.197775711035993895e+00
6.539904262192353990e+00 1.687405835420640932e+00 1.196692380374263731e+00
6.551357684718085217e+00 1.688952669734735235e+00 1.195609867062885412e+00
6.562811107243816444e+00 1.690500922022114105e+00 1.194528172613532613e+00
6.574264529769546783e+00 1.692050593582625106e+00 1.193447298507064547e+00
6.585717952295278010e+00 1.693601685717306848e+00 1.192367246193936747e+00
6.597171374821009238e+00 1.695154199728390765e+00 1.191288017094609630e+00
6.608624797346739577e+00 1.696708136919302001e+00 1.190209612599951727e+00
6.620078219872470804e+00 1.698263498594660525e+00 1.189132034071635591e+00
6.631531642398202031e+00 1.699820286060282237e+00 1.188055282842531701e+00
6.642985064923932370e+00 1.701378500623180301e+00 1.186979360217094159e+00
6.654438487449663597e+00 1.702938143591565590e+00 1.185904267471744156e+00
6.665891909975394825e+00 1.704499216274848683e+00 1.184830005855243229e+00
6.677345332501125164e+00 1.706061719983639646e+00 1.183756576589070741e+00
6.688798755026856391e+00 1.707625656029751138e+00 1.182683980867786255e+00
6.700252177552587618e+00 1.709191025726197743e+00 1.181612219859392354e+00
6.711705600078317957e+00 1.710757830387197531e+00 1.180541294705695687e+00
6.723159022604049184e+00 1.712326071328173382e+00 1.179471206522654914e+00
6.734612445129780411e+00 1.713895749865754325e+00 1.178401956400731532e+00
6.746065867655510750e+00 1.715466867317775757e+00 1.177333545405233162e+00
6.757519290181241978e+00 1.717039425003282105e+00 1.176265974576651496e+00
6.768972712706973205e+00 1.718613424242525944e+00 1.175199244930997811e+00
6.780426135232703544e+00 1.720188866356970436e+00 1.174133357460132920e+00
6.791879557758434771e+00 1.721765752669290661e+00 1.173068313132092033e+00
6.803332980284165110e+00 1.723344084503373175e+00 1.172004112891407601e+00
6.814786402809896337e+00 1.724923863184319117e+00 1.170940757659425735e+00
6.826239825335627565e+00 1.726505090038443546e+00 1.169878248334619508e+00
6.837693247861357904e+00 1.728087766393277880e+00 1.168816585792898266e+00
6.849146670387089131e+00 1.729671893577570341e+00 1.167755770887911604e+00
6.860600092912820358e+00 1.731257472921287066e+00 1.166695804451350682e+00
6.872053515438550697e+00 1.732844505755613440e+00 1.165636687293246654e+00
6.883506937964281924e+00 1.734432993412955426e+00 1.164578420202260656e+00
6.894960360490013151e+00 1.736022937226939789e+00 1.163521003945975574e+00
6.906413783015743491e+00 1.737614338532416536e+00 1.162464439271180705e+00
6.917867205541474718e+00 1.739207198665458476e+00 1.161408726904153088e+00
6.929320628067205945e+00 1.740801518963364103e+00 1.160353867550934392e+00
6.940774050592936284e+00 1.742397300764656931e+00 1.159299861897608475e+00
6.952227473118667511e+00 1.743994545409088381e+00 1.158246710610567165e+00
6.963680895644398738e+00 1.745593254237637337e+00 1.157194414336783383e+00
6.975134318170129077e+00 1.747193428592511921e+00 1.156142973704068044e+00
6.986587740695860305e+00 1.748795069817151493e+00 1.155092389321335400e+00
6.998041163221591532e+00 1.750398179256225761e+00 1.154042661778857060e+00
7.009494585747321871e+00 1.752002758255638115e+00 1.152993791648517119e+00
7.020948008273053098e+00 1.753608808162524957e+00 1.151945779484059296e+00
7.032401430798784325e+00 1.755216330325257923e+00 1.150898625821337395e+00
7.043854853324514664e+00 1.756825326093444550e+00 1.149852331178556231e+00
7.055308275850245892e+00 1.758435796817930274e+00 1.148806896056510984e+00
7.066761698375976231e+00 1.760047743850797763e+00 1.147762320938827463e+00
7.078215120901707458e+00 1.761661168545369804e+00 1.146718606292193243e+00
7.089668543427438685e+00 1.763276072256209526e+00 1.145675752566590155e+00
7.101121965953169024e+00 1.764892456339121507e+00 1.144633760195522765e+00
7.112575388478900251e+00 1.766510322151154222e+00 1.143592629596239751e+00
7.124028811004631478e+00 1.768129671050598928e+00 1.142552361169959285e+00
7.135482233530361817e+00 1.769750504396992552e+00 1.141512955302087517e+00
7.146935656056093045e+00 1.771372823551118580e+00 1.140474412362433299e+00
7.158389078581824272e+00 1.772996629875007280e+00 1.139436732705422228e+00
7.169842501107554611e+00 1.774621924731938138e+00 1.138399916670306933e+00
7.181295923633285838e+00 1.776248709486439648e+00 1.137363964581376008e+00
7.192749346159017065e+00 1.777876985504291740e+00 1.136328876748157191e+00
7.204202768684747404e+00 1.779506754152526238e+00 1.135294653465618531e+00
7.215656191210478632e+00 1.781138016799427737e+00 1.134261295014373117e+00
7.227109613736209859e+00 1.782770774814535830e+00 1.133228801660870255e+00
7.238563036261940198e+00 1.784405029568644663e+00 1.132197173657593758e+00
7.250016458787671425e+00 1.786040782433806040e+00 1.131166411243250680e+00
7.261469881313402652e+00 1.787678034783328318e+00 1.130136514642963608e+00
7.272923303839132991e+00 1.789316787991779956e+00 1.129107484068455403e+00
7.284376726364864219e+00 1.790957043434988405e+00 1.128079319718235496e+00
7.295830148890595446e+00 1.792598802490043219e+00 1.127052021777779078e+00
7.307283571416325785e+00 1.794242066535295388e+00 1.126025590419709177e+00
7.318736993942057012e+00 1.795886836950360665e+00 1.125000025803972292e+00
7.330190416467788239e+00 1.797533115116118241e+00 1.123975328078014924e+00
7.341643838993518578e+00 1.799180902414713623e+00 1.122951497376953434e+00
7.353097261519249805e+00 1.800830200229559974e+00 1.121928533823747243e+00
7.364550684044980144e+00 1.802481009945337664e+00 1.120906437529364919e+00
7.376004106570711372e+00 1.804133332947996715e+00 1.119885208592950487e+00
7.387457529096442599e+00 1.805787170624757909e+00 1.118864847101987969e+00
7.398910951622172938e+00 1.807442524364113012e+00 1.117845353132462360e+00
7.410364374147904165e+00 1.809099395555827439e+00 1.116826726749017507e+00
7.421817796673635392e+00 1.810757785590940472e+00 1.115808968005115531e+00
7.433271219199365731e+00 1.812417695861765488e+00 1.114792076943192267e+00
7.444724641725096959e+00 1.814079127761893950e+00 1.113776053594806692e+00
7.456178064250828186e+00 1.815742082686193193e+00 1.112760897980797914e+00
7.467631486776558525e+00 1.817406562030810413e+00 1.111746610111428835e+00
7.479084909302289752e+00 1.819072567193171563e+00 1.110733189986537583e+00
7.490538331828020979e+00 1.820740099571984683e+00 1.109720637595679404e+00
7.501991754353751318e+00 1.822409160567238784e+00 1.108708952918272983e+00
7.513445176879482545e+00 1.824079751580207853e+00 1.107698135923739891e+00
7.524898599405213773e+00 1.825751874013448850e+00 1.106688186571644250e+00
7.536352021930944112e+00 1.827425529270805482e+00 1.105679104811832847e+00
7.547805444456675339e+00 1.829100718757407762e+00 1.104670890584567244e+00
7.559258866982406566e+00 1.830777443879674005e+00 1.103663543820661674e+00
7.570712289508136905e+00 1.832455706045311494e+00 1.102657064441613599e+00
7.582165712033868132e+00 1.834135506663318704e+00 1.101651452359734051e+00
7.593619134559599360e+00 1.835816847143985076e+00 1.100646707478277753e+00
7.605072557085329699e+00 1.837499728898893014e+00 1.099642829691570123e+00
7.616525979611060926e+00 1.839184153340918781e+00 1.098639818885132069e+00
7.627979402136791265e+00 1.840870121884234267e+00 1.097637674935804109e+00
7.639432824662522492e+00 1.842557635944307215e+00 1.096636397711870492e+00
7.650886247188253719e+00 1.844246696937902996e+00 1.095635987073177331e+00
7.662339669713984058e+00 1.845937306283085944e+00 1.094636442871252724e+00
7.673793092239715286e+00 1.847629465399220239e+00 1.093637764949424884e+00
7.685246514765446513e+00 1.849323175706971245e+00 1.092639953142937603e+00
7.696699937291176852e+00 1.851018438628306173e+00 1.091643007279064825e+00
7.708153359816908079e+00 1.852715255586496745e+00 1.090646927177222558e+00
7.719606782342639306e+00 1.854413628006118531e+00 1.089651712649083448e+00
7.731060204868369645e+00 1.856113557313052942e+00 1.088657363498682695e+00
7.742513627394100872e+00 1.857815044934489235e+00 1.087663879522529964e+00
7.753967049919832100e+00 1.859518092298924063e+00 1.086671260509714854e+00
7.765420472445562439e+00 1.861222700836164146e+00 1.085679506242012815e+00
7.776873894971293666e+00 1.862928871977326928e+00 1.084688616493989732e+00
7.788327317497024893e+00 1.864636607154841696e+00 1.083698591033104286e+00
7.799780740022755232e+00 1.866345907802450244e+00 1.082709429619811869e+00
7.811234162548486459e+00 1.868056775355209753e+00 1.081721132007661401e+00
7.822687585074217687e+00 1.869769211249492136e+00 1.080733697943396132e+00
7.834141007599948026e+00 1.871483216922986026e+00 1.079747127167052900e+00
7.845594430125679253e+00 1.873198793814698115e+00 1.078761419412054501e+00
7.857047852651410480e+00 1.874915943364954485e+00 1.077776574405308052e+00
7.868501275177140819e+00 1.876634667015401048e+00 1.076792591867298254e+00
7.879954697702872046e+00 1.878354966209005994e+00 1.075809471512179094e+00
7.891408120228602385e+00 1.880076842390059344e+00 1.074827213047866215e+00
7.902861542754333612e+00 1.881800297004176059e+00 1.073845816176126622e+00
7.914314965280064840e+00 1.883525331498295374e+00 1.072865280592666393e+00
7.925768387805795179e+00 1.885251947320683241e+00 1.071885605987222378e+00
7.937221810331526406e+00 1.886980145920933660e+00 1.070906792043644806e+00
7.948675232857257633e+00 1.888709928749969347e+00 1.069928838439983432e+00
7.960128655382987972e+00 1.890441297260042175e+00 1.068951744848575913e+00
7.971582077908719199e+00 1.892174252904736731e+00 1.067975510936124861e+00
7.983035500434450427e+00 1.893908797138968980e+00 1.067000136363785101e+00
7.994488922960180766e+00 1.895644931418988932e+00 1.066025620787243611e+00
8.005942345485911105e+00 1.897382657202381528e+00 1.065051963856797235e+00
8.017395768011642332e+00 1.899121975948067975e+00 1.064079165217434397e+00
8.028849190537373559e+00 1.900862889116306853e+00 1.063107224508912374e+00
8.040302613063104786e+00 1.902605398168695228e+00 1.062136141365833231e+00
8.051756035588836014e+00 1.904349504568169982e+00 1.061165915417721539e+00
8.063209458114567241e+00 1.906095209779009370e+00 1.060196546289096764e+00
8.074662880640296692e+00 1.907842515266833239e+00 1.059228033599550756e+00
8.086116303166027919e+00 1.909591422498605917e+00 1.058260376963815919e+00
8.097569725691759146e+00 1.911341932942635768e+00 1.057293575991843371e+00
8.109023148217490373e+00 1.913094048068577635e+00 1.056327630288868225e+00
8.120476570743221600e+00 1.914847769347433060e+00 1.055362539455481752e+00
8.131929993268952828e+00 1.916603098251552284e+00 1.054398303087703104e+00
8.143383415794682278e+00 1.918360036254635137e+00 1.053434920777043704e+00
8.154836838320413506e+00 1.920118584831733033e+00 1.052472392110576083e+00
8.166290260846144733e+00 1.921878745459248750e+00 1.051510716671002932e+00
8.177743683371875960e+00 1.923640519614938871e+00 1.050549894036717946e+00
8.189197105897607187e+00 1.925403908777914452e+00 1.049589923781874212e+00
8.200650528423338415e+00 1.927168914428642577e+00 1.048630805476447048e+00
8.212103950949067865e+00 1.928935538048947018e+00 1.047672538686296839e+00
8.223557373474799093e+00 1.930703781122010687e+00 1.046715122973231882e+00
8.235010796000530320e+00 1.932473645132375850e+00 1.045758557895067664e+00
8.246464218526261547e+00 1.934245131565945242e+00 1.044802843005692150e+00
8.257917641051992774e+00 1.936018241909984061e+00 1.043847977855120623e+00
8.269371063577722225e+00 1.937792977653120863e+00 1.042893961989556750e+00
8.280824486103453452e+00 1.939569340285348886e+00 1.041940794951451199e+00
8.292277908629184680e+00 1.941347331298026946e+00 1.040988476279558927e+00
8.303731331154915907e+00 1.943126952183881206e+00 1.040037005508995138e+00
8.315184753680647134e+00 1.944908204437006294e+00 1.039086382171292344e+00
8.326638176206378361e+00 1.946691089552866183e+00 1.038136605794454770e+00
8.338091598732107812e+00 1.948475609028295752e+00 1.037187675903013195e+00
8.349545021257839039e+00 1.950261764361502559e+00 1.036239592018078470e+00
8.360998443783570266e+00 1.952049557052066620e+00 1.035292353657394804e+00
8.372451866309301494e+00 1.953838988600943516e+00 1.034345960335393055e+00
8.383905288835032721e+00 1.955630060510464174e+00 1.033400411563239807e+00
8.395358711360763948e+00 1.957422774284336864e+00 1.032455706848892207e+00
8.406812133886493399e+00 1.959217131427648084e+00 1.031511845697144381e+00
8.418265556412224626e+00 1.961013133446864787e+00 1.030568827609679161e+00
8.429718978937955853e+00 1.962810781849834152e+00 1.029626652085117611e+00
8.441172401463687081e+00 1.964610078145785810e+00 1.028685318619066535e+00
8.452625823989418308e+00 1.966411023845332728e+00 1.027744826704165559e+00
8.464079246515149535e+00 1.968213620460472990e+00 1.026805175830135530e+00
8.475532669040878986e+00 1.970017869504590236e+00 1.025866365483823817e+00
8.486986091566610213e+00 1.971823772492456106e+00 1.024928395149251603e+00
8.498439514092341440e+00 1.973631330940230244e+00 1.023991264307658078e+00
8.509892936618072667e+00 1.975440546365462513e+00 1.023054972437544397e+00
8.521346359143803895e+00 1.977251420287093442e+00 1.022119519014720312e+00
8.532799781669533346e+00 1.979063954225456223e+00 1.021184903512344810e+00
8.544253204195264573e+00 1.980878149702278046e+00 1.020251125400970293e+00
8.555706626720995800e+00 1.982694008240680761e+00 1.019318184148585882e+00
8.567160049246727027e+00 1.984511531365182213e+00 1.018386079220656937e+00
8.578613471772458254e+00 1.986330720601698241e+00 1.017454810080168803e+00
8.590066894298189482e+00 1.988151577477542897e+00 1.016524376187665668e+00
8.601520316823918932e+00 1.989974103521430671e+00 1.015594777001291193e+00
8.612973739349650160e+00 1.991798300263477817e+00 1.014666011976828708e+00
8.624427161875381387e+00 1.993624169235202803e+00 1.013738080567738953e+00
8.635880584401112614e+00 1.995451711969527864e+00 1.012810982225200496e+00
8.647334006926843841e+00 1.997280930000780552e+00 1.011884716398147699e+00
8.658787429452575068e+00 1.999111824864695297e+00 1.010959282533305137e+00
8.670240851978304519e+00 2.000944398098413401e+00 1.010034680075229119e+00
8.681694274504035747e+00 2.002778651240487040e+00 1.009110908466340772e+00
8.693147697029766974e+00 2.004614585830876816e+00 1.008187967146964681e+00
8.704601119555498201e+00 2.006452203410955537e+00 1.007265855555363299e+00
8.716054542081229428e+00 2.008291505523510434e+00 1.006344573127771147e+00
8.727507964606960655e+00 2.010132493712740498e+00 1.005424119298431673e+00
8.738961387132690106e+00 2.011975169524262252e+00 1.004504493499629225e+00
8.750414809658421333e+00 2.013819534505108866e+00 1.003585695161725022e+00
8.761868232184152561e+00 2.015665590203730595e+00 1.002667723713188908e+00
8.773321654709883788e+00 2.017513338169997894e+00 1.001750578580632878e+00
8.784775077235615015e+00 2.019362779955201859e+00 1.000834259188843056e+00
8.796228499761344466e+00 2.021213917112056002e+00 9.999187649608128892e-01
8.807681922287075693e+00 2.023066751194696256e+00 9.990040953177729000e-01
8.819135344812806920e+00 2.024921283758684520e+00 9.980902496792231071e-01
8.830588767338538148e+00 2.026777516361007336e+00 9.971772274629639998e-01
8.842042189864269375e+00 2.028635450560079434e+00 9.962650280851265139e-01
8.853495612390000602e+00 2.030495087915743735e+00 9.953536509602012305e-01
8.864949034915730053e+00 2.032356429989273128e+00 9.944430955010691298e-01
8.876402457441461280e+00 2.034219478343372245e+00 9.935333611190301228e-01
8.887855879967192507e+00 2.036084234542177018e+00 9.926244472238324734e-01
8.899309302492923734e+00 2.037950700151258676e+00 9.917163532236996648e-01
8.910762725018654962e+00 2.039818876737622411e+00 9.908090785253603761e-01
8.922216147544386189e+00 2.041688765869710487e+00 9.899026225340745722e-01
8.933669570070115640e+00 2.043560369117402242e+00 9.889969846536623699e-01
8.945122992595846867e+00 2.045433688052017640e+00 9.880921642865285737e-01
8.956576415121578094e+00 2.047308724246315492e+00 9.871881608336922076e-01
8.968029837647309321e+00 2.049185479274497457e+00 9.862849736948098300e-01
8.979483260173040549e+00 2.051063954712206705e+00 9.853826022682041774e-01
8.990936682698771776e+00 2.052944152136532807e+00 9.844810459508870348e-01
9.002390105224501227e+00 2.054826073126009511e+00 9.835803041385865475e-01
9.013843527750232454e+00 2.056709719260618741e+00 9.826803762257702024e-01
9.025296950275963681e+00 2.058595092121789705e+00 9.817812616056716957e-01
9.036750372801694908e+00 2.060482193292401565e+00 9.808829596703124709e-01
9.048203795327426135e+00 2.062371024356785210e+00 9.799854698105275874e-01
9.059657217853157363e+00 2.064261586900723255e+00 9.790887914159883687e-01
9.071110640378886814e+00 2.066153882511451823e+00 9.781929238752261613e-01
9.082564062904618041e+00 2.068047912777662756e+00 9.772978665756537620e-01
9.094017485430349268e+00 2.069943679289503624e+00 9.764036189035909530e-01
9.105470907956080495e+00 2.071841183638579942e+00 9.755101802442833758e-01
9.116924330481811722e+00 2.073740427417956500e+00 9.746175499819275112e-01
9.128377753007541173e+00 2.075641412222156923e+00 9.737257274996908851e-01
9.139831175533272400e+00 2.077544139647168997e+00 9.728347121797330521e-01
9.151284598059003628e+00 2.079448611290442006e+00 9.719445034032286879e-01
9.162738020584734855e+00 2.081354828750889396e+00 9.710551005503863520e-01
9.174191443110466082e+00 2.083262793628890996e+00 9.701665030004702484e-01
9.185644865636197309e+00 2.085172507526293462e+00 9.692787101318207643e-01
9.197098288161926760e+00 2.087083972046412050e+00 9.683917213218733444e-01
9.208551710687657987e+00 2.088997188794031512e+00 9.675055359471791405e-01
9.220005133213389215e+00 2.090912159375407420e+00 9.666201533834247739e-01
9.231458555739120442e+00 2.092828885398268834e+00 9.657355730054513199e-01
9.242911978264851669e+00 2.094747368471817417e+00 9.648517941872721826e-01
9.254365400790582896e+00 2.096667610206730537e+00 9.639688163020940781e-01
9.265818823316312347e+00 2.098589612215162159e+00 9.630866387223334657e-01
9.277272245842043574e+00 2.100513376110743735e+00 9.622052608196360879e-01
9.288725668367774801e+00 2.102438903508586421e+00 9.613246819648945118e-01
9.300179090893506029e+00 2.104366196025281521e+00 9.604449015282653379e-01
9.311632513419237256e+00 2.106295255278902268e+00 9.595659188791882954e-01
9.323085935944968483e+00 2.108226082889005593e+00 9.586877333864014528e-01
9.334539358470697934e+00 2.110158680476631687e+00 9.578103444179612014e-01
9.345992780996429161e+00 2.112093049664309330e+00 9.569337513412545793e-01
9.357446203522160388e+00 2.114029192076052333e+00 9.560579535230205872e-01
9.368899626047891616e+00 2.115967109337364427e+00 9.551829503293640666e-01
9.380353048573622843e+00 2.117906803075238820e+00 9.543087411257716868e-01
9.391806471099352294e+00 2.119848274918159969e+00 9.534353252771301523e-01
9.403259893625083521e+00 2.121791526496106250e+00 9.525627021477383050e-01
9.414713316150814748e+00 2.123736559440549065e+00 9.516908711013265521e-01
9.426166738676545975e+00 2.125683375384456397e+00 9.508198315010687462e-01
9.437620161202277203e+00 2.127631975962292366e+00 9.499495827096000600e-01
9.449073583728008430e+00 2.129582362810019447e+00 9.490801240890304191e-01
9.460527006253737881e+00 2.131534537565100251e+00 9.482114550009589360e-01
9.471980428779469108e+00 2.133488501866498410e+00 9.473435748064896744e-01
9.483433851305200335e+00 2.135444257354679465e+00 9.464764828662445284e-01
9.494887273830931562e+00 2.137401805671613086e+00 9.456101785403790982e-01
9.506340696356662789e+00 2.139361148460774409e+00 9.447446611885947920e-01
9.517794118882394017e+00 2.141322287367144028e+00 9.438799301701538136e-01
9.529247541408123467e+00 2.143285224037212000e+00 9.430159848438921522e-01
9.540700963933854695e+00 2.145249960118977395e+00 9.421528245682327940e-01
9.552154386459585922e+00 2.147216497261948742e+00 9.412904487011998222e-01
9.563607808985317149e+00 2.149184837117148028e+00 9.404288566004307404e-01
9.575061231511048376e+00 2.151154981337109806e+00 9.395680476231887956e-01
9.586514654036779604e+00 2.153126931575883862e+00 9.387080211263774121e-01
9.597968076562509054e+00 2.155100689489036547e+00 9.378487764665501825e-01
9.609421499088240282e+00 2.157076256733652109e+00 9.369903129999253011e-01
9.620874921613971509e+00 2.159053634968332247e+00 9.361326300823978874e-01
9.632328344139702736e+00 2.161032825853201000e+00 9.352757270695489789e-01
9.643781766665433963e+00 2.163013831049903413e+00 9.344196033166612958e-01
9.655235189191163414e+00 2.164996652221606865e+00 9.335642581787281236e-01
9.666688611716894641e+00 2.166981291033005075e+00 9.327096910104665239e-01
9.678142034242625869e+00 2.168967749150316315e+00 9.318559011663276603e-01
9.689595456768357096e+00 2.170956028241287417e+00 9.310028880005077889e-01
9.701048879294088323e+00 2.172946129975193319e+00 9.301506508669608042e-01
9.712502301819819550e+00 2.174938056022839294e+00 9.292991891194072318e-01
9.723955724345549001e+00 2.176931808056561835e+00 9.284485021113474401e-01
9.735409146871280228e+00 2.178927387750231315e+00 9.275985891960688567e-01
9.746862569397011455e+00 2.180924796779252439e+00 9.267494497266598463e-01
9.758315991922742683e+00 2.182924036820564684e+00 9.259010830560177041e-01
9.769769414448473910e+00 2.184925109552645850e+00 9.250534885368599802e-01
9.781222836974205137e+00 2.186928016655512508e+00 9.242066655217338056e-01
9.792676259499934588e+00 2.188932759810719553e+00 9.233606133630271051e-01
9.804129682025665815e+00 2.190939340701365978e+00 9.225153314129769244e-01
9.815583104551397042e+00 2.192947761012091767e+00 9.216708190236794218e-01
9.827036527077128270e+00 2.194958022429081446e+00 9.208270755470999713e-01
9.838489949602859497e+00 2.196970126640065857e+00 9.199841003350817115e-01
9.849943372128590724e+00 2.198984075334323052e+00 9.191418927393557592e-01
9.861396794654320175e+00 2.200999870202677844e+00 9.183004521115498697e-01
9.872850217180051402e+00 2.203017512937508027e+00 9.174597778031964301e-01
9.884303639705782629e+00 2.205037005232740821e+00 9.166198691657433395e-01
9.895757062231513856e+00 2.207058348783855983e+00 9.157807255505612254e-01
9.907210484757245084e+00 2.209081545287888471e+00 9.149423463089526587e-01
9.918663907282974534e+00 2.211106596443427996e+00 9.141047307921613685e-01
9.930117329808705762e+00 2.213133503950623027e+00 9.132678783513776821e-01
9.941570752334436989e+00 2.215162269511179005e+00 9.124317883377515148e-01
9.953024174860168216e+00 2.217192894828361904e+00 9.115964601023963665e-01
9.964477597385899443e+00 2.219225381606998226e+00 9.107618929963996468e-01
9.975931019911630671e+00 2.221259731553478556e+00 9.099280863708298916e-01
9.987384442437360121e+00 2.223295946375756671e+00 9.090950395767452008e-01
9.998837864963091349e+00 2.225334027783353097e+00 9.082627519651989001e-01
1.001029128748882258e+01 2.227373977487354662e+00 9.074312228872508657e-01
1.002174471001455380e+01 2.229415797200417160e+00 9.066004516939712987e-01
1.003319813254028503e+01 2.231459488636765354e+00 9.057704377364506065e-01
1.004465155506601626e+01 2.233505053512196969e+00 9.049411803658057307e-01
1.005610497759174571e+01 2.235552493544080921e+00 9.041126789331874747e-01
1.006755840011747694e+01 2.237601810451362194e+00 9.032849327897872760e-01
1.007901182264320816e+01 2.239653005954560516e+00 9.024579412868449779e-01
1.009046524516893939e+01 2.241706081775773018e+00 9.016317037756553798e-01
1.010191866769467062e+01 2.243761039638675125e+00 9.008062196075745653e-01
1.011337209022040184e+01 2.245817881268522775e+00 8.999814881340276740e-01
1.012482551274613130e+01 2.247876608392152864e+00 8.991575087065148963e-01
1.013627893527186252e+01 2.249937222737986353e+00 8.983342806766174693e-01
1.014773235779759375e+01 2.251999726036027383e+00 8.975118033960053365e-01
1.015918578032332498e+01 2.254064120017866824e+00 8.966900762164425887e-01
1.017063920284905620e+01 2.256130406416682721e+00 8.958690984897942355e-01
1.018209262537478565e+01 2.258198586967241628e+00 8.950488695680320905e-01
1.019354604790051688e+01 2.260268663405900824e+00 8.942293888032405436e-01
1.020499947042624811e+01 2.262340637470608318e+00 8.934106555476239997e-01
1.021645289295197934e+01 2.264414510900906841e+00 8.925926691535108759e-01
1.022790631547771056e+01 2.266490285437932517e+00 8.917754289733605955e-01
1.023935973800344179e+01 2.268567962824417528e+00 8.909589343597692501e-01
1.025081316052917124e+01 2.270647544804692330e+00 8.901431846654753732e-01
1.026226658305490247e+01 2.272729033124686104e+00 8.893281792433647137e-01
1.027372000558063370e+01 2.274812429531928970e+00 8.885139174464767864e-01
1.028517342810636492e+01 2.276897735775551546e+00 8.877003986280098680e-01
1.029662685063209615e+01 2.278984953606289388e+00 8.868876221413264371e-01
1.030808027315782738e+01 2.281074084776482103e+00 8.860755873399578375e-01
1.031953369568355683e+01 2.283165131040076457e+00 8.852642935776109390e-01
1.033098711820928806e+01 2.285258094152625929e+00 8.844537402081719124e-01
1.034244054073501928e+01 2.287352975871294269e+00 8.836439265857115588e-01
1.035389396326075051e+01 2.289449777954855492e+00 8.828348520644910824e-01
1.036534738578648174e+01 2.291548502163695655e+00 8.820265159989664205e-01
1.037680080831221296e+01 2.293649150259815972e+00 8.812189177437926846e-01
1.038825423083794242e+01 2.295751724006830141e+00 8.804120566538300441e-01
1.039970765336367364e+01 2.297856225169971900e+00 8.796059320841473905e-01
1.041116107588940487e+01 2.299962655516091026e+00 8.788005433900274443e-01
1.042261449841513610e+01 2.302071016813656446e+00 8.779958899269713068e-01
1.043406792094086732e+01 2.304181310832760676e+00 8.771919710507035672e-01
1.044552134346659678e+01 2.306293539345115828e+00 8.763887861171753002e-01
1.045697476599232800e+01 2.308407704124061155e+00 8.755863344825700612e-01
1.046842818851805923e+01 2.310523806944559055e+00 8.747846155033069948e-01
1.047988161104379046e+01 2.312641849583200848e+00 8.739836285360457202e-01
1.049133503356952168e+01 2.314761833818204995e+00 8.731833729376906605e-01
1.050278845609525291e+01 2.316883761429420652e+00 8.723838480653947069e-01
1.051424187862098236e+01 2.319007634198328560e+00 8.715850532765638814e-01
1.052569530114671359e+01 2.321133453908042821e+00 8.707869879288605564e-01
1.053714872367244482e+01 2.323261222343312227e+00 8.699896513802076736e-01
1.054860214619817604e+01 2.325390941290520264e+00 8.691930429887938514e-01
1.056005556872390727e+01 2.327522612537689994e+00 8.683971621130750496e-01
1.057150899124963850e+01 2.329656237874481395e+00 8.676020081117810090e-01
1.058296241377536795e+01 2.331791819092196683e+00 8.668075803439159177e-01
1.059441583630109918e+01 2.333929357983779873e+00 8.660138781687649612e-01
1.060586925882683040e+01 2.336068856343818112e+00 8.652209009458960987e-01
1.061732268135256163e+01 2.338210315968543895e+00 8.644286480351639490e-01
1.062877610387829286e+01 2.340353738655835514e+00 8.636371187967154528e-01
1.064022952640402409e+01 2.342499126205221049e+00 8.628463125909888731e-01
1.065168294892975354e+01 2.344646480417876155e+00 8.620562287787219002e-01
1.066313637145548476e+01 2.346795803096629829e+00 8.612668667209519846e-01
1.067458979398121599e+01 2.348947096045961747e+00 8.604782257790209998e-01
1.068604321650694722e+01 2.351100361072007150e+00 8.596903053145785734e-01
1.069749663903267844e+01 2.353255599982555957e+00 8.589031046895839738e-01
1.070895006155840790e+01 2.355412814587055426e+00 8.581166232663112181e-01
1.072040348408413912e+01 2.357572006696612377e+00 8.573308604073507366e-01
1.073185690660987035e+01 2.359733178123992747e+00 8.565458154756132592e-01
1.074331032913560158e+01 2.361896330683625145e+00 8.557614878343318132e-01
1.075476375166133280e+01 2.364061466191600847e+00 8.549778768470661650e-01
1.076621717418706403e+01 2.366228586465676464e+00 8.541949818777048176e-01
1.077767059671279348e+01 2.368397693325273501e+00 8.534128022904686750e-01
1.078912401923852471e+01 2.370568788591483678e+00 8.526313374499124853e-01
1.080057744176425594e+01 2.372741874087066272e+00 8.518505867209286153e-01
1.081203086428998716e+01 2.374916951636452112e+00 8.510705494687509365e-01
1.082348428681571839e+01 2.377094023065744466e+00 8.502912250589548249e-01
1.083493770934144962e+01 2.379273090202720375e+00 8.495126128574624902e-01
1.084639113186717907e+01 2.381454154876831986e+00 8.487347122305441971e-01
1.085784455439291030e+01 2.383637218919210099e+00 8.479575225448211517e-01
1.086929797691864152e+01 2.385822284162662399e+00 8.471810431672678332e-01
1.088075139944437275e+01 2.388009352441677891e+00 8.464052734652156573e-01
1.089220482197010398e+01 2.390198425592425568e+00 8.456302128063538648e-01
1.090365824449583521e+01 2.392389505452759746e+00 8.448558605587335180e-01
1.091511166702156466e+01 2.394582593862217834e+00 8.440822160907686111e-01
1.092656508954729588e+01 2.396777692662024783e+00 8.433092787712384020e-01
1.093801851207302711e+01 2.398974803695092195e+00 8.425370479692919634e-01
1.094947193459875834e+01 2.401173928806022317e+00 8.417655230544474065e-01
1.096092535712448957e+01 2.403375069841106715e+00 8.409947033965963215e-01
1.097237877965021902e+01 2.405578228648330708e+00 8.402245883660052206e-01
1.098383220217595024e+01 2.407783407077373816e+00 8.394551773333175371e-01
1.099528562470168147e+01 2.409990606979610650e+00 8.386864696695561783e-01
1.100673904722741270e+01 2.412199830208112239e+00 8.379184647461258573e-01
1.101819246975314393e+01 2.414411078617650031e+00 8.371511619348143141e-01
1.102964589227887515e+01 2.416624354064693669e+00 8.363845606077958683e-01
1.104109931480460460e+01 2.418839658407416326e+00 8.356186601376317524e-01
1.105255273733033583e+01 2.421056993505693811e+00 8.348534598972726650e-01
1.106400615985606706e+01 2.423276361221107233e+00 8.340889592600616576e-01
1.107545958238179828e+01 2.425497763416943453e+00 8.333251575997353555e-01
1.108691300490752951e+01 2.427721201958198183e+00 8.325620542904254018e-01
1.109836642743326074e+01 2.429946678711575991e+00 8.317996487066608990e-01
1.110981984995899019e+01 2.432174195545493411e+00 8.310379402233710744e-01
1.112127327248472142e+01 2.434403754330079828e+00 8.302769282158843911e-01
1.113272669501045264e+01 2.436635356937177921e+00 8.295166120599339887e-01
1.114418011753618387e+01 2.438869005240347665e+00 8.287569911316556848e-01
1.115563354006191510e+01 2.441104701114864994e+00 8.279980648075940808e-01
1.116708696258764633e+01 2.443342446437726245e+00 8.272398324646992318e-01
1.117854038511337578e+01 2.445582243087647267e+00 8.264822934803327525e-01
1.118999380763910700e+01 2.447824092945067420e+00 8.257254472322661520e-01
1.120144723016483823e+01 2.450067997892148686e+00 8.249692930986849415e-01
1.121290065269056946e+01 2.452313959812778776e+00 8.242138304581883013e-01
1.122435407521630069e+01 2.454561980592572468e+00 8.234590586897925224e-01
1.123580749774203014e+01 2.456812062118872486e+00 8.227049771729305627e-01
1.124726092026776136e+01 2.459064206280753062e+00 8.219515852874549333e-01
1.125871434279349259e+01 2.461318414969019486e+00 8.211988824136381426e-01
1.127016776531922382e+01 2.463574690076208995e+00 8.204468679321759161e-01
1.128162118784495505e+01 2.465833033496595217e+00 8.196955412241867522e-01
1.129307461037068627e+01 2.468093447126188611e+00 8.189449016712139207e-01
1.130452803289641572e+01 2.470355932862735582e+00 8.181949486552276829e-01
1.131598145542214695e+01 2.472620492605724696e+00 8.174456815586249592e-01
1.132743487794787818e+01 2.474887128256384017e+00 8.166970997642327701e-01
1.133888830047360941e+01 2.477155841717685103e+00 8.159492026553074595e-01
1.135034172299934063e+01 2.479426634894344339e+00 8.152019896155379142e-01
1.136179514552507186e+01 2.481699509692823380e+00 8.144554600290448976e-01
1.137324856805080131e+01 2.483974468021331372e+00 8.137096132803844917e-01
1.138470199057653254e+01 2.486251511789828061e+00 8.129644487545472087e-01
1.139615541310226376e+01 2.488530642910022461e+00 8.122199658369602115e-01
1.140760883562799499e+01 2.490811863295377293e+00 8.114761639134888682e-01
1.141906225815372622e+01 2.493095174861108543e+00 8.107330423704370848e-01
1.143051568067945745e+01 2.495380579524188125e+00 8.099906005945489706e-01
1.144196910320518690e+01 2.497668079203344771e+00 8.092488379730099490e-01
1.145342252573091812e+01 2.499957675819067138e+00 8.085077538934470898e-01
1.146487594825664935e+01 2.502249371293603808e+00 8.077673477439314409e-01
1.147632937078238058e+01 2.504543167550965066e+00 8.070276189129785838e-01
1.148778279330811181e+01 2.506839066516926007e+00 8.062885667895485220e-01
1.149923621583384126e+01 2.509137070119025203e+00 8.055501907630492342e-01
1.151068963835957248e+01 2.511437180286570037e+00 8.048124902233350086e-01
1.152214306088530371e+01 2.513739398950636250e+00 8.040754645607085527e-01
1.153359648341103494e+01 2.516043728044068839e+00 8.033391131659232132e-01
1.154504990593676617e+01 2.518350169501484714e+00 8.026034354301812002e-01
1.155650332846249739e+01 2.520658725259275812e+00 8.018684307451366955e-01
1.156795675098822684e+01 2.522969397255606427e+00 8.011340985028968520e-01
1.157941017351395807e+01 2.525282187430420322e+00 8.004004380960204612e-01
1.159086359603968930e+01 2.527597097725438058e+00 7.996674489175207290e-01
1.160231701856542053e+01 2.529914130084160551e+00 7.989351303608667187e-01
1.161377044109115175e+01 2.532233286451870402e+00 7.982034818199817972e-01
1.162522386361688298e+01 2.534554568775632788e+00 7.974725026892465207e-01
1.163667728614261243e+01 2.536877979004298123e+00 7.967421923634988579e-01
1.164813070866834366e+01 2.539203519088504279e+00 7.960125502380346330e-01
1.165958413119407489e+01 2.541531190980675703e+00 7.952835757086083035e-01
1.167103755371980611e+01 2.543860996635027849e+00 7.945552681714344034e-01
1.168249097624553734e+01 2.546192938007566742e+00 7.938276270231875431e-01
1.169394439877126857e+01 2.548527017056092081e+00 7.931006516610035195e-01
1.170539782129699802e+01 2.550863235740197243e+00 7.923743414824802045e-01
1.171685124382272924e+01 2.553201596021273723e+00 7.916486958856779887e-01
1.172830466634846047e+01 2.555542099862509797e+00 7.909237142691194489e-01
1.173975808887419170e+01 2.557884749228892751e+00 7.901993960317926780e-01
1.175121151139992293e+01 2.560229546087213315e+00 7.894757405731485100e-01
1.176266493392565238e+01 2.562576492406062556e+00 7.887527472931047390e-01
1.177411835645138360e+01 2.564925590155838098e+00 7.880304155920437870e-01
1.178557177897711483e+01 2.567276841308743229e+00 7.873087448708143699e-01
1.179702520150284606e+01 2.569630247838788684e+00 7.865877345307333846e-01
1.180847862402857729e+01 2.571985811721795301e+00 7.858673839735839106e-01
1.181993204655430851e+01 2.574343534935394917e+00 7.851476926016182079e-01
1.183138546908003796e+01 2.576703419459032141e+00 7.844286598175567171e-01
1.184283889160576919e+01 2.579065467273967016e+00 7.837102850245892816e-01
1.185429231413150042e+01 2.581429680363274137e+00 7.829925676263758128e-01
1.186574573665723165e+01 2.583796060711847531e+00 7.822755070270458466e-01
1.187719915918296287e+01 2.586164610306399769e+00 7.815591026312006528e-01
1.188865258170869410e+01 2.588535331135465078e+00 7.808433538439120136e-01
1.190010600423442355e+01 2.590908225189399783e+00 7.801282600707244441e-01
1.191155942676015478e+01 2.593283294460387189e+00 7.794138207176535271e-01
1.192301284928588601e+01 2.595660540942433592e+00 7.787000351911883556e-01
1.193446627181161723e+01 2.598039966631375375e+00 7.779869028982913104e-01
1.194591969433734846e+01 2.600421573524877683e+00 7.772744232463981717e-01
1.195737311686307969e+01 2.602805363622436641e+00 7.765625956434185628e-01
1.196882653938880914e+01 2.605191338925382016e+00 7.758514194977370604e-01
1.198027996191454037e+01 2.607579501436877667e+00 7.751408942182125283e-01
1.199173338444027159e+01 2.609969853161924203e+00 7.744310192141795612e-01
1.200318680696600282e+01 2.612362396107359874e+00 7.737217938954481511e-01
1.201464022949173405e+01 2.614757132281862351e+00 7.730132176723042425e-01
1.202609365201746350e+01 2.617154063695950938e+00 7.723052899555105100e-01
1.203754707454319473e+01 2.619553192361987914e+00 7.715980101563062465e-01
1.204900049706892595e+01 2.621954520294180746e+00 7.708913776864072531e-01
1.206045391959465718e+01 2.624358049508582535e+00 7.701853919580070595e-01
1.207190734212038841e+01 2.626763782023094684e+00 7.694800523837778128e-01
1.208336076464611963e+01 2.629171719857469114e+00 7.687753583768679455e-01
1.209481418717184908e+01 2.631581865033307821e+00 7.680713093509056177e-01
1.210626760969758031e+01 2.633994219574067763e+00 7.673679047199968295e-01
1.211772103222331154e+01 2.636408785505059527e+00 7.666651438987268641e-01
1.212917445474904277e+01 2.638825564853449990e+00 7.659630263021602881e-01
1.214062787727477399e+01 2.641244559648265877e+00 7.652615513458405072e-01
1.215208129980050522e+01 2.643665771920392871e+00 7.645607184457908767e-01
1.216353472232623467e+01 2.646089203702577386e+00 7.638605270185152563e-01
1.217498814485196590e+01 2.648514857029431457e+00 7.631609764809967889e-01
1.218644156737769713e+01 2.650942733937430962e+00 7.624620662506992330e-01
1.219789498990342835e+01 2.653372836464918727e+00 7.617637957455672959e-01
1.220934841242915958e+01 2.655805166652106308e+00 7.610661643840263002e-01
1.222080183495489081e+01 2.658239726541074432e+00 7.603691715849826283e-01
1.223225525748062026e+01 2.660676518175777439e+00 7.596728167678238330e-01
1.224370868000635149e+01 2.663115543602042390e+00 7.589770993524188603e-01
1.225516210253208271e+01 2.665556804867572183e+00 7.582820187591180483e-01
1.226661552505781394e+01 2.668000304021946434e+00 7.575875744087539054e-01
1.227806894758354517e+01 2.670446043116624146e+00 7.568937657226401106e-01
1.228952237010927462e+01 2.672894024204943264e+00 7.562005921225738447e-01
1.230097579263500585e+01 2.675344249342126890e+00 7.555080530308326825e-01
1.231242921516073707e+01 2.677796720585279289e+00 7.548161478701780336e-01
1.232388263768646830e+01 2.680251439993392548e+00 7.541248760638522564e-01
1.233533606021219953e+01 2.682708409627344803e+00 7.534342370355819885e-01
1.234678948273793075e+01 2.685167631549903788e+00 7.527442302095758153e-01
1.235824290526366021e+01 2.687629107825728614e+00 7.520548550105247143e-01
1.236969632778939143e+01 2.690092840521371098e+00 7.513661108636033870e-01
1.238114975031512266e+01 2.692558831705276212e+00 7.506779971944691487e-01
1.239260317284085389e+01 2.695027083447786520e+00 7.499905134292623732e-01
1.240405659536658511e+01 2.697497597821142179e+00 7.493036589946063808e-01
1.241551001789231634e+01 2.699970376899481828e+00 7.486174333176087714e-01
1.242696344041804579e+01 2.702445422758846139e+00 7.479318358258594257e-01
1.243841686294377702e+01 2.704922737477180039e+00 7.472468659474322816e-01
1.244987028546950825e+01 2.707402323134331823e+00 7.465625231108843352e-01
1.246132370799523947e+01 2.709884181812057147e+00 7.458788067452559734e-01
1.247277713052097070e+01 2.712368315594019030e+00 7.451957162800718626e-01
1.248423055304670193e+01 2.714854726565791410e+00 7.445132511453399493e-01
1.249568397557243138e+01 2.717343416814860024e+00 7.438314107715510159e-01
1.250713739809816261e+01 2.719834388430623751e+00 7.431501945896809014e-01
1.251859082062389383e+01 2.722327643504397265e+00 7.424696020311880584e-01
1.253004424314962506e+01 2.724823184129412823e+00 7.417896325280145531e-01
1.254149766567535629e+01 2.727321012400819811e+00 7.411102855125870636e-01
1.255295108820108574e+01 2.729821130415689634e+00 7.404315604178152155e-01
1.256440451072681697e+01 2.732323540273016160e+00 7.397534566770924691e-01
1.257585793325254819e+01 2.734828244073716164e+00 7.390759737242966754e-01
1.258731135577827942e+01 2.737335243920633765e+00 7.383991109937877440e-01
1.259876477830401065e+01 2.739844541918539544e+00 7.377228679204106410e-01
1.261021820082974187e+01 2.742356140174134982e+00 7.370472439394937236e-01
1.262167162335547133e+01 2.744870040796050237e+00 7.363722384868489623e-01
1.263312504588120255e+01 2.747386245894851253e+00 7.356978509987710524e-01
1.264457846840693378e+01 2.749904757583037984e+00 7.350240809120390795e-01
1.265603189093266501e+01 2.752425577975045279e+00 7.343509276639154093e-01
1.266748531345839623e+01 2.754948709187247768e+00 7.336783906921457987e-01
1.267893873598412746e+01 2.757474153337959866e+00 7.330064694349598398e-01
1.269039215850985691e+01 2.760001912547437541e+00 7.323351633310694053e-01
1.270184558103558814e+01 2.762531988937880989e+00 7.316644718196705366e-01
1.271329900356131937e+01 2.765064384633435068e+00 7.309943943404418887e-01
1.272475242608705059e+01 2.767599101760192415e+00 7.303249303335456188e-01
1.273620584861278182e+01 2.770136142446194327e+00 7.296560792396269424e-01
1.274765927113851305e+01 2.772675508821432544e+00 7.289878404998136885e-01
1.275911269366424250e+01 2.775217203017851908e+00 7.283202135557168555e-01
1.277056611618997373e+01 2.777761227169352143e+00 7.276531978494297226e-01
1.278201953871570495e+01 2.780307583411788297e+00 7.269867928235288490e-01
1.279347296124143618e+01 2.782856273882972520e+00 7.263209979210731859e-01
1.280492638376716741e+01 2.785407300722678947e+00 7.256558125856037433e-01
1.281637980629289686e+01 2.787960666072640148e+00 7.249912362611450334e-01
1.282783322881862809e+01 2.790516372076555118e+00 7.243272683922020727e-01
1.283928665134435931e+01 2.793074420880086617e+00 7.236639084237638242e-01
1.285074007387009054e+01 2.795634814630864273e+00 7.230011558012999773e-01
1.286219349639582177e+01 2.798197555478485476e+00 7.223390099707629464e-01
1.287364691892155300e+01 2.800762645574520260e+00 7.216774703785859835e-01
1.288510034144728245e+01 2.803330087072509524e+00 7.210165364716850656e-01
1.289655376397301367e+01 2.805899882127968592e+00 7.203562076974572292e-01
1.290800718649874490e+01 2.808472032898388537e+00 7.196964835037804598e-01
1.291946060902447613e+01 2.811046541543238853e+00 7.190373633390144681e-01
1.293091403155020735e+01 2.813623410223968335e+00 7.183788466519996918e-01
1.294236745407593858e+01 2.816202641104005977e+00 7.177209328920581832e-01
1.295382087660166803e+01 2.818784236348765848e+00 7.170636215089919441e-01
1.296527429912739926e+01 2.821368198125646209e+00 7.164069119530841467e-01
1.297672772165313049e+01 2.823954528604032621e+00 7.157508036750975799e-01
1.298818114417886171e+01 2.826543229955297942e+00 7.150952961262768692e-01
1.299963456670459294e+01 2.829134304352806772e+00 7.144403887583453683e-01
1.301108798923032417e+01 2.831727753971915895e+00 7.137860810235070463e-01
1.302254141175605362e+01 2.834323580989975166e+00 7.131323723744454890e-01
1.303399483428178485e+01 2.836921787586332400e+00 7.124792622643238982e-01
1.304544825680751607e+01 2.839522375942331589e+00 7.118267501467847591e-01
1.305690167933324730e+01 2.842125348241316907e+00 7.111748354759501733e-01
1.306835510185897853e+01 2.844730706668634035e+00 7.105235177064210816e-01
1.307980852438470798e+01 2.847338453411631054e+00 7.098727962932774860e-01
1.309126194691043921e+01 2.849948590659662440e+00 7.092226706920776724e-01
1.310271536943617043e+01 2.852561120604089506e+00 7.085731403588589883e-01
1.311416879196190166e+01 2.855176045438281296e+00 7.079242047501365098e-01
1.312562221448763289e+01 2.857793367357618131e+00 7.072758633229040415e-01
1.313707563701336412e+01 2.860413088559493833e+00 7.066281155346324505e-01
1.314852905953909357e+01 2.863035211243313949e+00 7.059809608432713324e-01
1.315998248206482479e+01 2.865659737610503743e+00 7.053343987072469012e-01
1.317143590459055602e+01 2.868286669864503313e+00 7.046884285854629892e-01
1.318288932711628725e+01 2.870916010210775138e+00 7.040430499373006024e-01
1.319434274964201848e+01 2.873547760856801414e+00 7.033982622226172543e-01
1.320579617216774970e+01 2.876181924012088498e+00 7.027540649017475216e-01
1.321724959469347915e+01 2.878818501888168679e+00 7.021104574355021555e-01
1.322870301721921038e+01 2.881457496698601961e+00 7.014674392851679707e-01
1.324015643974494161e+01 2.884098910658976500e+00 7.008250099125081789e-01
1.325160986227067283e+01 2.886742745986911718e+00 7.001831687797609449e-01
1.326306328479640406e+01 2.889389004902060076e+00 6.995419153496407194e-01
1.327451670732213529e+01 2.892037689626108854e+00 6.989012490853370174e-01
1.328597012984786474e+01 2.894688802382781478e+00 6.982611694505140854e-01
1.329742355237359597e+01 2.897342345397840191e+00 6.976216759093115671e-01
1.330887697489932719e+01 2.899998320899087823e+00 6.969827679263430609e-01
1.332033039742505842e+01 2.902656731116369571e+00 6.963444449666970071e-01
1.333178381995078965e+01 2.905317578281572999e+00 6.957067064959353564e-01
1.334323724247651910e+01 2.907980864628633810e+00 6.950695519800942357e-01
1.335469066500225033e+01 2.910646592393534959e+00 6.944329808856833930e-01
1.336614408752798155e+01 2.913314763814308428e+00 6.937969926796860864e-01
1.337759751005371278e+01 2.915985381131038334e+00 6.931615868295577521e-01
1.338905093257944401e+01 2.918658446585861821e+00 6.925267628032280021e-01
1.340050435510517524e+01 2.921333962422972164e+00 6.918925200690976274e-01
1.341195777763090469e+01 2.924011930888618771e+00 6.912588580960413731e-01
1.342341120015663591e+01 2.926692354231111182e+00 6.906257763534044969e-01
1.343486462268236714e+01 2.929375234700819508e+00 6.899932743110046562e-01
1.344631804520809837e+01 2.932060574550176657e+00 6.893613514391314645e-01
1.345777146773382960e+01 2.934748376033680994e+00 6.887300072085447145e-01
1.346922489025956082e+01 2.937438641407896345e+00 6.880992410904768208e-01
1.348067831278529027e+01 2.940131372931455545e+00 6.874690525566293786e-01
1.349213173531102150e+01 2.942826572865063550e+00 6.868394410791753835e-01
1.350358515783675273e+01 2.945524243471495662e+00 6.862104061307572334e-01
1.351503858036248396e+01 2.948224387015601966e+00 6.855819471844883939e-01
1.352649200288821518e+01 2.950927005764308664e+00 6.849540637139510668e-01
1.353794542541394641e+01 2.953632101986620739e+00 6.843267551931965231e-01
1.354939884793967586e+01 2.956339677953621514e+00 6.837000210967465463e-01
1.356085227046540709e+01 2.959049735938479309e+00 6.830738608995903238e-01
1.357230569299113832e+01 2.961762278216443001e+00 6.824482740771860012e-01
1.358375911551686954e+01 2.964477307064848688e+00 6.818232601054604602e-01
1.359521253804260077e+01 2.967194824763119687e+00 6.811988184608076535e-01
1.360666596056833022e+01 2.969914833592769643e+00 6.805749486200901588e-01
1.361811938309406145e+01 2.972637335837402084e+00 6.799516500606369585e-01
1.362957280561979267e+01 2.975362333782715307e+00 6.793289222602453270e-01
1.364102622814552390e+01 2.978089829716502823e+00 6.787067646971780555e-01
1.365247965067125513e+01 2.980819825928654243e+00 6.780851768501648946e-01
1.366393307319698636e+01 2.983552324711159276e+00 6.774641581984028882e-01
1.367538649572271581e+01 2.986287328358107729e+00 6.768437082215535971e-01
1.368683991824844703e+01 2.989024839165694836e+00 6.762238263997438770e-01
1.369829334077417826e+01 2.991764859432217705e+00 6.756045122135679870e-01
1.370974676329990949e+01 2.994507391458081536e+00 6.749857651440829276e-01
1.372120018582564072e+01 2.997252437545800952e+00 6.743675846728122147e-01
1.373265360835137194e+01 3.000000000000000444e+00 6.737499702817425495e-01
