# tau=beta*t, lambda=exp[(gamma_dot/beta)*tau], sigma_norm=sigma/mu
# tau lambda sigma_over_mu
0.000000000000000000e+00 1.000000000000000000e+00 0.000000000000000000e+00
4.581369010292367372e-02 1.000916693709138716e+00 9.152086640114720506e-02
9.162738020584734744e-02 1.001834227745634021e+00 1.786882639968471187e-01
1.374410703087710073e-01 1.002752602879808386e+00 2.617053902238579144e-01
1.832547604116946949e-01 1.003671819882690830e+00 3.407659607582142480e-01
2.290684505146183825e-01 1.004591879526017140e+00 4.160546520088569400e-01
2.748821406175420146e-01 1.005512782582230535e+00 4.877475229585848115e-01
3.206958307204657022e-01 1.006434529824482338e+00 5.560124173163399908e-01
3.665095208233893898e-01 1.007357122026632634e+00 6.210093468998749699e-01
4.123232109263130774e-01 1.008280559963250500e+00 6.828908571249112658e-01
4.581369010292367649e-01 1.009204844409615776e+00 7.418023754361644517e-01
5.039505911321604525e-01 1.010129976141718400e+00 7.978825434762142343e-01
5.497642812350840291e-01 1.011055955936260187e+00 8.512635337516150091e-01
5.955779713380077167e-01 1.011982784570654159e+00 9.020713515195802890e-01
6.413916614409314043e-01 1.012910462823026991e+00 9.504261225854200301e-01
6.872053515438550919e-01 1.013838991472217677e+00 9.964423676679996511e-01
7.330190416467787795e-01 1.014768371297779748e+00 1.040229263960564587e+00
7.788327317497024671e-01 1.015698603079981499e+00 1.081890894484322629e+00
8.246464218526261547e-01 1.016629687599805987e+00 1.121526485804656526e+00
8.704601119555498423e-01 1.017561625638952583e+00 1.159230634653241276e+00
9.162738020584735299e-01 1.018494417979836753e+00 1.195093523973726368e+00
9.620874921613971065e-01 1.019428065405591832e+00 1.229201128884808591e+00
1.007901182264320905e+00 1.020362568700068806e+00 1.261635413031136910e+00
1.053714872367244482e+00 1.021297928647836750e+00 1.292474515770800192e+00
1.099528562470168058e+00 1.022234146034184832e+00 1.321792930627121665e+00
1.145342252573091857e+00 1.023171221645121198e+00 1.349661675412328732e+00
1.191155942676015433e+00 1.024109156267375198e+00 1.376148454412020827e+00
1.236969632778939232e+00 1.025047950688396936e+00 1.401317813000789059e+00
1.282783322881862809e+00 1.025987605696358607e+00 1.425231285042394269e+00
1.328597012984786607e+00 1.026928122080154715e+00 1.447947533411173104e+00
1.374410703087710184e+00 1.027869500629403410e+00 1.469522483955795211e+00
1.420224393190633982e+00 1.028811742134446039e+00 1.490009453211350365e+00
1.466038083293557559e+00 1.029754847386348704e+00 1.509459270151642052e+00
1.511851773396481136e+00 1.030698817176902926e+00 1.527920392259765725e+00
1.557665463499404934e+00 1.031643652298625868e+00 1.545439016182166503e+00
1.603479153602328511e+00 1.032589353544761002e+00 1.562059183218985403e+00
1.649292843705252309e+00 1.033535921709279215e+00 1.577822879891686458e+00
1.695106533808175886e+00 1.034483357586879038e+00 1.592770133817693834e+00
1.740920223911099685e+00 1.035431661972987749e+00 1.606939105111085064e+00
1.786733914014023261e+00 1.036380835663761601e+00 1.620366173518116293e+00
1.832547604116947060e+00 1.037330879456086485e+00 1.633086021486659378e+00
1.878361294219870636e+00 1.038281794147579262e+00 1.645131713359301973e+00
1.924174984322794213e+00 1.039233580536587764e+00 1.656534770871003204e+00
1.969988674425718012e+00 1.040186239422191461e+00 1.667325245123789657e+00
2.015802364528641810e+00 1.041139771604202569e+00 1.677531785202893255e+00
2.061616054631565387e+00 1.042094177883166273e+00 1.687181703591068782e+00
2.107429744734488963e+00 1.043049459060362061e+00 1.696301038530521277e+00
2.153243434837412540e+00 1.044005615937803277e+00 1.704914613474872942e+00
2.199057124940336116e+00 1.044962649318238901e+00 1.713046093767004008e+00
2.244870815043260137e+00 1.045920560005153988e+00 1.720718040672196025e+00
2.290684505146183714e+00 1.046879348802769671e+00 1.727951962890007520e+00
2.336498195249107290e+00 1.047839016516044497e+00 1.734768365662560763e+00
2.382311885352030867e+00 1.048799563950675084e+00 1.741186797591374180e+00
2.428125575454954888e+00 1.049760991913096131e+00 1.747225895269699292e+00
2.473939265557878464e+00 1.050723301210482186e+00 1.752903425832298634e+00
2.519752955660802041e+00 1.051686492650747429e+00 1.758236327519836273e+00
2.565566645763725617e+00 1.052650567042546559e+00 1.763240748350543674e+00
2.611380335866649194e+00 1.053615525195275904e+00 1.767932082987483833e+00
2.657194025969573214e+00 1.054581367919073198e+00 1.772325007885607207e+00
2.703007716072496791e+00 1.055548096024819804e+00 1.776433514798885671e+00
2.748821406175420368e+00 1.056515710324139157e+00 1.780270942724027305e+00
2.794635096278343944e+00 1.057484211629399651e+00 1.783850008353765393e+00
2.840448786381267965e+00 1.058453600753713753e+00 1.787182835109228485e+00
2.886262476484191541e+00 1.059423878510939998e+00 1.790280980817729573e+00
2.932076166587115118e+00 1.060395045715682549e+00 1.793155464099160268e+00
2.977889856690038695e+00 1.061367103183292082e+00 1.795816789521269552e+00
3.023703546792962271e+00 1.062340051729866897e+00 1.798274971581259596e+00
3.069517236895886292e+00 1.063313892172254027e+00 1.800539557568475058e+00
3.115330926998809868e+00 1.064288625328048132e+00 1.802619649360389875e+00
3.161144617101733445e+00 1.065264252015594382e+00 1.804523924201672402e+00
3.206958307204657022e+00 1.066240773053987567e+00 1.806260654513774488e+00
3.252771997307581042e+00 1.067218189263073436e+00 1.807837726780283871e+00
3.298585687410504619e+00 1.068196501463449355e+00 1.809262659551170493e+00
3.344399377513428195e+00 1.069175710476464980e+00 1.810542620607028752e+00
3.390213067616351772e+00 1.070155817124222697e+00 1.811684443322523874e+00
3.436026757719275349e+00 1.071136822229578733e+00 1.812694642266398537e+00
3.481840447822199369e+00 1.072118726616143602e+00 1.813579428073665678e+00
3.527654137925122946e+00 1.073101531108282547e+00 1.814344721623946777e+00
3.573467828028046522e+00 1.074085236531116649e+00 1.814996167558329709e+00
3.619281518130970099e+00 1.075069843710523720e+00 1.815539147165616596e+00
3.665095208233894120e+00 1.076055353473137854e+00 1.815978790667368115e+00
3.710908898336817696e+00 1.077041766646351872e+00 1.816319988929820273e+00
3.756722588439741273e+00 1.078029084058316212e+00 1.816567404629397142e+00
3.802536278542664849e+00 1.079017306537941145e+00 1.816725482897316057e+00
3.848349968645588426e+00 1.080006434914896563e+00 1.816798461467596715e+00
3.894163658748512447e+00 1.080996470019612410e+00 1.816790380351641199e+00
3.939977348851436023e+00 1.081987412683280692e+00 1.816705091061467048e+00
3.985791038954359600e+00 1.082979263737854803e+00 1.816546265402667393e+00
4.031604729057283620e+00 1.083972024016051083e+00 1.816317403857156343e+00
4.077418419160206753e+00 1.084965694351349041e+00 1.816021843574847860e+00
4.123232109263130774e+00 1.085960275577992240e+00 1.815662765992517302e+00
4.169045799366053906e+00 1.086955768530989186e+00 1.815243204097229501e+00
4.214859489468977927e+00 1.087952174046113774e+00 1.814766049350930111e+00
4.260673179571901947e+00 1.088949492959905729e+00 1.814234058291988916e+00
4.306486869674825080e+00 1.089947726109671944e+00 1.813649858828794370e+00
4.352300559777749100e+00 1.090946874333486916e+00 1.813015956239738324e+00
4.398114249880672233e+00 1.091946938470192974e+00 1.812334738893312425e+00
4.443927939983596254e+00 1.092947919359401832e+00 1.811608483701360628e+00
4.489741630086520274e+00 1.093949817841495031e+00 1.810839361317938101e+00
4.535555320189443407e+00 1.094952634757623944e+00 1.810029441095656333e+00
4.581369010292367427e+00 1.095956370949711101e+00 1.809180695810814310e+00
4.627182700395291448e+00 1.096961027260451305e+00 1.808295006168109564e+00
4.672996390498214581e+00 1.097966604533311408e+00 1.807374165095216423e+00
4.718810080601138601e+00 1.098973103612531643e+00 1.806419881837025398e+00
4.764623770704061734e+00 1.099980525343126070e+00 1.805433785858896245e+00
4.810437460806985754e+00 1.100988870570883238e+00 1.804417430567837544e+00
4.856251150909909775e+00 1.101998140142367300e+00 1.803372296860098922e+00
4.902064841012832908e+00 1.103008334904918453e+00 1.802299796503276985e+00
4.947878531115756928e+00 1.104019455706653607e+00 1.801201275360664988e+00
4.993692221218680061e+00 1.105031503396466608e+00 1.800078016465186392e+00
5.039505911321604081e+00 1.106044478824030453e+00 1.798931242949946885e+00
5.085319601424528102e+00 1.107058382839796185e+00 1.797762120842088862e+00
5.131133291527451235e+00 1.108073216294994667e+00 1.796571761726318828e+00
5.176946981630375255e+00 1.109088980041637473e+00 1.795361225284196616e+00
5.222760671733298388e+00 1.110105674932516884e+00 1.794131521714976474e+00
5.268574361836222408e+00 1.111123301821206777e+00 1.792883614043529583e+00
5.314388051939146429e+00 1.112141861562063738e+00 1.791618420320610472e+00
5.360201742042069561e+00 1.113161355010227727e+00 1.790336815720494856e+00
5.406015432144993582e+00 1.114181783021622074e+00 1.789039634540776191e+00
5.451829122247917603e+00 1.115203146452955041e+00 1.787727672108876398e+00
5.497642812350840735e+00 1.116225446161720258e+00 1.786401686599637717e+00
5.543456502453764756e+00 1.117248683006197396e+00 1.785062400768128832e+00
5.589270192556687888e+00 1.118272857845452606e+00 1.783710503601630748e+00
5.635083882659611909e+00 1.119297971539340297e+00 1.782346651894564316e+00
5.680897572762535930e+00 1.120324024948502251e+00 1.780971471749965174e+00
5.726711262865459062e+00 1.121351018934369614e+00 1.779585560010916501e+00
5.772524952968383083e+00 1.122378954359163128e+00 1.778189485625225164e+00
5.818338643071306215e+00 1.123407832085894009e+00 1.776783790946439456e+00
5.864152333174230236e+00 1.124437652978364399e+00 1.775368992974188265e+00
5.909966023277154257e+00 1.125468417901168472e+00 1.773945584536666065e+00
5.955779713380077389e+00 1.126500127719692879e+00 1.772514035417965594e+00
6.001593403483001410e+00 1.127532783300117414e+00 1.771074793432835248e+00
6.047407093585924542e+00 1.128566385509416570e+00 1.769628285451295691e+00
6.093220783688848563e+00 1.129600935215358426e+00 1.768174918375483129e+00
6.139034473791772584e+00 1.130636433286507758e+00 1.766715080070919264e+00
6.184848163894695716e+00 1.131672880592224706e+00 1.765249140254353533e+00
6.230661853997619737e+00 1.132710278002666549e+00 1.763777451340193148e+00
6.276475544100542869e+00 1.133748626388788372e+00 1.762300349247456266e+00
6.322289234203466890e+00 1.134787926622343734e+00 1.760818154169089933e+00
6.368102924306390911e+00 1.135828179575885111e+00 1.759331171305405173e+00
6.413916614409314043e+00 1.136869386122764780e+00 1.757839691563306772e+00
6.459730304512238064e+00 1.137911547137136159e+00 1.756343992222912043e+00
6.505543994615162084e+00 1.138954663493953134e+00 1.754844337573078228e+00
6.551357684718085217e+00 1.139998736068972285e+00 1.753340979517289178e+00
6.597171374821009238e+00 1.141043765738752880e+00 1.751834158151285958e+00
6.642985064923932370e+00 1.142089753380657768e+00 1.750324102313756347e+00
6.688798755026856391e+00 1.143136699872853601e+00 1.748811030111344200e+00
6.734612445129780411e+00 1.144184606094312828e+00 1.747295149419166194e+00
6.780426135232703544e+00 1.145233472924812812e+00 1.745776658357996336e+00
6.826239825335627565e+00 1.146283301244938269e+00 1.744255745749188291e+00
6.872053515438550697e+00 1.147334091936080380e+00 1.742732591548382004e+00
6.917867205541474718e+00 1.148385845880438572e+00 1.741207367258988059e+00
6.963680895644398738e+00 1.149438563961021398e+00 1.739680236326381690e+00
7.009494585747321871e+00 1.150492247061645879e+00 1.738151354513721270e+00
7.055308275850245892e+00 1.151546896066940162e+00 1.736620870260232374e+00
7.101121965953169024e+00 1.152602511862343082e+00 1.735088925022787443e+00
7.146935656056093045e+00 1.153659095334104823e+00 1.733555653601553725e+00
7.192749346159017065e+00 1.154716647369288474e+00 1.732021184450455831e+00
7.238563036261940198e+00 1.155775168855769808e+00 1.730485639973159184e+00
7.284376726364864219e+00 1.156834660682238614e+00 1.728949136805249642e+00
7.330190416467788239e+00 1.157895123738199805e+00 1.727411786083252965e+00
7.376004106570711372e+00 1.158956558913972978e+00 1.725873693701113210e+00
7.421817796673635392e+00 1.160018967100694631e+00 1.724334960554701812e+00
7.467631486776558525e+00 1.161082349190317498e+00 1.722795682774935777e+00
7.513445176879482545e+00 1.162146706075612546e+00 1.721255951950012131e+00
7.559258866982406566e+00 1.163212038650168312e+00 1.719715855337289989e+00
7.605072557085329699e+00 1.164278347808393566e+00 1.718175476065282758e+00
7.650886247188253719e+00 1.165345634445515977e+00 1.716634893326237865e+00
7.696699937291176852e+00 1.166413899457584558e+00 1.715094182559728786e+00
7.742513627394100872e+00 1.167483143741469442e+00 1.713553415627695253e+00
7.788327317497024893e+00 1.168553368194862774e+00 1.712012660981308887e+00
7.834141007599948026e+00 1.169624573716280036e+00 1.710471983820068820e+00
7.879954697702872046e+00 1.170696761205059833e+00 1.708931446243470598e+00
7.925768387805795179e+00 1.171769931561365663e+00 1.707391107395603846e+00
7.971582077908719199e+00 1.172844085686185922e+00 1.705851023603014438e+00
8.017395768011642332e+00 1.173919224481335011e+00 1.704311248506124254e+00
8.063209458114567241e+00 1.174995348849454224e+00 1.702771833184534511e+00
8.109023148217490373e+00 1.176072459694011973e+00 1.701232826276480647e+00
8.154836838320413506e+00 1.177150557919304674e+00 1.699694274092719448e+00
8.200650528423338415e+00 1.178229644430458745e+00 1.698156220725100862e+00
8.246464218526261547e+00 1.179309720133428829e+00 1.696618708150084087e+00
8.292277908629184680e+00 1.180390785935001352e+00 1.695081776327419965e+00
8.338091598732107812e+00 1.181472842742793405e+00 1.693545463294236608e+00
8.383905288835032721e+00 1.182555891465254083e+00 1.692009805254732324e+00
8.429718978937955853e+00 1.183639933011665368e+00 1.690474836665695424e+00
8.475532669040878986e+00 1.184724968292142577e+00 1.688940590318026791e+00
8.521346359143803895e+00 1.185810998217635692e+00 1.687407097414463708e+00
8.567160049246727027e+00 1.186898023699929361e+00 1.685874387643684136e+00
8.612973739349650160e+00 1.187986045651644451e+00 1.684342489250950203e+00
8.658787429452575068e+00 1.189075064986238051e+00 1.682811429105458334e+00
8.704601119555498201e+00 1.190165082618004577e+00 1.681281232764554323e+00
8.750414809658421333e+00 1.191256099462077334e+00 1.679751924534943486e+00
8.796228499761344466e+00 1.192348116434427396e+00 1.678223527531059744e+00
8.842042189864269375e+00 1.193441134451866281e+00 1.676696063730704012e+00
8.887855879967192507e+00 1.194535154432045720e+00 1.675169554028087093e+00
8.933669570070115640e+00 1.195630177293458773e+00 1.673644018284408563e+00
8.979483260173040549e+00 1.196726203955440271e+00 1.672119475376070419e+00
9.025296950275963681e+00 1.197823235338167702e+00 1.670595943240640091e+00
9.071110640378886814e+00 1.198921272362662549e+00 1.669073438920680053e+00
9.116924330481811722e+00 1.200020315950790062e+00 1.667551978605521512e+00
9.162738020584734855e+00 1.201120367025260816e+00 1.666031577671104102e+00
9.208551710687657987e+00 1.202221426509631375e+00 1.664512250717941733e+00
9.254365400790582896e+00 1.203323495328304737e+00 1.662994011607336509e+00
9.300179090893506029e+00 1.204426574406531003e+00 1.661476873495887352e+00
9.345992780996429161e+00 1.205530664670409147e+00 1.659960848868399674e+00
9.391806471099352294e+00 1.206635767046886354e+00 1.658445949569259170e+00
9.437620161202277203e+00 1.207741882463760241e+00 1.656932186832339005e+00
9.483433851305200335e+00 1.208849011849678190e+00 1.655419571309517668e+00
9.529247541408123467e+00 1.209957156134139344e+00 1.653908113097861454e+00
9.575061231511048376e+00 1.211066316247495056e+00 1.652397821765544395e+00
9.620874921613971509e+00 1.212176493120949106e+00 1.650888706376559600e+00
9.666688611716894641e+00 1.213287687686559035e+00 1.649380775514273312e+00
9.712502301819819550e+00 1.214399900877236815e+00 1.647874037303885819e+00
9.758315991922742683e+00 1.215513133626749731e+00 1.646368499433844335e+00
9.804129682025665815e+00 1.216627386869721050e+00 1.644864169176254221e+00
9.849943372128590724e+00 1.217742661541630467e+00 1.643361053406343641e+00
9.895757062231513856e+00 1.218858958578815654e+00 1.641859158621016945e+00
9.941570752334436989e+00 1.219976278918472268e+00 1.640358490956543402e+00
9.987384442437360121e+00 1.221094623498655496e+00 1.638859056205421716e+00
1.003319813254028503e+01 1.222213993258279841e+00 1.637360859832460935e+00
1.007901182264320816e+01 1.223334389137121114e+00 1.635863906990105754e+00
1.012482551274613130e+01 1.224455812075816219e+00 1.634368202533052150e+00
1.017063920284905620e+01 1.225578263015864700e+00 1.632873751032179577e+00
1.021645289295197934e+01 1.226701742899628522e+00 1.631380556787836555e+00
1.026226658305490247e+01 1.227826252670334073e+00 1.629888623842499662e+00
1.030808027315782738e+01 1.228951793272072601e+00 1.628397955992849866e+00
1.035389396326075051e+01 1.230078365649799998e+00 1.626908556801283545e+00
1.039970765336367364e+01 1.231205970749338796e+00 1.625420429606884376e+00
1.044552134346659678e+01 1.232334609517378832e+00 1.623933577535886075e+00
1.049133503356952168e+01 1.233464282901477471e+00 1.622448003511646419e+00
1.053714872367244482e+01 1.234594991850060719e+00 1.620963710264158308e+00
1.058296241377536795e+01 1.235726737312423884e+00 1.619480700339112511e+00
1.062877610387829286e+01 1.236859520238732912e+00 1.617998976106544529e+00
1.067458979398121599e+01 1.237993341580024165e+00 1.616518539769070451e+00
1.072040348408413912e+01 1.239128202288206193e+00 1.615039393369748222e+00
1.076621717418706403e+01 1.240264103316060407e+00 1.613561538799562767e+00
1.081203086428998716e+01 1.241401045617240850e+00 1.612084977804569830e+00
1.085784455439291030e+01 1.242539030146276424e+00 1.610609711992701421e+00
1.090365824449583521e+01 1.243678057858570885e+00 1.609135742840256400e+00
1.094947193459875834e+01 1.244818129710403953e+00 1.607663071698090418e+00
1.099528562470168147e+01 1.245959246658931319e+00 1.606191699797512085e+00
1.104109931480460460e+01 1.247101409662186855e+00 1.604721628255907584e+00
1.108691300490752951e+01 1.248244619679082401e+00 1.603252858082104382e+00
1.113272669501045264e+01 1.249388877669408648e+00 1.601785390181482249e+00
1.117854038511337578e+01 1.250534184593836029e+00 1.600319225360845143e+00
1.122435407521630069e+01 1.251680541413916270e+00 1.598854364333069489e+00
1.127016776531922382e+01 1.252827949092081949e+00 1.597390807721532413e+00
1.131598145542214695e+01 1.253976408591647829e+00 1.595928556064338366e+00
1.136179514552507186e+01 1.255125920876812184e+00 1.594467609818339016e+00
1.140760883562799499e+01 1.256276486912657031e+00 1.593007969362977949e+00
1.145342252573091812e+01 1.257428107665148787e+00 1.591549635003945529e+00
1.149923621583384126e+01 1.258580784101139827e+00 1.590092606976671208e+00
1.154504990593676617e+01 1.259734517188368264e+00 1.588636885449648650e+00
1.159086359603968930e+01 1.260889307895459943e+00 1.587182470527605194e+00
1.163667728614261243e+01 1.262045157191928002e+00 1.585729362254527208e+00
1.168249097624553734e+01 1.263202066048175087e+00 1.584277560616541791e+00
1.172830466634846047e+01 1.264360035435492469e+00 1.582827065544664125e+00
1.177411835645138360e+01 1.265519066326062703e+00 1.581377876917416936e+00
1.181993204655430851e+01 1.266679159692958967e+00 1.579929994563328943e+00
1.186574573665723165e+01 1.267840316510146836e+00 1.578483418263317173e+00
1.191155942676015478e+01 1.269002537752484283e+00 1.577038147752952479e+00
1.195737311686307969e+01 1.270165824395723009e+00 1.575594182724630476e+00
1.200318680696600282e+01 1.271330177416509777e+00 1.574151522829627448e+00
1.204900049706892595e+01 1.272495597792385746e+00 1.572710167680074100e+00
1.209481418717184908e+01 1.273662086501788915e+00 1.571270116850826071e+00
1.214062787727477399e+01 1.274829644524053673e+00 1.569831369881255378e+00
1.218644156737769713e+01 1.275998272839412584e+00 1.568393926276950623e+00
1.223225525748062026e+01 1.277167972428996379e+00 1.566957785511347012e+00
1.227806894758354517e+01 1.278338744274835737e+00 1.565522947027272238e+00
1.232388263768646830e+01 1.279510589359860839e+00 1.564089410238423739e+00
1.236969632778939143e+01 1.280683508667903370e+00 1.562657174530777793e+00
1.241551001789231634e+01 1.281857503183697178e+00 1.561226239263931781e+00
1.246132370799523947e+01 1.283032573892878059e+00 1.559796603772383383e+00
1.250713739809816261e+01 1.284208721781985751e+00 1.558368267366751159e+00
1.255295108820108574e+01 1.285385947838464382e+00 1.556941229334936505e+00
1.259876477830401065e+01 1.286564253050663353e+00 1.555515488943234992e+00
1.264457846840693378e+01 1.287743638407837787e+00 1.554091045437389740e+00
1.269039215850985691e+01 1.288924104900149858e+00 1.552667898043604833e+00
1.273620584861278182e+01 1.290105653518669238e+00 1.551246045969499887e+00
1.278201953871570495e+01 1.291288285255373980e+00 1.549825488405032203e+00
1.282783322881862809e+01 1.292472001103152301e+00 1.548406224523363406e+00
1.287364691892155300e+01 1.293656802055801691e+00 1.546988253481697662e+00
1.291946060902447613e+01 1.294842689108030909e+00 1.545571574422073269e+00
1.296527429912739926e+01 1.296029663255460429e+00 1.544156186472118275e+00
1.301108798923032417e+01 1.297217725494623997e+00 1.542742088745773454e+00
1.305690167933324730e+01 1.298406876822968181e+00 1.541329280343978647e+00
1.310271536943617043e+01 1.299597118238854376e+00 1.539917760355328902e+00
1.314852905953909357e+01 1.300788450741559021e+00 1.538507527856699753e+00
1.319434274964201848e+01 1.301980875331274046e+00 1.537098581913843853e+00
1.324015643974494161e+01 1.303174393009109311e+00 1.535690921581955193e+00
1.328597012984786474e+01 1.304369004777091501e+00 1.534284545906215991e+00
1.333178381995078965e+01 1.305564711638166342e+00 1.532879453922307400e+00
1.337759751005371278e+01 1.306761514596198603e+00 1.531475644656906665e+00
1.342341120015663591e+01 1.307959414655973651e+00 1.530073117128152527e+00
1.346922489025956082e+01 1.309158412823197892e+00 1.528671870346093975e+00
1.351503858036248396e+01 1.310358510104498997e+00 1.527271903313116130e+00
1.356085227046540709e+01 1.311559707507428119e+00 1.525873215024347918e+00
1.360666596056833022e+01 1.312762006040460117e+00 1.524475804468046647e+00
1.365247965067125513e+01 1.313965406712994000e+00 1.523079670625969273e+00
1.369829334077417826e+01 1.315169910535353592e+00 1.521684812473726556e+00
1.374410703087710139e+01 1.316375518518789978e+00 1.520291228981112797e+00
1.378992072098002630e+01 1.317582231675480609e+00 1.518898919112432244e+00
1.383573441108294944e+01 1.318790051018530640e+00 1.517507881826799521e+00
1.388154810118587257e+01 1.319998977561974041e+00 1.516118116078432276e+00
1.392736179128879748e+01 1.321209012320774923e+00 1.514729620816928302e+00
1.397317548139172061e+01 1.322420156310826655e+00 1.513342394987528206e+00
1.401898917149464374e+01 1.323632410548955196e+00 1.511956437531369879e+00
1.406480286159756865e+01 1.324845776052917756e+00 1.510571747385725638e+00
1.411061655170049178e+01 1.326060253841404579e+00 1.509188323484233152e+00
1.415643024180341492e+01 1.327275844934040050e+00 1.507806164757112377e+00
1.420224393190633805e+01 1.328492550351382917e+00 1.506425270131374061e+00
1.424805762200926296e+01 1.329710371114927847e+00 1.505045638531017138e+00
1.429387131211218609e+01 1.330929308247105425e+00 1.503667268877218133e+00
1.433968500221510922e+01 1.332149362771283929e+00 1.502290160088510573e+00
1.438549869231803413e+01 1.333370535711769778e+00 1.500914311080958630e+00
1.443131238242095726e+01 1.334592828093807748e+00 1.499539720768318762e+00
1.447712607252388040e+01 1.335816240943582978e+00 1.498166388062193377e+00
1.452293976262680530e+01 1.337040775288221406e+00 1.496794311872186478e+00
1.456875345272972844e+01 1.338266432155790220e+00 1.495423491106036229e+00
1.461456714283265157e+01 1.339493212575299186e+00 1.494053924669757505e+00
1.466038083293557648e+01 1.340721117576701094e+00 1.492685611467766904e+00
1.470619452303849961e+01 1.341950148190893088e+00 1.491318550403005094e+00
1.475200821314142274e+01 1.343180305449717560e+00 1.489952740377055607e+00
1.479782190324434588e+01 1.344411590385962363e+00 1.488588180290253415e+00
1.484363559334727078e+01 1.345644004033362595e+00 1.487224869041794184e+00
1.488944928345019392e+01 1.346877547426600374e+00 1.485862805529832409e+00
1.493526297355311705e+01 1.348112221601306615e+00 1.484501988651581783e+00
1.498107666365604196e+01 1.349348027594061694e+00 1.483142417303402238e+00
1.502689035375896509e+01 1.350584966442395896e+00 1.481784090380890540e+00
1.507270404386188822e+01 1.351823039184791186e+00 1.480427006778961774e+00
1.511851773396481313e+01 1.353062246860680773e+00 1.479071165391932174e+00
1.516433142406773626e+01 1.354302590510451099e+00 1.477716565113590619e+00
1.521014511417065940e+01 1.355544071175442511e+00 1.476363204837273679e+00
1.525595880427358253e+01 1.356786689897949483e+00 1.475011083455932903e+00
1.530177249437650744e+01 1.358030447721222167e+00 1.473660199862200537e+00
1.534758618447943057e+01 1.359275345689467063e+00 1.472310552948453477e+00
1.539339987458235370e+01 1.360521384847848125e+00 1.470962141606869666e+00
1.543921356468527861e+01 1.361768566242486989e+00 1.469614964729487383e+00
1.548502725478820174e+01 1.363016890920464297e+00 1.468269021208259195e+00
1.553084094489112488e+01 1.364266359929821038e+00 1.466924309935100590e+00
1.557665463499404979e+01 1.365516974319558541e+00 1.465580829801941265e+00
1.562246832509697292e+01 1.366768735139639368e+00 1.464238579700772425e+00
1.566828201519989605e+01 1.368021643440989532e+00 1.462897558523688968e+00
1.571409570530282096e+01 1.369275700275497609e+00 1.461557765162932787e+00
1.575990939540574409e+01 1.370530906696016737e+00 1.460219198510934513e+00
1.580572308550866722e+01 1.371787263756365283e+00 1.458881857460348153e+00
1.585153677561159036e+01 1.373044772511327505e+00 1.457545740904091724e+00
1.589735046571451527e+01 1.374303434016654668e+00 1.456210847735379454e+00
1.594316415581743840e+01 1.375563249329065485e+00 1.454877176847757525e+00
1.598897784592036153e+01 1.376824219506247893e+00 1.453544727135130499e+00
1.603479153602328466e+01 1.378086345606859275e+00 1.452213497491797733e+00
1.608060522612620957e+01 1.379349628690527130e+00 1.450883486812477141e+00
1.612641891622913448e+01 1.380614069817850842e+00 1.449554693992335164e+00
1.617223260633205584e+01 1.381879670050401243e+00 1.448227117927010754e+00
1.621804629643498075e+01 1.383146430450723274e+00 1.446900757512641578e+00
1.626385998653790566e+01 1.384414352082335320e+00 1.445575611645886882e+00
1.630967367664082701e+01 1.385683436009730540e+00 1.444251679223949481e+00
1.635548736674375192e+01 1.386953683298378648e+00 1.442928959144597290e+00
1.640130105684667683e+01 1.388225095014725019e+00 1.441607450306183758e+00
1.644711474694959819e+01 1.389497672226193581e+00 1.440287151607666516e+00
1.649292843705252309e+01 1.390771416001186367e+00 1.438968061948626032e+00
1.653874212715544445e+01 1.392046327409084849e+00 1.437650180229283370e+00
1.658455581725836936e+01 1.393322407520250383e+00 1.436333505350516626e+00
1.663036950736129427e+01 1.394599657406026427e+00 1.435018036213875359e+00
1.667618319746421562e+01 1.395878078138737655e+00 1.433703771721597242e+00
1.672199688756714053e+01 1.397157670791692174e+00 1.432390710776621168e+00
1.676781057767006544e+01 1.398438436439181976e+00 1.431078852282602343e+00
1.681362426777298680e+01 1.399720376156483592e+00 1.429768195143921838e+00
1.685943795787591171e+01 1.401003491019859659e+00 1.428458738265702577e+00
1.690525164797883662e+01 1.402287782106559133e+00 1.427150480553818213e+00
1.695106533808175797e+01 1.403573250494818403e+00 1.425843420914907345e+00
1.699687902818468288e+01 1.404859897263862401e+00 1.424537558256378400e+00
1.704269271828760779e+01 1.406147723493905710e+00 1.423232891486424956e+00
1.708850640839052915e+01 1.407436730266152347e+00 1.421929419514033732e+00
1.713432009849345405e+01 1.408726918662798200e+00 1.420627141248991698e+00
1.718013378859637896e+01 1.410018289767031030e+00 1.419326055601895398e+00
1.722594747869930032e+01 1.411310844663030917e+00 1.418026161484161385e+00
1.727176116880222523e+01 1.412604584435972921e+00 1.416727457808030000e+00
1.731757485890515014e+01 1.413899510172025975e+00 1.415429943486574027e+00
1.736338854900807149e+01 1.415195622958355104e+00 1.414133617433708245e+00
1.740920223911099640e+01 1.416492923883121868e+00 1.412838478564191647e+00
1.745501592921392131e+01 1.417791414035485253e+00 1.411544525793636096e+00
1.750082961931684267e+01 1.419091094505602557e+00 1.410251758038511882e+00
1.754664330941976758e+01 1.420391966384630722e+00 1.408960174216152827e+00
1.759245699952268893e+01 1.421694030764726779e+00 1.407669773244761169e+00
1.763827068962561384e+01 1.422997288739048960e+00 1.406380554043413333e+00
1.768408437972853875e+01 1.424301741401757804e+00 1.405092515532064157e+00
1.772989806983146011e+01 1.425607389848015938e+00 1.403805656631551324e+00
1.777571175993438501e+01 1.426914235173991630e+00 1.402519976263599366e+00
1.782152545003730992e+01 1.428222278476856122e+00 1.401235473350822991e+00
1.786733914014023128e+01 1.429531520854787630e+00 1.399952146816732412e+00
1.791315283024315619e+01 1.430841963406970896e+00 1.398669995585736237e+00
1.795896652034608110e+01 1.432153607233598080e+00 1.397389018583142350e+00
1.800478021044900245e+01 1.433466453435869425e+00 1.396109214735165471e+00
1.805059390055192736e+01 1.434780503115995698e+00 1.394830582968926258e+00
1.809640759065485227e+01 1.436095757377197080e+00 1.393553122212455087e+00
1.814222128075777363e+01 1.437412217323705610e+00 1.392276831394695824e+00
1.818803497086069854e+01 1.438729884060765407e+00 1.391001709445506940e+00
1.823384866096362344e+01 1.440048758694634001e+00 1.389727755295662615e+00
1.827966235106654480e+01 1.441368842332582556e+00 1.388454967876858737e+00
1.832547604116946971e+01 1.442690136082897423e+00 1.387183346121710903e+00
1.837128973127239462e+01 1.444012641054881252e+00 1.385912888963757972e+00
1.841710342137531597e+01 1.445336358358853213e+00 1.384643595337463395e+00
1.846291711147824088e+01 1.446661289106150328e+00 1.383375464178217440e+00
1.850873080158116579e+01 1.447987434409128582e+00 1.382108494422337852e+00
1.855454449168408715e+01 1.449314795381163590e+00 1.380842685007070525e+00
1.860035818178701206e+01 1.450643373136651260e+00 1.379578034870593273e+00
1.864617187188993697e+01 1.451973168791009572e+00 1.378314542952015165e+00
1.869198556199285832e+01 1.453304183460678578e+00 1.377052208191376748e+00
1.873779925209578323e+01 1.454636418263121955e+00 1.375791029529652709e+00
1.878361294219870459e+01 1.455969874316827894e+00 1.374531005908752102e+00
1.882942663230162950e+01 1.457304552741309767e+00 1.373272136271519672e+00
1.887524032240455441e+01 1.458640454657107233e+00 1.372014419561734977e+00
1.892105401250747576e+01 1.459977581185786688e+00 1.370757854724115710e+00
1.896686770261040067e+01 1.461315933449943483e+00 1.369502440704314594e+00
1.901268139271332558e+01 1.462655512573201255e+00 1.368248176448924269e+00
1.905849508281624693e+01 1.463996319680214375e+00 1.366995060905473958e+00
1.910430877291917184e+01 1.465338355896667499e+00 1.365743093022432353e+00
1.915012246302209675e+01 1.466681622349277792e+00 1.364492271749204955e+00
1.919593615312501811e+01 1.468026120165794701e+00 1.363242596036139620e+00
1.924174984322794302e+01 1.469371850475002184e+00 1.361994064834520568e+00
1.928756353333086793e+01 1.470718814406718256e+00 1.360746677096572599e+00
1.933337722343378928e+01 1.472067013091796994e+00 1.359500431775460205e+00
1.937919091353671419e+01 1.473416447662128981e+00 1.358255327825287351e+00
1.942500460363963910e+01 1.474767119250642633e+00 1.357011364201098136e+00
1.947081829374256046e+01 1.476119028991304427e+00 1.355768539858875243e+00
1.951663198384548537e+01 1.477472178019120896e+00 1.354526853755541715e+00
1.956244567394841027e+01 1.478826567470138631e+00 1.353286304848960286e+00
1.960825936405133163e+01 1.480182198481445610e+00 1.352046892097933162e+00
1.965407305415425654e+01 1.481539072191172979e+00 1.350808614462200463e+00
1.969988674425718145e+01 1.482897189738493937e+00 1.349571470902442893e+00
1.974570043436010280e+01 1.484256552263626849e+00 1.348335460380279516e+00
1.979151412446302771e+01 1.485617160907835022e+00 1.347100581858266866e+00
1.983732781456594907e+01 1.486979016813427812e+00 1.345866834299901615e+00
1.988314150466887398e+01 1.488342121123761963e+00 1.344634216669617910e+00
1.992895519477179889e+01 1.489706474983242490e+00 1.343402727932786478e+00
1.997476888487472024e+01 1.491072079537322903e+00 1.342172367055716187e+00
2.002058257497764515e+01 1.492438935932507427e+00 1.340943133005652266e+00
2.006639626508057006e+01 1.493807045316350557e+00 1.339715024750777417e+00
2.011220995518349142e+01 1.495176408837459059e+00 1.338488041260210037e+00
2.015802364528641633e+01 1.496547027645493300e+00 1.337262181504003999e+00
2.020383733538934123e+01 1.497918902891166137e+00 1.336037444453147538e+00
2.024965102549226259e+01 1.499292035726246697e+00 1.334813829079564806e+00
2.029546471559518750e+01 1.500666427303558814e+00 1.333591334356114544e+00
2.034127840569811241e+01 1.502042078776983924e+00 1.332369959256587189e+00
2.038709209580103376e+01 1.503418991301460395e+00 1.331149702755708653e+00
2.043290578590395867e+01 1.504797166032986189e+00 1.329930563829134993e+00
2.047871947600688358e+01 1.506176604128618646e+00 1.328712541453457519e+00
2.052453316610980494e+01 1.507557306746475367e+00 1.327495634606195685e+00
2.057034685621272985e+01 1.508939275045735995e+00 1.326279842265802200e+00
2.061616054631565476e+01 1.510322510186643097e+00 1.325065163411659031e+00
2.066197423641857611e+01 1.511707013330501725e+00 1.323851597024078286e+00
2.070778792652150102e+01 1.513092785639682969e+00 1.322639142084300667e+00
2.075360161662442593e+01 1.514479828277622175e+00 1.321427797574496577e+00
2.079941530672734729e+01 1.515868142408821839e+00 1.320217562477762119e+00
2.084522899683027219e+01 1.517257729198851823e+00 1.319008435778122657e+00
2.089104268693319355e+01 1.518648589814350691e+00 1.317800416460529256e+00
2.093685637703611846e+01 1.520040725423026151e+00 1.316593503510857577e+00
2.098267006713904337e+01 1.521434137193656166e+00 1.315387695915911426e+00
2.102848375724196472e+01 1.522828826296090510e+00 1.314182992663416760e+00
2.107429744734488963e+01 1.524224793901251429e+00 1.312979392742023466e+00
2.112011113744781454e+01 1.525622041181134092e+00 1.311776895141305577e+00
2.116592482755073590e+01 1.527020569308808140e+00 1.310575498851758836e+00
2.121173851765366081e+01 1.528420379458419243e+00 1.309375202864801135e+00
2.125755220775658572e+01 1.529821472805188209e+00 1.308176006172771189e+00
2.130336589785950707e+01 1.531223850525414321e+00 1.306977907768928082e+00
2.134917958796243198e+01 1.532627513796474217e+00 1.305780906647449946e+00
2.139499327806535689e+01 1.534032463796824564e+00 1.304585001803434396e+00
2.144080696816827825e+01 1.535438701706001829e+00 1.303390192232897205e+00
2.148662065827120315e+01 1.536846228704623840e+00 1.302196476932770963e+00
2.153243434837412806e+01 1.538255045974391111e+00 1.301003854900905088e+00
2.157824803847704942e+01 1.539665154698086846e+00 1.299812325136065816e+00
2.162406172857997433e+01 1.541076556059578717e+00 1.298621886637932654e+00
2.166987541868289924e+01 1.542489251243819970e+00 1.297432538407100822e+00
2.171568910878582059e+01 1.543903241436849205e+00 1.296244279445079250e+00
2.176150279888874550e+01 1.545318527825793486e+00 1.295057108754288810e+00
2.180731648899167041e+01 1.546735111598867007e+00 1.293871025338063863e+00
2.185313017909459177e+01 1.548152993945373757e+00 1.292686028200648263e+00
2.189894386919751668e+01 1.549572176055707962e+00 1.291502116347198026e+00
2.194475755930043803e+01 1.550992659121354755e+00 1.290319288783778662e+00
2.199057124940336294e+01 1.552414444334891730e+00 1.289137544517364509e+00
2.203638493950628785e+01 1.553837532889989825e+00 1.287956882555836957e+00
2.208219862960920921e+01 1.555261925981413773e+00 1.286777301907987781e+00
2.212801231971213411e+01 1.556687624805024095e+00 1.285598801583512696e+00
2.217382600981505902e+01 1.558114630557777103e+00 1.284421380593014472e+00
2.221963969991798038e+01 1.559542944437726453e+00 1.283245037948001599e+00
2.226545339002090529e+01 1.560972567644024256e+00 1.282069772660885842e+00
2.231126708012383020e+01 1.562403501376921966e+00 1.280895583744982469e+00
2.235708077022675155e+01 1.563835746837770380e+00 1.279722470214511132e+00
2.240289446032967646e+01 1.565269305229023189e+00 1.278550431084591432e+00
2.244870815043260137e+01 1.566704177754234539e+00 1.277379465371246470e+00
2.249452184053552273e+01 1.568140365618063248e+00 1.276209572091397515e+00
2.254033553063844764e+01 1.569577870026272137e+00 1.275040750262866229e+00
2.258614922074137255e+01 1.571016692185728703e+00 1.273872998904374443e+00
2.263196291084429390e+01 1.572456833304407331e+00 1.272706317035540380e+00
2.267777660094721881e+01 1.573898294591389746e+00 1.271540703676879991e+00
2.272359029105014372e+01 1.575341077256866118e+00 1.270376157849806065e+00
2.276940398115306508e+01 1.576785182512135286e+00 1.269212678576627340e+00
2.281521767125598998e+01 1.578230611569607422e+00 1.268050264880545841e+00
2.286103136135891489e+01 1.579677365642803810e+00 1.266888915785659764e+00
2.290684505146183625e+01 1.581125445946357289e+00 1.265728630316959480e+00
2.295265874156476116e+01 1.582574853696015582e+00 1.264569407500327536e+00
2.299847243166768251e+01 1.584025590108639969e+00 1.263411246362539098e+00
2.304428612177060742e+01 1.585477656402207502e+00 1.262254145931259952e+00
2.309009981187353233e+01 1.586931053795811453e+00 1.261098105235045175e+00
2.313591350197645369e+01 1.588385783509663085e+00 1.259943123303340906e+00
2.318172719207937860e+01 1.589841846765091882e+00 1.258789199166480133e+00
2.322754088218230351e+01 1.591299244784547096e+00 1.257636331855684020e+00
2.327335457228522486e+01 1.592757978791598417e+00 1.256484520403061245e+00
2.331916826238814977e+01 1.594218050010937304e+00 1.255333763841605554e+00
2.336498195249107468e+01 1.595679459668377875e+00 1.254184061205197764e+00
2.341079564259399604e+01 1.597142208990857792e+00 1.253035411528601317e+00
2.345660933269692094e+01 1.598606299206439818e+00 1.251887813847464281e+00
2.350242302279984585e+01 1.600071731544312037e+00 1.250741267198318019e+00
2.354823671290276721e+01 1.601538507234789632e+00 1.249595770618575186e+00
2.359405040300569212e+01 1.603006627509315329e+00 1.248451323146530179e+00
2.363986409310861703e+01 1.604476093600460951e+00 1.247307923821358466e+00
2.368567778321153838e+01 1.605946906741928082e+00 1.246165571683114814e+00
2.373149147331446329e+01 1.607419068168549403e+00 1.245024265772732841e+00
2.377730516341738820e+01 1.608892579116289134e+00 1.243884005132024129e+00
2.382311885352030956e+01 1.610367440822245033e+00 1.242744788803678002e+00
2.386893254362323447e+01 1.611843654524648839e+00 1.241606615831260862e+00
2.391474623372615937e+01 1.613321221462866939e+00 1.240469485259213522e+00
2.396055992382908073e+01 1.614800142877401923e+00 1.239333396132853649e+00
2.400637361393200564e+01 1.616280420009894137e+00 1.238198347498370877e+00
2.405218730403492700e+01 1.617762054103121461e+00 1.237064338402830144e+00
2.409800099413785190e+01 1.619245046401001309e+00 1.235931367894168131e+00
2.414381468424077681e+01 1.620729398148591294e+00 1.234799435021193270e+00
2.418962837434369817e+01 1.622215110592090337e+00 1.233668538833586181e+00
2.423544206444662308e+01 1.623702184978840002e+00 1.232538678381895236e+00
2.428125575454954799e+01 1.625190622557325160e+00 1.231409852717540554e+00
2.432706944465246934e+01 1.626680424577174655e+00 1.230282060892810669e+00
2.437288313475539425e+01 1.628171592289163749e+00 1.229155301960860980e+00
2.441869682485831916e+01 1.629664126945213898e+00 1.228029574975713745e+00
2.446451051496124052e+01 1.631158029798393638e+00 1.226904878992259640e+00
2.451032420506416543e+01 1.632653302102921034e+00 1.225781213066251985e+00
2.455613789516709033e+01 1.634149945114163671e+00 1.224658576254310294e+00
2.460195158527001169e+01 1.635647960088639108e+00 1.223536967613919391e+00
2.464776527537293660e+01 1.637147348284018200e+00 1.222416386203423633e+00
2.469357896547586151e+01 1.638648110959123549e+00 1.221296831082033130e+00
2.473939265557878286e+01 1.640150249373931945e+00 1.220178301309817970e+00
2.478520634568170777e+01 1.641653764789575476e+00 1.219060795947709108e+00
2.483102003578463268e+01 1.643158658468342193e+00 1.217944314057497701e+00
2.487683372588755404e+01 1.644664931673676778e+00 1.216828854701834217e+00
2.492264741599047895e+01 1.646172585670183430e+00 1.215714416944227327e+00
2.496846110609340386e+01 1.647681621723624090e+00 1.214600999849043017e+00
2.501427479619632521e+01 1.649192041100921546e+00 1.213488602481505252e+00
2.506008848629925012e+01 1.650703845070160547e+00 1.212377223907692647e+00
2.510590217640217148e+01 1.652217034900587578e+00 1.211266863194539578e+00
2.515171586650509639e+01 1.653731611862613082e+00 1.210157519409835736e+00
2.519752955660802130e+01 1.655247577227811462e+00 1.209049191622223463e+00
2.524334324671094265e+01 1.656764932268923296e+00 1.207941878901198418e+00
2.528915693681386756e+01 1.658283678259856009e+00 1.206835580317108914e+00
2.533497062691679247e+01 1.659803816475684535e+00 1.205730294941153691e+00
2.538078431701971382e+01 1.661325348192652429e+00 1.204626021845382811e+00
2.542659800712263873e+01 1.662848274688173422e+00 1.203522760102696543e+00
2.547241169722556364e+01 1.664372597240832308e+00 1.202420508786843367e+00
2.551822538732848500e+01 1.665898317130386053e+00 1.201319266972419531e+00
2.556403907743140991e+01 1.667425435637764242e+00 1.200219033734871044e+00
2.560985276753433482e+01 1.668953954045071519e+00 1.199119808150487687e+00
2.565566645763725617e+01 1.670483873635586924e+00 1.198021589296408118e+00
2.570148014774018108e+01 1.672015195693766332e+00 1.196924376250613653e+00
2.574729383784310599e+01 1.673547921505243341e+00 1.195828168091931376e+00
2.579310752794602735e+01 1.675082052356829720e+00 1.194732963900031697e+00
2.583892121804895226e+01 1.676617589536516517e+00 1.193638762755428129e+00
2.588473490815187716e+01 1.678154534333476056e+00 1.192545563739476622e+00
2.593054859825479852e+01 1.679692888038062160e+00 1.191453365934373121e+00
2.597636228835772343e+01 1.681232651941811929e+00 1.190362168423154898e+00
2.602217597846064834e+01 1.682773827337445738e+00 1.189271970289699665e+00
2.606798966856356969e+01 1.684316415518869237e+00 1.188182770618723350e+00
2.611380335866649460e+01 1.685860417781174680e+00 1.187094568495779656e+00
2.615961704876941596e+01 1.687405835420640932e+00 1.186007363007261173e+00
2.620543073887234087e+01 1.688952669734735235e+00 1.184921153240396041e+00
2.625124442897526578e+01 1.690500922022114105e+00 1.183835938283248845e+00
2.629705811907818713e+01 1.692050593582625106e+00 1.182751717224719057e+00
2.634287180918111204e+01 1.693601685717306848e+00 1.181668489154541479e+00
2.638868549928403695e+01 1.695154199728390765e+00 1.180586253163283139e+00
2.643449918938695831e+01 1.696708136919302001e+00 1.179505008342345285e+00
2.648031287948988322e+01 1.698263498594660525e+00 1.178424753783959833e+00
2.652612656959280812e+01 1.699820286060282237e+00 1.177345488581192035e+00
2.657194025969572948e+01 1.701378500623180301e+00 1.176267211827936032e+00
2.661775394979865439e+01 1.702938143591565590e+00 1.175189922618916638e+00
2.666356763990157930e+01 1.704499216274848683e+00 1.174113620049686668e+00
2.670938133000450065e+01 1.706061719983639646e+00 1.173038303216630052e+00
2.675519502010742556e+01 1.707625656029751138e+00 1.171963971216954947e+00
2.680100871021035047e+01 1.709191025726197743e+00 1.170890623148697962e+00
2.684682240031327183e+01 1.710757830387197531e+00 1.169818258110721709e+00
2.689263609041619674e+01 1.712326071328173382e+00 1.168746875202714364e+00
2.693844978051912165e+01 1.713895749865754325e+00 1.167676473525187664e+00
2.698426347062204300e+01 1.715466867317775757e+00 1.166607052179478687e+00
2.703007716072496791e+01 1.717039425003282105e+00 1.165538610267745412e+00
2.707589085082789282e+01 1.718613424242525944e+00 1.164471146892970044e+00
2.712170454093081418e+01 1.720188866356970436e+00 1.163404661158955244e+00
2.716751823103373908e+01 1.721765752669290661e+00 1.162339152170325018e+00
2.721333192113666044e+01 1.723344084503373175e+00 1.161274619032522937e+00
2.725914561123958535e+01 1.724923863184319117e+00 1.160211060851812137e+00
2.730495930134251026e+01 1.726505090038443546e+00 1.159148476735274214e+00
2.735077299144543161e+01 1.728087766393277880e+00 1.158086865790809217e+00
2.739658668154835652e+01 1.729671893577570341e+00 1.157026227127132545e+00
2.744240037165128143e+01 1.731257472921287066e+00 1.155966559853777609e+00
2.748821406175420279e+01 1.732844505755613440e+00 1.154907863081091834e+00
2.753402775185712770e+01 1.734432993412955426e+00 1.153850135920238884e+00
2.757984144196005261e+01 1.736022937226939789e+00 1.152793377483195769e+00
2.762565513206297396e+01 1.737614338532416536e+00 1.151737586882752851e+00
2.767146882216589887e+01 1.739207198665458476e+00 1.150682763232512507e+00
2.771728251226882378e+01 1.740801518963364103e+00 1.149628905646890242e+00
2.776309620237174514e+01 1.742397300764656931e+00 1.148576013241111360e+00
2.780890989247467004e+01 1.743994545409088381e+00 1.147524085131212068e+00
2.785472358257759495e+01 1.745593254237637337e+00 1.146473120434037929e+00
2.790053727268051631e+01 1.747193428592511921e+00 1.145423118267243412e+00
2.794635096278344122e+01 1.748795069817151493e+00 1.144374077749291674e+00
2.799216465288636613e+01 1.750398179256225761e+00 1.143325997999451893e+00
2.803797834298928748e+01 1.752002758255638115e+00 1.142278878137800602e+00
2.808379203309221239e+01 1.753608808162524957e+00 1.141232717285221465e+00
2.812960572319513730e+01 1.755216330325257923e+00 1.140187514563400617e+00
2.817541941329805866e+01 1.756825326093444550e+00 1.139143269094831323e+00
2.822123310340098357e+01 1.758435796817930274e+00 1.138099980002808653e+00
2.826704679350390492e+01 1.760047743850797763e+00 1.137057646411431033e+00
2.831286048360682983e+01 1.761661168545369804e+00 1.136016267445599581e+00
2.835867417370975474e+01 1.763276072256209526e+00 1.134975842231016330e+00
2.840448786381267610e+01 1.764892456339121507e+00 1.133936369894184670e+00
2.845030155391560100e+01 1.766510322151154222e+00 1.132897849562406911e+00
2.849611524401852591e+01 1.768129671050598928e+00 1.131860280363785831e+00
2.854192893412144727e+01 1.769750504396992552e+00 1.130823661427222238e+00
2.858774262422437218e+01 1.771372823551118580e+00 1.129787991882414744e+00
2.863355631432729709e+01 1.772996629875007280e+00 1.128753270859858437e+00
2.867937000443021844e+01 1.774621924731938138e+00 1.127719497490845768e+00
2.872518369453314335e+01 1.776248709486439648e+00 1.126686670907464549e+00
2.877099738463606826e+01 1.777876985504291740e+00 1.125654790242596404e+00
2.881681107473898962e+01 1.779506754152526238e+00 1.124623854629918540e+00
2.886262476484191453e+01 1.781138016799427737e+00 1.123593863203901533e+00
2.890843845494483944e+01 1.782770774814535830e+00 1.122564815099806879e+00
2.895425214504776079e+01 1.784405029568644663e+00 1.121536709453690772e+00
2.900006583515068570e+01 1.786040782433806040e+00 1.120509545402397222e+00
2.904587952525361061e+01 1.787678034783328318e+00 1.119483322083564936e+00
2.909169321535653197e+01 1.789316787991779956e+00 1.118458038635618657e+00
2.913750690545945687e+01 1.790957043434988405e+00 1.117433694197774274e+00
2.918332059556238178e+01 1.792598802490043219e+00 1.116410287910035493e+00
2.922913428566530314e+01 1.794242066535295388e+00 1.115387818913193385e+00
2.927494797576822805e+01 1.795886836950360665e+00 1.114366286348826840e+00
2.932076166587115296e+01 1.797533115116118241e+00 1.113345689359299673e+00
2.936657535597407431e+01 1.799180902414713623e+00 1.112326027087762181e+00
2.941238904607699922e+01 1.800830200229559974e+00 1.111307298678148703e+00
2.945820273617992058e+01 1.802481009945337664e+00 1.110289503275177836e+00
2.950401642628284549e+01 1.804133332947996715e+00 1.109272640024352219e+00
2.954983011638577040e+01 1.805787170624757909e+00 1.108256708071956087e+00
2.959564380648869175e+01 1.807442524364113012e+00 1.107241706565055939e+00
2.964145749659161666e+01 1.809099395555827439e+00 1.106227634651499203e+00
2.968727118669454157e+01 1.810757785590940472e+00 1.105214491479914241e+00
2.973308487679746293e+01 1.812417695861765488e+00 1.104202276199708788e+00
2.977889856690038783e+01 1.814079127761893950e+00 1.103190987961069514e+00
2.982471225700331274e+01 1.815742082686193193e+00 1.102180625914961798e+00
2.987052594710623410e+01 1.817406562030810413e+00 1.101171189213128176e+00
2.991633963720915901e+01 1.819072567193171563e+00 1.100162677008088341e+00
2.996215332731208392e+01 1.820740099571984683e+00 1.099155088453138251e+00
3.000796701741500527e+01 1.822409160567238784e+00 1.098148422702348803e+00
3.005378070751793018e+01 1.824079751580207853e+00 1.097142678910566715e+00
3.009959439762085509e+01 1.825751874013448850e+00 1.096137856233410757e+00
3.014540808772377645e+01 1.827425529270805482e+00 1.095133953827275075e+00
3.019122177782670136e+01 1.829100718757407762e+00 1.094130970849325868e+00
3.023703546792962626e+01 1.830777443879674005e+00 1.093128906457500715e+00
3.028284915803254762e+01 1.832455706045311494e+00 1.092127759810508358e+00
3.032866284813547253e+01 1.834135506663318704e+00 1.091127530067828921e+00
3.037447653823839744e+01 1.835816847143985076e+00 1.090128216389711691e+00
3.042029022834131879e+01 1.837499728898893014e+00 1.089129817937174671e+00
3.046610391844424370e+01 1.839184153340918781e+00 1.088132333872005031e+00
3.051191760854716506e+01 1.840870121884234267e+00 1.087135763356757767e+00
3.055773129865008997e+01 1.842557635944307215e+00 1.086140105554754154e+00
3.060354498875301488e+01 1.844246696937902996e+00 1.085145359630081519e+00
3.064935867885593623e+01 1.845937306283085944e+00 1.084151524747593465e+00
3.069517236895886114e+01 1.847629465399220239e+00 1.083158600072908540e+00
3.074098605906178605e+01 1.849323175706971245e+00 1.082166584772408457e+00
3.078679974916470741e+01 1.851018438628306173e+00 1.081175478013239655e+00
3.083261343926763232e+01 1.852715255586496745e+00 1.080185278963310846e+00
3.087842712937055722e+01 1.854413628006118531e+00 1.079195986791292583e+00
3.092424081947347858e+01 1.856113557313052942e+00 1.078207600666616806e+00
3.097005450957640349e+01 1.857815044934489235e+00 1.077220119759476402e+00
3.101586819967932840e+01 1.859518092298924063e+00 1.076233543240824542e+00
3.106168188978224975e+01 1.861222700836164146e+00 1.075247870282372453e+00
3.110749557988517466e+01 1.862928871977326928e+00 1.074263100056591425e+00
3.115330926998809957e+01 1.864636607154841696e+00 1.073279231736710138e+00
3.119912296009102093e+01 1.866345907802450244e+00 1.072296264496713558e+00
3.124493665019394584e+01 1.868056775355209753e+00 1.071314197511344712e+00
3.129075034029687075e+01 1.869769211249492136e+00 1.070333029956100912e+00
3.133656403039979210e+01 1.871483216922986026e+00 1.069352761007235975e+00
3.138237772050271701e+01 1.873198793814698115e+00 1.068373389841757559e+00
3.142819141060564192e+01 1.874915943364954485e+00 1.067394915637426500e+00
3.147400510070856328e+01 1.876634667015401048e+00 1.066417337572757695e+00
3.151981879081148818e+01 1.878354966209005994e+00 1.065440654827017664e+00
3.156563248091440954e+01 1.880076842390059344e+00 1.064464866580224767e+00
3.161144617101733445e+01 1.881800297004176059e+00 1.063489972013148321e+00
3.165725986112025936e+01 1.883525331498295374e+00 1.062515970307308599e+00
3.170307355122318071e+01 1.885251947320683241e+00 1.061542860644974828e+00
3.174888724132610562e+01 1.886980145920933660e+00 1.060570642209164749e+00
3.179470093142903053e+01 1.888709928749969347e+00 1.059599314183645058e+00
3.184051462153195189e+01 1.890441297260042175e+00 1.058628875752930520e+00
3.188632831163487680e+01 1.892174252904736731e+00 1.057659326102280639e+00
3.193214200173780171e+01 1.893908797138968980e+00 1.056690664417703873e+00
3.197795569184072306e+01 1.895644931418988932e+00 1.055722889885951643e+00
3.202376938194364442e+01 1.897382657202381528e+00 1.054756001694522327e+00
3.206958307204656933e+01 1.899121975948067975e+00 1.053789999031657043e+00
3.211539676214949424e+01 1.900862889116306853e+00 1.052824881086340758e+00
3.216121045225241915e+01 1.902605398168695228e+00 1.051860647048300956e+00
3.220702414235534405e+01 1.904349504568169982e+00 1.050897296108007861e+00
3.225283783245826896e+01 1.906095209779009370e+00 1.049934827456672881e+00
3.229865152256118677e+01 1.907842515266833239e+00 1.048973240286247943e+00
3.234446521266411168e+01 1.909591422498605917e+00 1.048012533789424605e+00
3.239027890276703658e+01 1.911341932942635768e+00 1.047052707159635165e+00
3.243609259286996149e+01 1.913094048068577635e+00 1.046093759591048888e+00
3.248190628297288640e+01 1.914847769347433060e+00 1.045135690278574225e+00
3.252771997307581131e+01 1.916603098251552284e+00 1.044178498417856371e+00
3.257353366317872911e+01 1.918360036254635137e+00 1.043222183205278375e+00
3.261934735328165402e+01 1.920118584831733033e+00 1.042266743837958032e+00
3.266516104338457893e+01 1.921878745459248750e+00 1.041312179513748104e+00
3.271097473348750384e+01 1.923640519614938871e+00 1.040358489431237432e+00
3.275678842359042875e+01 1.925403908777914452e+00 1.039405672789748047e+00
3.280260211369335366e+01 1.927168914428642577e+00 1.038453728789335395e+00
3.284841580379627146e+01 1.928935538048947018e+00 1.037502656630787445e+00
3.289422949389919637e+01 1.930703781122010687e+00 1.036552455515623805e+00
3.294004318400212128e+01 1.932473645132375850e+00 1.035603124646096385e+00
3.298585687410504619e+01 1.934245131565945242e+00 1.034654663225186511e+00
3.303167056420797110e+01 1.936018241909984061e+00 1.033707070456607369e+00
3.307748425431088890e+01 1.937792977653120863e+00 1.032760345544798231e+00
3.312329794441381381e+01 1.939569340285348886e+00 1.031814487694930005e+00
3.316911163451673872e+01 1.941347331298026946e+00 1.030869496112900574e+00
3.321492532461966363e+01 1.943126952183881206e+00 1.029925370005334351e+00
3.326073901472258854e+01 1.944908204437006294e+00 1.028982108579583166e+00
3.330655270482551344e+01 1.946691089552866183e+00 1.028039711043724491e+00
3.335236639492843125e+01 1.948475609028295752e+00 1.027098176606561220e+00
3.339818008503135616e+01 1.950261764361502559e+00 1.026157504477620996e+00
3.344399377513428107e+01 1.952049557052066620e+00 1.025217693867155555e+00
3.348980746523720597e+01 1.953838988600943516e+00 1.024278743986139162e+00
3.353562115534013088e+01 1.955630060510464174e+00 1.023340654046268616e+00
3.358143484544305579e+01 1.957422774284336864e+00 1.022403423259964361e+00
3.362724853554597360e+01 1.959217131427648084e+00 1.021467050840366708e+00
3.367306222564889850e+01 1.961013133446864787e+00 1.020531536001336503e+00
3.371887591575182341e+01 1.962810781849834152e+00 1.019596877957455572e+00
3.376468960585474832e+01 1.964610078145785810e+00 1.018663075924023831e+00
3.381050329595767323e+01 1.966411023845332728e+00 1.017730129117061288e+00
3.385631698606059814e+01 1.968213620460472990e+00 1.016798036753304713e+00
3.390213067616351594e+01 1.970017869504590236e+00 1.015866798050209407e+00
3.394794436626644085e+01 1.971823772492456106e+00 1.014936412225946105e+00
3.399375805636936576e+01 1.973631330940230244e+00 1.014006878499402298e+00
3.403957174647229067e+01 1.975440546365462513e+00 1.013078196090180461e+00
3.408538543657521558e+01 1.977251420287093442e+00 1.012150364218598719e+00
3.413119912667813338e+01 1.979063954225456223e+00 1.011223382105688851e+00
3.417701281678105829e+01 1.980878149702278046e+00 1.010297248973194728e+00
3.422282650688398320e+01 1.982694008240680761e+00 1.009371964043574765e+00
3.426864019698690811e+01 1.984511531365182213e+00 1.008447526539999028e+00
3.431445388708983302e+01 1.986330720601698241e+00 1.007523935686348793e+00
3.436026757719275793e+01 1.988151577477542897e+00 1.006601190707215876e+00
3.440608126729567573e+01 1.989974103521430671e+00 1.005679290827902639e+00
3.445189495739860064e+01 1.991798300263477817e+00 1.004758235274421319e+00
3.449770864750152555e+01 1.993624169235202803e+00 1.003838023273492253e+00
3.454352233760445046e+01 1.995451711969527864e+00 1.002918654052544323e+00
3.458933602770737537e+01 1.997280930000780552e+00 1.002000126839714289e+00
3.463514971781030027e+01 1.999111824864695297e+00 1.001082440863844791e+00
3.468096340791321808e+01 2.000944398098413401e+00 1.000165595354486348e+00
3.472677709801614299e+01 2.002778651240487040e+00 9.992495895418936902e-01
3.477259078811906789e+01 2.004614585830876816e+00 9.983344226570273205e-01
3.481840447822199280e+01 2.006452203410955537e+00 9.974200939315517322e-01
3.486421816832491771e+01 2.008291505523510434e+00 9.965066025978348563e-01
3.491003185842784262e+01 2.010132493712740498e+00 9.955939478889486161e-01
3.495584554853076042e+01 2.011975169524262252e+00 9.946821290386661518e-01
3.500165923863368533e+01 2.013819534505108866e+00 9.937711452814629309e-01
3.504747292873661024e+01 2.015665590203730595e+00 9.928609958525156376e-01
3.509328661883953515e+01 2.017513338169997894e+00 9.919516799877010627e-01
3.513910030894246006e+01 2.019362779955201859e+00 9.910431969235966587e-01
3.518491399904537786e+01 2.021213917112056002e+00 9.901355458974774315e-01
3.523072768914830277e+01 2.023066751194696256e+00 9.892287261473191595e-01
3.527654137925122768e+01 2.024921283758684520e+00 9.883227369117931760e-01
3.532235506935415259e+01 2.026777516361007336e+00 9.874175774302696995e-01
3.536816875945707750e+01 2.028635450560079434e+00 9.865132469428150586e-01
3.541398244956000241e+01 2.030495087915743735e+00 9.856097446901919135e-01
3.545979613966292021e+01 2.032356429989273128e+00 9.847070699138574801e-01
3.550560982976584512e+01 2.034219478343372245e+00 9.838052218559640849e-01
3.555142351986877003e+01 2.036084234542177018e+00 9.829041997593588320e-01
3.559723720997169494e+01 2.037950700151258676e+00 9.820040028675808275e-01
3.564305090007461985e+01 2.039818876737622411e+00 9.811046304248635108e-01
3.568886459017754476e+01 2.041688765869710487e+00 9.802060816761312134e-01
3.573467828028046256e+01 2.043560369117402242e+00 9.793083558670010458e-01
3.578049197038338747e+01 2.045433688052017640e+00 9.784114522437796779e-01
3.582630566048631238e+01 2.047308724246315492e+00 9.775153700534653378e-01
3.587211935058923729e+01 2.049185479274497457e+00 9.766201085437448137e-01
3.591793304069216219e+01 2.051063954712206705e+00 9.757256669629944534e-01
3.596374673079508710e+01 2.052944152136532807e+00 9.748320445602791651e-01
3.600956042089800491e+01 2.054826073126009511e+00 9.739392405853513068e-01
3.605537411100092982e+01 2.056709719260618741e+00 9.730472542886499099e-01
3.610118780110385472e+01 2.058595092121789705e+00 9.721560849213015665e-01
3.614700149120677963e+01 2.060482193292401565e+00 9.712657317351178765e-01
3.619281518130970454e+01 2.062371024356785210e+00 9.703761939825958915e-01
3.623862887141262945e+01 2.064261586900723255e+00 9.694874709169175597e-01
3.628444256151554725e+01 2.066153882511451823e+00 9.685995617919485046e-01
3.633025625161847216e+01 2.068047912777662756e+00 9.677124658622372477e-01
3.637606994172139707e+01 2.069943679289503624e+00 9.668261823830160973e-01
3.642188363182432198e+01 2.071841183638579942e+00 9.659407106101988161e-01
3.646769732192724689e+01 2.073740427417956500e+00 9.650560498003801779e-01
3.651351101203016469e+01 2.075641412222156923e+00 9.641721992108372996e-01
3.655932470213308960e+01 2.077544139647168997e+00 9.632891580995258662e-01
3.660513839223601451e+01 2.079448611290442006e+00 9.624069257250819076e-01
3.665095208233893942e+01 2.081354828750889396e+00 9.615255013468209100e-01
3.669676577244186433e+01 2.083262793628890996e+00 9.606448842247355957e-01
3.674257946254478924e+01 2.085172507526293462e+00 9.597650736194974774e-01
3.678839315264770704e+01 2.087083972046412050e+00 9.588860687924546378e-01
3.683420684275063195e+01 2.088997188794031512e+00 9.580078690056315072e-01
3.688002053285355686e+01 2.090912159375407420e+00 9.571304735217291970e-01
3.692583422295648177e+01 2.092828885398268834e+00 9.562538816041231682e-01
3.697164791305940668e+01 2.094747368471817417e+00 9.553780925168640081e-01
3.701746160316233158e+01 2.096667610206730537e+00 9.545031055246759877e-01
3.706327529326524939e+01 2.098589612215162159e+00 9.536289198929573940e-01
3.710908898336817430e+01 2.100513376110743735e+00 9.527555348877785324e-01
3.715490267347109921e+01 2.102438903508586421e+00 9.518829497758823921e-01
3.720071636357402411e+01 2.104366196025281521e+00 9.510111638246835364e-01
3.724653005367694902e+01 2.106295255278902268e+00 9.501401763022672142e-01
3.729234374377987393e+01 2.108226082889005593e+00 9.492699864773889162e-01
3.733815743388279174e+01 2.110158680476631687e+00 9.484005936194747077e-01
3.738397112398571664e+01 2.112093049664309330e+00 9.475319969986182311e-01
3.742978481408864155e+01 2.114029192076052333e+00 9.466641958855830374e-01
3.747559850419156646e+01 2.115967109337364427e+00 9.457971895517998107e-01
3.752141219429449137e+01 2.117906803075238820e+00 9.449309772693662568e-01
3.756722588439740917e+01 2.119848274918159969e+00 9.440655583110481031e-01
3.761303957450033408e+01 2.121791526496106250e+00 9.432009319502754341e-01
3.765885326460325899e+01 2.123736559440549065e+00 9.423370974611448014e-01
3.770466695470618390e+01 2.125683375384456397e+00 9.414740541184168920e-01
3.775048064480910881e+01 2.127631975962292366e+00 9.406118011975174165e-01
3.779629433491203372e+01 2.129582362810019447e+00 9.397503379745351104e-01
3.784210802501495152e+01 2.131534537565100251e+00 9.388896637262220679e-01
3.788792171511787643e+01 2.133488501866498410e+00 9.380297777299919648e-01
3.793373540522080134e+01 2.135444257354679465e+00 9.371706792639213912e-01
3.797954909532372625e+01 2.137401805671613086e+00 9.363123676067474088e-01
3.802536278542665116e+01 2.139361148460774409e+00 9.354548420378676621e-01
3.807117647552957607e+01 2.141322287367144028e+00 9.345981018373404892e-01
3.811699016563249387e+01 2.143285224037212000e+00 9.337421462858823684e-01
3.816280385573541878e+01 2.145249960118977395e+00 9.328869746648695838e-01
3.820861754583834369e+01 2.147216497261948742e+00 9.320325862563360042e-01
3.825443123594126860e+01 2.149184837117148028e+00 9.311789803429733059e-01
3.830024492604419351e+01 2.151154981337109806e+00 9.303261562081300839e-01
3.834605861614711841e+01 2.153126931575883862e+00 9.294741131358110753e-01
3.839187230625003622e+01 2.155100689489036547e+00 9.286228504106772697e-01
3.843768599635296113e+01 2.157076256733652109e+00 9.277723673180439112e-01
3.848349968645588604e+01 2.159053634968332247e+00 9.269226631438818309e-01
3.852931337655881094e+01 2.161032825853201000e+00 9.260737371748151148e-01
3.857512706666173585e+01 2.163013831049903413e+00 9.252255886981211042e-01
3.862094075676465366e+01 2.164996652221606865e+00 9.243782170017307287e-01
3.866675444686757857e+01 2.166981291033005075e+00 9.235316213742260638e-01
3.871256813697050347e+01 2.168967749150316315e+00 9.226858011048416630e-01
3.875838182707342838e+01 2.170956028241287417e+00 9.218407554834624484e-01
3.880419551717635329e+01 2.172946129975193319e+00 9.209964838006231558e-01
3.885000920727927820e+01 2.174938056022839294e+00 9.201529853475097775e-01
3.889582289738219600e+01 2.176931808056561835e+00 9.193102594159563434e-01
3.894163658748512091e+01 2.178927387750231315e+00 9.184683052984460305e-01
3.898745027758804582e+01 2.180924796779252439e+00 9.176271222881093870e-01
3.903326396769097073e+01 2.182924036820564684e+00 9.167867096787247760e-01
3.907907765779389564e+01 2.184925109552645850e+00 9.159470667647175990e-01
3.912489134789682055e+01 2.186928016655512508e+00 9.151081928411585187e-01
3.917070503799973835e+01 2.188932759810719553e+00 9.142700872037651250e-01
3.921651872810266326e+01 2.190939340701365978e+00 9.134327491488989370e-01
3.926233241820558817e+01 2.192947761012091767e+00 9.125961779735665136e-01
3.930814610830851308e+01 2.194958022429081446e+00 9.117603729754180097e-01
3.935395979841143799e+01 2.196970126640065857e+00 9.109253334527466217e-01
3.939977348851436290e+01 2.198984075334323052e+00 9.100910587044886979e-01
3.944558717861728070e+01 2.200999870202677844e+00 9.092575480302226287e-01
3.949140086872020561e+01 2.203017512937508027e+00 9.084248007301675143e-01
3.953721455882313052e+01 2.205037005232740821e+00 9.075928161051841636e-01
3.958302824892605543e+01 2.207058348783855983e+00 9.067615934567736513e-01
3.962884193902898033e+01 2.209081545287888471e+00 9.059311320870765405e-01
3.967465562913189814e+01 2.211106596443427996e+00 9.051014312988724386e-01
3.972046931923482305e+01 2.213133503950623027e+00 9.042724903955794424e-01
3.976628300933774796e+01 2.215162269511179005e+00 9.034443086812541379e-01
3.981209669944067286e+01 2.217192894828361904e+00 9.026168854605898240e-01
3.985791038954359777e+01 2.219225381606998226e+00 9.017902200389171785e-01
3.990372407964652268e+01 2.221259731553478556e+00 9.009643117222028152e-01
3.994953776974944049e+01 2.223295946375756671e+00 9.001391598170492836e-01
3.999535145985236539e+01 2.225334027783353097e+00 8.993147636306932924e-01
4.004116514995529030e+01 2.227373977487354662e+00 8.984911224710070421e-01
4.008697884005821521e+01 2.229415797200417160e+00 8.976682356464960044e-01
4.013279253016114012e+01 2.231459488636765354e+00 8.968461024662995884e-01
4.017860622026406503e+01 2.233505053512196969e+00 8.960247222401891420e-01
4.022441991036698283e+01 2.235552493544080921e+00 8.952040942785687294e-01
4.027023360046990774e+01 2.237601810451362194e+00 8.943842178924736874e-01
4.031604729057283265e+01 2.239653005954560516e+00 8.935650923935706258e-01
4.036186098067575756e+01 2.241706081775773018e+00 8.927467170941560948e-01
4.040767467077868247e+01 2.243761039638675125e+00 8.919290913071568072e-01
4.045348836088160738e+01 2.245817881268522775e+00 8.911122143461288614e-01
4.049930205098452518e+01 2.247876608392152864e+00 8.902960855252570749e-01
4.054511574108745009e+01 2.249937222737986353e+00 8.894807041593537633e-01
4.059092943119037500e+01 2.251999726036027383e+00 8.886660695638595175e-01
4.063674312129329991e+01 2.254064120017866824e+00 8.878521810548415383e-01
4.068255681139622482e+01 2.256130406416682721e+00 8.870390379489930810e-01
4.072837050149914262e+01 2.258198586967241628e+00 8.862266395636339000e-01
4.077418419160206753e+01 2.260268663405900824e+00 8.854149852167084722e-01
4.081999788170499244e+01 2.262340637470608318e+00 8.846040742267862189e-01
4.086581157180791735e+01 2.264414510900906841e+00 8.837939059130605068e-01
4.091162526191084226e+01 2.266490285437932517e+00 8.829844795953482040e-01
4.095743895201376716e+01 2.268567962824417528e+00 8.821757945940892354e-01
4.100325264211668497e+01 2.270647544804692330e+00 8.813678502303460283e-01
4.104906633221960988e+01 2.272729033124686104e+00 8.805606458258025127e-01
4.109488002232253478e+01 2.274812429531928970e+00 8.797541807027634553e-01
4.114069371242545969e+01 2.276897735775551546e+00 8.789484541841556808e-01
4.118650740252838460e+01 2.278984953606289388e+00 8.781434655935245193e-01
4.123232109263130951e+01 2.281074084776482103e+00 8.773392142550363593e-01
4.127813478273422731e+01 2.283165131040076457e+00 8.765356994934749846e-01
4.132394847283715222e+01 2.285258094152625929e+00 8.757329206342440164e-01
4.136976216294007713e+01 2.287352975871294269e+00 8.749308770033635829e-01
4.141557585304300204e+01 2.289449777954855492e+00 8.741295679274720953e-01
4.146138954314592695e+01 2.291548502163695655e+00 8.733289927338248049e-01
4.150720323324885186e+01 2.293649150259815972e+00 8.725291507502915822e-01
4.155301692335176966e+01 2.295751724006830141e+00 8.717300413053599151e-01
4.159883061345469457e+01 2.297856225169971900e+00 8.709316637281303564e-01
4.164464430355761948e+01 2.299962655516091026e+00 8.701340173483194107e-01
4.169045799366054439e+01 2.302071016813656446e+00 8.693371014962567589e-01
4.173627168376346930e+01 2.304181310832760676e+00 8.685409155028857020e-01
4.178208537386638710e+01 2.306293539345115828e+00 8.677454586997620511e-01
4.182789906396931201e+01 2.308407704124061155e+00 8.669507304190534613e-01
4.187371275407223692e+01 2.310523806944559055e+00 8.661567299935402087e-01
4.191952644417516183e+01 2.312641849583200848e+00 8.653634567566126368e-01
4.196534013427808674e+01 2.314761833818204995e+00 8.645709100422726001e-01
4.201115382438101165e+01 2.316883761429420652e+00 8.637790891851309105e-01
4.205696751448392945e+01 2.319007634198328560e+00 8.629879935204085584e-01
4.210278120458685436e+01 2.321133453908042821e+00 8.621976223839347142e-01
4.214859489468977927e+01 2.323261222343312227e+00 8.614079751121473949e-01
4.219440858479270418e+01 2.325390941290520264e+00 8.606190510420921314e-01
4.224022227489562908e+01 2.327522612537689994e+00 8.598308495114214134e-01
4.228603596499855399e+01 2.329656237874481395e+00 8.590433698583949118e-01
4.233184965510147180e+01 2.331791819092196683e+00 8.582566114218778131e-01
4.237766334520439671e+01 2.333929357983779873e+00 8.574705735413408192e-01
4.242347703530732161e+01 2.336068856343818112e+00 8.566852555568598149e-01
4.246929072541024652e+01 2.338210315968543895e+00 8.559006568091149791e-01
4.251510441551317143e+01 2.340353738655835514e+00 8.551167766393906744e-01
4.256091810561609634e+01 2.342499126205221049e+00 8.543336143895740031e-01
4.260673179571901414e+01 2.344646480417876155e+00 8.535511694021549189e-01
4.265254548582193905e+01 2.346795803096629829e+00 8.527694410202258934e-01
4.269835917592486396e+01 2.348947096045961747e+00 8.519884285874805840e-01
4.274417286602778887e+01 2.351100361072007150e+00 8.512081314482142780e-01
4.278998655613071378e+01 2.353255599982555957e+00 8.504285489473221160e-01
4.283580024623363158e+01 2.355412814587055426e+00 8.496496804302999806e-01
4.288161393633655649e+01 2.357572006696612377e+00 8.488715252432422753e-01
4.292742762643948140e+01 2.359733178123992747e+00 8.480940827328433684e-01
4.297324131654240631e+01 2.361896330683625145e+00 8.473173522463950391e-01
4.301905500664533122e+01 2.364061466191600847e+00 8.465413331317871437e-01
4.306486869674825613e+01 2.366228586465676464e+00 8.457660247375067275e-01
4.311068238685117393e+01 2.368397693325273501e+00 8.449914264126381358e-01
4.315649607695409884e+01 2.370568788591483678e+00 8.442175375068610155e-01
4.320230976705702375e+01 2.372741874087066272e+00 8.434443573704508701e-01
4.324812345715994866e+01 2.374916951636452112e+00 8.426718853542785048e-01
4.329393714726287357e+01 2.377094023065744466e+00 8.419001208098089162e-01
4.333975083736579847e+01 2.379273090202720375e+00 8.411290630891012921e-01
4.338556452746871628e+01 2.381454154876831986e+00 8.403587115448083456e-01
4.343137821757164119e+01 2.383637218919210099e+00 8.395890655301752048e-01
4.347719190767456610e+01 2.385822284162662399e+00 8.388201243990395239e-01
4.352300559777749100e+01 2.388009352441677891e+00 8.380518875058309280e-01
4.356881928788041591e+01 2.390198425592425568e+00 8.372843542055702359e-01
4.361463297798334082e+01 2.392389505452759746e+00 8.365175238538691271e-01
4.366044666808625863e+01 2.394582593862217834e+00 8.357513958069289206e-01
4.370626035818918353e+01 2.396777692662024783e+00 8.349859694215410189e-01
4.375207404829210844e+01 2.398974803695092195e+00 8.342212440550857977e-01
4.379788773839503335e+01 2.401173928806022317e+00 8.334572190655320512e-01
4.384370142849795826e+01 2.403375069841106715e+00 8.326938938114368804e-01
4.388951511860087606e+01 2.405578228648330708e+00 8.319312676519446947e-01
4.393532880870380097e+01 2.407783407077373816e+00 8.311693399467862120e-01
4.398114249880672588e+01 2.409990606979610650e+00 8.304081100562796802e-01
4.402695618890965079e+01 2.412199830208112239e+00 8.296475773413287680e-01
4.407276987901257570e+01 2.414411078617650031e+00 8.288877411634220094e-01
4.411858356911550061e+01 2.416624354064693669e+00 8.281286008846331370e-01
4.416439725921841841e+01 2.418839658407416326e+00 8.273701558676200829e-01
4.421021094932134332e+01 2.421056993505693811e+00 8.266124054756245343e-01
4.425602463942426823e+01 2.423276361221107233e+00 8.258553490724710455e-01
4.430183832952719314e+01 2.425497763416943453e+00 8.250989860225673711e-01
4.434765201963011805e+01 2.427721201958198183e+00 8.243433156909028003e-01
4.439346570973304296e+01 2.429946678711575991e+00 8.235883374430487125e-01
4.443927939983596076e+01 2.432174195545493411e+00 8.228340506451572445e-01
4.448509308993888567e+01 2.434403754330079828e+00 8.220804546639607358e-01
4.453090678004181058e+01 2.436635356937177921e+00 8.213275488667722835e-01
4.457672047014473549e+01 2.438869005240347665e+00 8.205753326214835219e-01
4.462253416024766040e+01 2.441104701114864994e+00 8.198238052965660660e-01
4.466834785035058530e+01 2.443342446437726245e+00 8.190729662610687356e-01
4.471416154045350311e+01 2.445582243087647267e+00 8.183228148846194427e-01
4.475997523055642802e+01 2.447824092945067420e+00 8.175733505374220833e-01
4.480578892065935293e+01 2.450067997892148686e+00 8.168245725902586463e-01
4.485160261076227783e+01 2.452313959812778776e+00 8.160764804144864382e-01
4.489741630086520274e+01 2.454561980592572468e+00 8.153290733820391933e-01
4.494322999096812055e+01 2.456812062118872486e+00 8.145823508654256306e-01
4.498904368107104546e+01 2.459064206280753062e+00 8.138363122377285652e-01
4.503485737117397036e+01 2.461318414969019486e+00 8.130909568726055747e-01
4.508067106127689527e+01 2.463574690076208995e+00 8.123462841442883331e-01
4.512648475137982018e+01 2.465833033496595217e+00 8.116022934275806122e-01
4.517229844148274509e+01 2.468093447126188611e+00 8.108589840978593921e-01
4.521811213158566289e+01 2.470355932862735582e+00 8.101163555310736397e-01
4.526392582168858780e+01 2.472620492605724696e+00 8.093744071037435317e-01
4.530973951179151271e+01 2.474887128256384017e+00 8.086331381929611206e-01
4.535555320189443762e+01 2.477155841717685103e+00 8.078925481763875593e-01
4.540136689199736253e+01 2.479426634894344339e+00 8.071526364322554326e-01
4.544718058210028744e+01 2.481699509692823380e+00 8.064134023393655371e-01
4.549299427220320524e+01 2.483974468021331372e+00 8.056748452770887692e-01
4.553880796230613015e+01 2.486251511789828061e+00 8.049369646253634603e-01
4.558462165240905506e+01 2.488530642910022461e+00 8.041997597646962648e-01
4.563043534251197997e+01 2.490811863295377293e+00 8.034632300761611612e-01
4.567624903261490488e+01 2.493095174861108543e+00 8.027273749413985637e-01
4.572206272271782979e+01 2.495380579524188125e+00 8.019921937426164327e-01
4.576787641282074759e+01 2.497668079203344771e+00 8.012576858625871656e-01
4.581369010292367250e+01 2.499957675819067138e+00 8.005238506846490409e-01
4.585950379302659741e+01 2.502249371293603808e+00 7.997906875927047743e-01
4.590531748312952232e+01 2.504543167550965066e+00 7.990581959712224069e-01
4.595113117323244722e+01 2.506839066516926007e+00 7.983263752052319751e-01
4.599694486333536503e+01 2.509137070119025203e+00 7.975952246803286183e-01
4.604275855343828994e+01 2.511437180286570037e+00 7.968647437826684721e-01
4.608857224354121485e+01 2.513739398950636250e+00 7.961349318989709989e-01
4.613438593364413975e+01 2.516043728044068839e+00 7.954057884165169900e-01
4.618019962374706466e+01 2.518350169501484714e+00 7.946773127231483436e-01
4.622601331384998957e+01 2.520658725259275812e+00 7.939495042072673980e-01
4.627182700395290738e+01 2.522969397255606427e+00 7.932223622578377098e-01
4.631764069405583228e+01 2.525282187430420322e+00 7.924958862643808333e-01
4.636345438415875719e+01 2.527597097725438058e+00 7.917700756169782084e-01
4.640926807426168210e+01 2.529914130084160551e+00 7.910449297062702723e-01
4.645508176436460701e+01 2.532233286451870402e+00 7.903204479234551272e-01
4.650089545446753192e+01 2.534554568775632788e+00 7.895966296602883183e-01
4.654670914457044972e+01 2.536877979004298123e+00 7.888734743090827228e-01
4.659252283467337463e+01 2.539203519088504279e+00 7.881509812627076617e-01
4.663833652477629954e+01 2.541531190980675703e+00 7.874291499145883444e-01
4.668415021487922445e+01 2.543860996635027849e+00 7.867079796587059803e-01
4.672996390498214936e+01 2.546192938007566742e+00 7.859874698895962242e-01
4.677577759508507427e+01 2.548527017056092081e+00 7.852676200023496200e-01
4.682159128518799207e+01 2.550863235740197243e+00 7.845484293926108244e-01
4.686740497529091698e+01 2.553201596021273723e+00 7.838298974565774957e-01
4.691321866539384189e+01 2.555542099862509797e+00 7.831120235910007388e-01
4.695903235549676680e+01 2.557884749228892751e+00 7.823948071931837722e-01
4.700484604559969171e+01 2.560229546087213315e+00 7.816782476609822616e-01
4.705065973570260951e+01 2.562576492406062556e+00 7.809623443928030984e-01
4.709647342580553442e+01 2.564925590155838098e+00 7.802470967876041774e-01
4.714228711590845933e+01 2.567276841308743229e+00 7.795325042448937314e-01
4.718810080601138424e+01 2.569630247838788684e+00 7.788185661647298863e-01
4.723391449611430915e+01 2.571985811721795301e+00 7.781052819477208837e-01
4.727972818621723405e+01 2.574343534935394917e+00 7.773926509950228603e-01
4.732554187632015186e+01 2.576703419459032141e+00 7.766806727083415129e-01
4.737135556642307677e+01 2.579065467273967016e+00 7.759693464899296567e-01
4.741716925652600167e+01 2.581429680363274137e+00 7.752586717425878904e-01
4.746298294662892658e+01 2.583796060711847531e+00 7.745486478696637089e-01
4.750879663673185149e+01 2.586164610306399769e+00 7.738392742750511699e-01
4.755461032683477640e+01 2.588535331135465078e+00 7.731305503631902276e-01
4.760042401693769420e+01 2.590908225189399783e+00 7.724224755390663999e-01
4.764623770704061911e+01 2.593283294460387189e+00 7.717150492082094360e-01
4.769205139714354402e+01 2.595660540942433592e+00 7.710082707766944266e-01
4.773786508724646893e+01 2.598039966631375375e+00 7.703021396511402497e-01
4.778367877734939384e+01 2.600421573524877683e+00 7.695966552387084603e-01
4.782949246745231875e+01 2.602805363622436641e+00 7.688918169471046227e-01
4.787530615755523655e+01 2.605191338925382016e+00 7.681876241845765341e-01
4.792111984765816146e+01 2.607579501436877667e+00 7.674840763599132254e-01
4.796693353776108637e+01 2.609969853161924203e+00 7.667811728824458495e-01
4.801274722786401128e+01 2.612362396107359874e+00 7.660789131620461268e-01
4.805856091796693619e+01 2.614757132281862351e+00 7.653772966091269003e-01
4.810437460806985399e+01 2.617154063695950938e+00 7.646763226346402487e-01
4.815018829817277890e+01 2.619553192361987914e+00 7.639759906500783737e-01
4.819600198827570381e+01 2.621954520294180746e+00 7.632763000674717135e-01
4.824181567837862872e+01 2.624358049508582535e+00 7.625772502993897195e-01
4.828762936848155363e+01 2.626763782023094684e+00 7.618788407589403011e-01
4.833344305858447854e+01 2.629171719857469114e+00 7.611810708597676056e-01
4.837925674868739634e+01 2.631581865033307821e+00 7.604839400160537943e-01
4.842507043879032125e+01 2.633994219574067763e+00 7.597874476425172663e-01
4.847088412889324616e+01 2.636408785505059527e+00 7.590915931544123252e-01
4.851669781899617107e+01 2.638825564853449990e+00 7.583963759675294014e-01
4.856251150909909597e+01 2.641244559648265877e+00 7.577017954981929426e-01
4.860832519920202088e+01 2.643665771920392871e+00 7.570078511632627460e-01
4.865413888930493869e+01 2.646089203702577386e+00 7.563145423801328482e-01
4.869995257940786360e+01 2.648514857029431457e+00 7.556218685667300816e-01
4.874576626951078850e+01 2.650942733937430962e+00 7.549298291415147411e-01
4.879157995961371341e+01 2.653372836464918727e+00 7.542384235234800283e-01
4.883739364971663832e+01 2.655805166652106308e+00 7.535476511321509419e-01
4.888320733981956323e+01 2.658239726541074432e+00 7.528575113875839442e-01
4.892902102992248103e+01 2.660676518175777439e+00 7.521680037103670724e-01
4.897483472002540594e+01 2.663115543602042390e+00 7.514791275216189392e-01
4.902064841012833085e+01 2.665556804867572183e+00 7.507908822429880669e-01
4.906646210023125576e+01 2.668000304021946434e+00 7.501032672966527759e-01
4.911227579033418067e+01 2.670446043116624146e+00 7.494162821053205192e-01
4.915808948043709847e+01 2.672894024204943264e+00 7.487299260922279931e-01
4.920390317054002338e+01 2.675344249342126890e+00 7.480441986811392496e-01
4.924971686064294829e+01 2.677796720585279289e+00 7.473590992963465851e-01
4.929553055074587320e+01 2.680251439993392548e+00 7.466746273626695407e-01
4.934134424084879811e+01 2.682708409627344803e+00 7.459907823054546805e-01
4.938715793095172302e+01 2.685167631549903788e+00 7.453075635505742591e-01
4.943297162105464082e+01 2.687629107825728614e+00 7.446249705244268879e-01
4.947878531115756573e+01 2.690092840521371098e+00 7.439430026539360918e-01
4.952459900126049064e+01 2.692558831705276212e+00 7.432616593665508642e-01
4.957041269136341555e+01 2.695027083447786520e+00 7.425809400902436685e-01
4.961622638146634046e+01 2.697497597821142179e+00 7.419008442535115488e-01
4.966204007156926536e+01 2.699970376899481828e+00 7.412213712853752412e-01
4.970785376167218317e+01 2.702445422758846139e+00 7.405425206153773976e-01
4.975366745177510808e+01 2.704922737477180039e+00 7.398642916735838071e-01
4.979948114187803299e+01 2.707402323134331823e+00 7.391866838905821746e-01
4.984529483198095789e+01 2.709884181812057147e+00 7.385096966974815658e-01
4.989110852208388280e+01 2.712368315594019030e+00 7.378333295259120739e-01
4.993692221218680771e+01 2.714854726565791410e+00 7.371575818080248199e-01
4.998273590228972552e+01 2.717343416814860024e+00 7.364824529764900651e-01
5.002854959239265042e+01 2.719834388430623751e+00 7.358079424644984323e-01
5.007436328249557533e+01 2.722327643504397265e+00 7.351340497057596846e-01
5.012017697259850024e+01 2.724823184129412823e+00 7.344607741345010599e-01
5.016599066270142515e+01 2.727321012400819811e+00 7.337881151854698247e-01
5.021180435280434295e+01 2.729821130415689634e+00 7.331160722939293883e-01
5.025761804290726786e+01 2.732323540273016160e+00 7.324446448956610789e-01
5.030343173301019277e+01 2.734828244073716164e+00 7.317738324269629224e-01
5.034924542311311768e+01 2.737335243920633765e+00 7.311036343246489766e-01
5.039505911321604259e+01 2.739844541918539544e+00 7.304340500260494418e-01
5.044087280331896750e+01 2.742356140174134982e+00 7.297650789690092177e-01
5.048668649342188530e+01 2.744870040796050237e+00 7.290967205918891247e-01
5.053250018352481021e+01 2.747386245894851253e+00 7.284289743335632394e-01
5.057831387362773512e+01 2.749904757583037984e+00 7.277618396334197826e-01
5.062412756373066003e+01 2.752425577975045279e+00 7.270953159313612302e-01
5.066994125383358494e+01 2.754948709187247768e+00 7.264294026678020932e-01
5.071575494393650985e+01 2.757474153337959866e+00 7.257640992836700278e-01
5.076156863403942765e+01 2.760001912547437541e+00 7.250994052204042806e-01
5.080738232414235256e+01 2.762531988937880989e+00 7.244353199199556892e-01
5.085319601424527747e+01 2.765064384633435068e+00 7.237718428247863489e-01
5.089900970434820238e+01 2.767599101760192415e+00 7.231089733778689466e-01
5.094482339445112729e+01 2.770136142446194327e+00 7.224467110226864275e-01
5.099063708455405219e+01 2.772675508821432544e+00 7.217850552032312184e-01
5.103645077465697000e+01 2.775217203017851908e+00 7.211240053640052272e-01
5.108226446475989491e+01 2.777761227169352143e+00 7.204635609500187332e-01
5.112807815486281982e+01 2.780307583411788297e+00 7.198037214067902756e-01
5.117389184496574472e+01 2.782856273882972520e+00 7.191444861803468758e-01
5.121970553506866963e+01 2.785407300722678947e+00 7.184858547172223719e-01
5.126551922517158744e+01 2.787960666072640148e+00 7.178278264644577522e-01
5.131133291527451235e+01 2.790516372076555118e+00 7.171704008696000443e-01
5.135714660537743725e+01 2.793074420880086617e+00 7.165135773807025377e-01
5.140296029548036216e+01 2.795634814630864273e+00 7.158573554463242283e-01
5.144877398558328707e+01 2.798197555478485476e+00 7.152017345155287087e-01
5.149458767568621198e+01 2.800762645574520260e+00 7.145467140378841675e-01
5.154040136578912978e+01 2.803330087072509524e+00 7.138922934634636119e-01
5.158621505589205469e+01 2.805899882127968592e+00 7.132384722428428692e-01
5.163202874599497960e+01 2.808472032898388537e+00 7.125852498271012525e-01
5.167784243609790451e+01 2.811046541543238853e+00 7.119326256678208953e-01
5.172365612620082942e+01 2.813623410223968335e+00 7.112805992170859737e-01
5.176946981630375433e+01 2.816202641104005977e+00 7.106291699274830398e-01
5.181528350640667213e+01 2.818784236348765848e+00 7.099783372520991342e-01
5.186109719650959704e+01 2.821368198125646209e+00 7.093281006445231185e-01
5.190691088661252195e+01 2.823954528604032621e+00 7.086784595588431213e-01
5.195272457671544686e+01 2.826543229955297942e+00 7.080294134496486480e-01
5.199853826681837177e+01 2.829134304352806772e+00 7.073809617720276943e-01
5.204435195692129668e+01 2.831727753971915895e+00 7.067331039815676341e-01
5.209016564702421448e+01 2.834323580989975166e+00 7.060858395343545535e-01
5.213597933712713939e+01 2.836921787586332400e+00 7.054391678869725846e-01
5.218179302723006430e+01 2.839522375942331589e+00 7.047930884965033504e-01
5.222760671733298921e+01 2.842125348241316907e+00 7.041476008205259651e-01
5.227342040743591411e+01 2.844730706668634035e+00 7.035027043171161454e-01
5.231923409753883192e+01 2.847338453411631054e+00 7.028583984448465438e-01
5.236504778764175683e+01 2.849948590659662440e+00 7.022146826627845284e-01
5.241086147774468174e+01 2.852561120604089506e+00 7.015715564304939589e-01
5.245667516784760664e+01 2.855176045438281296e+00 7.009290192080329662e-01
5.250248885795053155e+01 2.857793367357618131e+00 7.002870704559549520e-01
5.254830254805345646e+01 2.860413088559493833e+00 6.996457096353062566e-01
5.259411623815637427e+01 2.863035211243313949e+00 6.990049362076278250e-01
5.263992992825929917e+01 2.865659737610503743e+00 6.983647496349532080e-01
5.268574361836222408e+01 2.868286669864503313e+00 6.977251493798086734e-01
5.273155730846514899e+01 2.870916010210775138e+00 6.970861349052132061e-01
5.277737099856807390e+01 2.873547760856801414e+00 6.964477056746770645e-01
5.282318468867099881e+01 2.876181924012088498e+00 6.958098611522021137e-01
5.286899837877391661e+01 2.878818501888168679e+00 6.951726008022811598e-01
5.291481206887684152e+01 2.881457496698601961e+00 6.945359240898970610e-01
5.296062575897976643e+01 2.884098910658976500e+00 6.938998304805230610e-01
5.300643944908269134e+01 2.886742745986911718e+00 6.932643194401219011e-01
5.305225313918561625e+01 2.889389004902060076e+00 6.926293904351454866e-01
5.309806682928854116e+01 2.892037689626108854e+00 6.919950429325337771e-01
5.314388051939145896e+01 2.894688802382781478e+00 6.913612763997160071e-01
5.318969420949438387e+01 2.897342345397840191e+00 6.907280903046082443e-01
5.323550789959730878e+01 2.899998320899087823e+00 6.900954841156143882e-01
5.328132158970023369e+01 2.902656731116369571e+00 6.894634573016248380e-01
5.332713527980315860e+01 2.905317578281572999e+00 6.888320093320168258e-01
5.337294896990607640e+01 2.907980864628633810e+00 6.882011396766531952e-01
5.341876266000900131e+01 2.910646592393534959e+00 6.875708478058821793e-01
5.346457635011192622e+01 2.913314763814308428e+00 6.869411331905377338e-01
5.351039004021485113e+01 2.915985381131038334e+00 6.863119953019379826e-01
5.355620373031777604e+01 2.918658446585861821e+00 6.856834336118852180e-01
5.360201742042070094e+01 2.921333962422972164e+00 6.850554475926656783e-01
5.364783111052361875e+01 2.924011930888618771e+00 6.844280367170489932e-01
5.369364480062654366e+01 2.926692354231111182e+00 6.838012004582872949e-01
5.373945849072946856e+01 2.929375234700819508e+00 6.831749382901155521e-01
5.378527218083239347e+01 2.932060574550176657e+00 6.825492496867503478e-01
5.383108587093531838e+01 2.934748376033680994e+00 6.819241341228897690e-01
5.387689956103824329e+01 2.937438641407896345e+00 6.812995910737136285e-01
5.392271325114116109e+01 2.940131372931455545e+00 6.806756200148820213e-01
5.396852694124408600e+01 2.942826572865063550e+00 6.800522204225348810e-01
5.401434063134701091e+01 2.945524243471495662e+00 6.794293917732923127e-01
5.406015432144993582e+01 2.948224387015601966e+00 6.788071335442537046e-01
5.410596801155286073e+01 2.950927005764308664e+00 6.781854452129973954e-01
5.415178170165578564e+01 2.953632101986620739e+00 6.775643262575801185e-01
5.419759539175870344e+01 2.956339677953621514e+00 6.769437761565370026e-01
5.424340908186162835e+01 2.959049735938479309e+00 6.763237943888797954e-01
5.428922277196455326e+01 2.961762278216443001e+00 6.757043804340983062e-01
5.433503646206747817e+01 2.964477307064848688e+00 6.750855337721587413e-01
5.438085015217040308e+01 2.967194824763119687e+00 6.744672538835035924e-01
5.442666384227332088e+01 2.969914833592769643e+00 6.738495402490511932e-01
5.447247753237624579e+01 2.972637335837402084e+00 6.732323923501951635e-01
5.451829122247917070e+01 2.975362333782715307e+00 6.726158096688046317e-01
5.456410491258209561e+01 2.978089829716502823e+00 6.719997916872223476e-01
5.460991860268502052e+01 2.980819825928654243e+00 6.713843378882656809e-01
5.465573229278794543e+01 2.983552324711159276e+00 6.707694477552259560e-01
5.470154598289086323e+01 2.986287328358107729e+00 6.701551207718674519e-01
5.474735967299378814e+01 2.989024839165694836e+00 6.695413564224267366e-01
5.479317336309671305e+01 2.991764859432217705e+00 6.689281541916133333e-01
5.483898705319963796e+01 2.994507391458081536e+00 6.683155135646089429e-01
5.488480074330256286e+01 2.997252437545800952e+00 6.677034340270658896e-01
5.493061443340548777e+01 3.000000000000000444e+00 6.670919150651082319e-01
