# tau=beta*t, lambda=exp[(gamma_dot/beta)*tau], sigma_norm=sigma/mu
# tau lambda sigma_over_mu
0.000000000000000000e+00 1.000000000000000000e+00 0.000000000000000000e+00
1.527123003430789312e-03 1.000916693709138716e+00 5.184313559181999605e-03
3.054246006861578624e-03 1.001834227745634021e+00 1.034798079069494670e-02
4.581369010292367719e-03 1.002752602879808386e+00 1.549107614530213263e-02
6.108492013723157248e-03 1.003671819882690830e+00 2.061367380050860981e-02
7.635615017153946776e-03 1.004591879526017140e+00 2.571584766163757113e-02
9.162738020584735438e-03 1.005512782582230535e+00 3.079767136290203697e-02
1.068986102401552583e-02 1.006434529824482338e+00 3.585921826847261740e-02
1.221698402744631450e-02 1.007357122026632634e+00 4.090056147354242944e-02
1.374410703087710316e-02 1.008280559963250500e+00 4.592177380538243342e-02
1.527123003430789355e-02 1.009204844409615776e+00 5.092292782440246274e-02
1.679835303773868221e-02 1.010129976141718400e+00 5.590409582519334508e-02
1.832547604116947088e-02 1.011055955936260187e+00 6.086534983757883183e-02
1.985259904460025954e-02 1.011982784570654159e+00 6.580676162764884096e-02
2.137972204803105167e-02 1.012910462823026991e+00 7.072840269880537045e-02
2.290684505146184033e-02 1.013838991472217677e+00 7.563034429278434057e-02
2.443396805489262899e-02 1.014768371297779748e+00 8.051265739069037031e-02
2.596109105832341765e-02 1.015698603079981499e+00 8.537541271401878629e-02
2.748821406175420631e-02 1.016629687599805987e+00 9.021868072566929797e-02
2.901533706518499844e-02 1.017561625638952583e+00 9.504253163096675061e-02
3.054246006861578711e-02 1.018494417979836753e+00 9.984703537866539136e-02
3.206958307204657577e-02 1.019428065405591832e+00 1.046322616619602408e-01
3.359670607547736443e-02 1.020362568700068806e+00 1.093982799194847394e-01
3.512382907890815309e-02 1.021297928647836750e+00 1.141451593363060207e-01
3.665095208233894175e-02 1.022234146034184832e+00 1.188729688449249311e-01
3.817807508576973041e-02 1.023171221645121198e+00 1.235817771262554404e-01
3.970519808920051907e-02 1.024109156267375198e+00 1.282716526106171817e-01
4.123232109263131467e-02 1.025047950688396936e+00 1.329426634787098382e-01
4.275944409606210334e-02 1.025987605696358607e+00 1.375948776625922076e-01
4.428656709949289200e-02 1.026928122080154715e+00 1.422283628466526895e-01
4.581369010292368066e-02 1.027869500629403410e+00 1.468431864685796895e-01
4.734081310635446932e-02 1.028811742134446039e+00 1.514394157203195479e-01
4.886793610978525798e-02 1.029754847386348704e+00 1.560171175490412121e-01
5.039505911321604664e-02 1.030698817176903148e+00 1.605763586580921110e-01
5.192218211664683530e-02 1.031643652298625868e+00 1.651172055079422329e-01
5.344930512007762397e-02 1.032589353544761002e+00 1.696397243171414437e-01
5.497642812350841263e-02 1.033535921709279215e+00 1.741439810632557927e-01
5.650355112693920129e-02 1.034483357586879038e+00 1.786300414838085104e-01
5.803067413036999689e-02 1.035431661972987749e+00 1.830979710772169811e-01
5.955779713380078555e-02 1.036380835663761601e+00 1.875478351037218605e-01
6.108492013723157421e-02 1.037330879456086485e+00 1.919796985863149175e-01
6.261204314066236287e-02 1.038281794147579262e+00 1.963936263116644876e-01
6.413916614409315153e-02 1.039233580536587764e+00 2.007896828310331283e-01
6.566628914752394020e-02 1.040186239422191461e+00 2.051679324611927757e-01
6.719341215095472886e-02 1.041139771604202569e+00 2.095284392853381805e-01
6.872053515438551752e-02 1.042094177883166273e+00 2.138712671539936272e-01
7.024765815781630618e-02 1.043049459060362061e+00 2.181964796859189037e-01
7.177478116124709484e-02 1.044005615937803277e+00 2.225041402690056958e-01
7.330190416467788350e-02 1.044962649318238901e+00 2.267943120611785046e-01
7.482902716810867216e-02 1.045920560005153988e+00 2.310670579912859068e-01
7.635615017153946082e-02 1.046879348802769671e+00 2.353224407599874834e-01
7.788327317497024949e-02 1.047839016516044497e+00 2.395605228406409160e-01
7.941039617840103815e-02 1.048799563950675084e+00 2.437813664801839753e-01
8.093751918183182681e-02 1.049760991913096131e+00 2.479850337000088223e-01
8.246464218526262935e-02 1.050723301210482186e+00 2.521715862968420541e-01
8.399176518869341801e-02 1.051686492650747429e+00 2.563410858436090400e-01
8.551888819212420667e-02 1.052650567042546559e+00 2.604935936903040594e-01
8.704601119555499533e-02 1.053615525195275904e+00 2.646291709648527779e-01
8.857313419898578399e-02 1.054581367919073420e+00 2.687478785739705334e-01
9.010025720241657265e-02 1.055548096024819804e+00 2.728497772040194835e-01
9.162738020584736132e-02 1.056515710324139157e+00 2.769349273218603691e-01
9.315450320927814998e-02 1.057484211629399651e+00 2.810033891757016677e-01
9.468162621270893864e-02 1.058453600753713753e+00 2.850552227959420870e-01
9.620874921613972730e-02 1.059423878510939998e+00 2.890904879960174978e-01
9.773587221957051596e-02 1.060395045715682549e+00 2.931092443732341013e-01
9.926299522300130462e-02 1.061367103183292082e+00 2.971115513096024285e-01
1.007901182264320933e-01 1.062340051729866897e+00 3.010974679726726722e-01
1.023172412298628819e-01 1.063313892172254027e+00 3.050670533163615805e-01
1.038443642332936706e-01 1.064288625328048132e+00 3.090203660817705256e-01
1.053714872367244593e-01 1.065264252015594382e+00 3.129574647980144508e-01
1.068986102401552479e-01 1.066240773053987567e+00 3.168784077830332224e-01
1.084257332435860366e-01 1.067218189263073436e+00 3.207832531444077540e-01
1.099528562470168253e-01 1.068196501463449355e+00 3.246720587801697477e-01
1.114799792504476139e-01 1.069175710476464980e+00 3.285448823796098261e-01
1.130071022538784026e-01 1.070155817124222697e+00 3.324017814240790569e-01
1.145342252573092051e-01 1.071136822229578733e+00 3.362428131877917559e-01
1.160613482607399938e-01 1.072118726616143602e+00 3.400680347386202951e-01
1.175884712641707824e-01 1.073101531108282547e+00 3.438775029388897453e-01
1.191155942676015711e-01 1.074085236531116649e+00 3.476712744461672999e-01
1.206427172710323598e-01 1.075069843710523720e+00 3.514494057140521988e-01
1.221698402744631484e-01 1.076055353473137854e+00 3.552119529929541053e-01
1.236969632778939371e-01 1.077041766646351872e+00 3.589589723308801439e-01
1.252240862813247257e-01 1.078029084058316434e+00 3.626905195742067267e-01
1.267512092847555005e-01 1.079017306537941145e+00 3.664066503684548226e-01
1.282783322881863031e-01 1.080006434914896563e+00 3.701074201590657253e-01
1.298054552916170779e-01 1.080996470019612410e+00 3.737928841921592804e-01
1.313325782950478804e-01 1.081987412683280692e+00 3.774630975153072665e-01
1.328597012984786829e-01 1.082979263737854803e+00 3.811181149782891797e-01
1.343868243019094577e-01 1.083972024016051083e+00 3.847579912338526253e-01
1.359139473053402603e-01 1.084965694351349041e+00 3.883827807384675479e-01
1.374410703087710350e-01 1.085960275577992240e+00 3.919925377530782962e-01
1.389681933122018376e-01 1.086955768530989186e+00 3.955873163438526907e-01
1.404953163156326124e-01 1.087952174046113774e+00 3.991671703829268170e-01
1.420224393190634149e-01 1.088949492959905729e+00 4.027321535491469873e-01
1.435495623224941897e-01 1.089947726109671944e+00 4.062823193288112034e-01
1.450766853259249922e-01 1.090946874333486916e+00 4.098177210164047346e-01
1.466038083293557670e-01 1.091946938470192974e+00 4.133384117153314219e-01
1.481309313327865695e-01 1.092947919359402054e+00 4.168444443386483123e-01
1.496580543362173443e-01 1.093949817841495031e+00 4.203358716097872483e-01
1.511851773396481469e-01 1.094952634757623944e+00 4.238127460632859500e-01
1.527123003430789216e-01 1.095956370949711101e+00 4.272751200455022214e-01
1.542394233465097242e-01 1.096961027260451305e+00 4.307230457153387593e-01
1.557665463499404990e-01 1.097966604533311408e+00 4.341565750449532524e-01
1.572936693533713015e-01 1.098973103612531643e+00 4.375757598204745857e-01
1.588207923568020763e-01 1.099980525343126070e+00 4.409806516427101086e-01
1.603479153602328788e-01 1.100988870570883238e+00 4.443713019278521803e-01
1.618750383636636536e-01 1.101998140142367300e+00 4.477477619081842719e-01
1.634021613670944562e-01 1.103008334904918453e+00 4.511100826327793523e-01
1.649292843705252587e-01 1.104019455706653607e+00 4.544583149681993284e-01
1.664564073739560335e-01 1.105031503396466608e+00 4.577925095991863258e-01
1.679835303773868360e-01 1.106044478824030453e+00 4.611127170293619626e-01
1.695106533808176108e-01 1.107058382839796185e+00 4.644189875819095259e-01
1.710377763842484133e-01 1.108073216294994667e+00 4.677113714002634759e-01
1.725648993876791881e-01 1.109088980041637473e+00 4.709899184487952306e-01
1.740920223911099907e-01 1.110105674932516884e+00 4.742546785134904574e-01
1.756191453945407654e-01 1.111123301821206777e+00 4.775057012026281411e-01
1.771462683979715680e-01 1.112141861562063960e+00 4.807430359474578752e-01
1.786733914014023428e-01 1.113161355010227727e+00 4.839667320028688269e-01
1.802005144048331453e-01 1.114181783021622074e+00 4.871768384480640868e-01
1.817276374082639201e-01 1.115203146452955041e+00 4.903734041872228056e-01
1.832547604116947226e-01 1.116225446161720258e+00 4.935564779501689925e-01
1.847818834151254974e-01 1.117248683006197396e+00 4.967261082930300442e-01
1.863090064185563000e-01 1.118272857845452828e+00 4.998823435988966057e-01
1.878361294219870747e-01 1.119297971539340297e+00 5.030252320784788234e-01
1.893632524254178773e-01 1.120324024948502251e+00 5.061548217707605435e-01
1.908903754288486521e-01 1.121351018934369614e+00 5.092711605436491817e-01
1.924174984322794546e-01 1.122378954359163128e+00 5.123742960946242597e-01
1.939446214357102294e-01 1.123407832085894009e+00 5.154642759513829997e-01
1.954717444391410319e-01 1.124437652978364399e+00 5.185411474724830327e-01
1.969988674425718345e-01 1.125468417901168472e+00 5.216049578479832194e-01
1.985259904460026092e-01 1.126500127719692879e+00 5.246557541000811398e-01
2.000531134494334118e-01 1.127532783300117414e+00 5.276935830837478081e-01
2.015802364528641866e-01 1.128566385509416570e+00 5.307184914873618320e-01
2.031073594562949891e-01 1.129600935215358426e+00 5.337305258333351343e-01
2.046344824597257639e-01 1.130636433286507758e+00 5.367297324787468904e-01
2.061616054631565664e-01 1.131672880592224706e+00 5.397161576159622554e-01
2.076887284665873412e-01 1.132710278002666549e+00 5.426898472732574197e-01
2.092158514700181438e-01 1.133748626388788372e+00 5.456508473154398908e-01
2.107429744734489185e-01 1.134787926622343734e+00 5.485992034444650001e-01
2.122700974768797211e-01 1.135828179575885111e+00 5.515349612000500779e-01
2.137972204803104959e-01 1.136869386122765002e+00 5.544581659602880741e-01
2.153243434837412984e-01 1.137911547137136159e+00 5.573688629422546281e-01
2.168514664871720732e-01 1.138954663493953134e+00 5.602670972026196905e-01
2.183785894906028757e-01 1.139998736068972285e+00 5.631529136382485978e-01
2.199057124940336505e-01 1.141043765738752880e+00 5.660263569868062561e-01
2.214328354974644530e-01 1.142089753380657768e+00 5.688874718273571052e-01
2.229599585008952278e-01 1.143136699872853601e+00 5.717363025809604204e-01
2.244870815043260304e-01 1.144184606094312828e+00 5.745728935112698332e-01
2.260142045077568052e-01 1.145233472924812812e+00 5.773972887251209718e-01
2.275413275111876077e-01 1.146283301244938269e+00 5.802095321731263189e-01
2.290684505146184102e-01 1.147334091936080380e+00 5.830096676502595221e-01
2.305955735180491850e-01 1.148385845880438572e+00 5.857977387964430349e-01
2.321226965214799876e-01 1.149438563961021398e+00 5.885737890971315389e-01
2.336498195249107623e-01 1.150492247061645879e+00 5.913378618838902590e-01
2.351769425283415649e-01 1.151546896066940384e+00 5.940900003349773861e-01
2.367040655317723397e-01 1.152602511862343082e+00 5.968302474759153986e-01
2.382311885352031422e-01 1.153659095334105045e+00 5.995586461800707090e-01
2.397583115386339170e-01 1.154716647369288474e+00 6.022752391692189899e-01
2.412854345420647195e-01 1.155775168855769808e+00 6.049800690141199366e-01
2.428125575454954943e-01 1.156834660682238614e+00 6.076731781350801498e-01
2.443396805489262968e-01 1.157895123738199805e+00 6.103546088025203487e-01
2.458668035523570716e-01 1.158956558913972978e+00 6.130244031375357006e-01
2.473939265557878742e-01 1.160018967100694631e+00 6.156826031124585930e-01
2.489210495592186489e-01 1.161082349190317498e+00 6.183292505514137449e-01
2.504481725626494515e-01 1.162146706075612546e+00 6.209643871308757612e-01
2.519752955660802263e-01 1.163212038650168312e+00 6.235880543802200249e-01
2.535024185695110011e-01 1.164278347808393566e+00 6.262002936822786969e-01
2.550295415729418314e-01 1.165345634445515977e+00 6.288011462738841706e-01
2.565566645763726061e-01 1.166413899457584558e+00 6.313906532464199639e-01
2.580837875798033809e-01 1.167483143741469442e+00 6.339688555463626196e-01
2.596109105832341557e-01 1.168553368194862774e+00 6.365357939758252703e-01
2.611380335866649860e-01 1.169624573716280036e+00 6.390915091930986502e-01
2.626651565900957608e-01 1.170696761205059833e+00 6.416360417131871108e-01
2.641922795935265356e-01 1.171769931561365663e+00 6.441694319083464126e-01
2.657194025969573659e-01 1.172844085686185922e+00 6.466917200086167439e-01
2.672465256003881406e-01 1.173919224481335233e+00 6.492029461023544057e-01
2.687736486038189154e-01 1.174995348849454224e+00 6.517031501367600566e-01
2.703007716072496902e-01 1.176072459694011973e+00 6.541923719184093988e-01
2.718278946106805205e-01 1.177150557919304896e+00 6.566706511137752056e-01
2.733550176141112953e-01 1.178229644430458745e+00 6.591380272497510129e-01
2.748821406175420701e-01 1.179309720133428829e+00 6.615945397141740347e-01
2.764092636209728449e-01 1.180390785935001352e+00 6.640402277563429712e-01
2.779363866244036751e-01 1.181472842742793627e+00 6.664751304875353721e-01
2.794635096278344499e-01 1.182555891465254083e+00 6.688992868815194504e-01
2.809906326312652247e-01 1.183639933011665368e+00 6.713127357750738877e-01
2.825177556346959995e-01 1.184724968292142577e+00 6.737155158684906553e-01
2.840448786381268298e-01 1.185810998217635692e+00 6.761076657260900458e-01
2.855720016415576046e-01 1.186898023699929361e+00 6.784892237767231604e-01
2.870991246449883794e-01 1.187986045651644451e+00 6.808602283142799472e-01
2.886262476484191541e-01 1.189075064986238051e+00 6.832207174981883568e-01
2.901533706518499844e-01 1.190165082618004799e+00 6.855707293539187175e-01
2.916804936552807592e-01 1.191256099462077334e+00 6.879103017734792269e-01
2.932076166587115340e-01 1.192348116434427396e+00 6.902394725159155531e-01
2.947347396621423643e-01 1.193441134451866281e+00 6.925582792078036620e-01
2.962618626655731391e-01 1.194535154432045720e+00 6.948667593437428680e-01
2.977889856690039139e-01 1.195630177293458773e+00 6.971649502868481063e-01
2.993161086724346887e-01 1.196726203955440271e+00 6.994528892692364330e-01
3.008432316758655189e-01 1.197823235338167702e+00 7.017306133925158562e-01
3.023703546792962937e-01 1.198921272362662549e+00 7.039981596282701704e-01
3.038974776827270685e-01 1.200020315950790062e+00 7.062555648185410151e-01
3.054246006861578433e-01 1.201120367025260816e+00 7.085028656763103783e-01
3.069517236895886736e-01 1.202221426509631597e+00 7.107400987859795460e-01
3.084788466930194484e-01 1.203323495328304737e+00 7.129673006038449445e-01
3.100059696964502232e-01 1.204426574406531003e+00 7.151845074585759798e-01
3.115330926998809979e-01 1.205530664670409147e+00 7.173917555516881039e-01
3.130602157033118282e-01 1.206635767046886576e+00 7.195890809580134384e-01
3.145873387067426030e-01 1.207741882463760241e+00 7.217765196261701766e-01
3.161144617101733778e-01 1.208849011849678190e+00 7.239541073790339842e-01
3.176415847136041526e-01 1.209957156134139344e+00 7.261218799142005187e-01
3.191687077170349829e-01 1.211066316247495056e+00 7.282798728044523884e-01
3.206958307204657577e-01 1.212176493120949106e+00 7.304281214982194514e-01
3.222229537238965325e-01 1.213287687686559035e+00 7.325666613200412236e-01
3.237500767273273072e-01 1.214399900877236815e+00 7.346955274710240680e-01
3.252771997307581375e-01 1.215513133626749731e+00 7.368147550293010495e-01
3.268043227341889123e-01 1.216627386869721050e+00 7.389243789504843507e-01
3.283314457376196871e-01 1.217742661541630467e+00 7.410244340681196862e-01
3.298585687410505174e-01 1.218858958578815654e+00 7.431149550941393844e-01
3.313856917444812922e-01 1.219976278918472268e+00 7.451959766193094747e-01
3.329128147479120670e-01 1.221094623498655496e+00 7.472675331136808818e-01
3.344399377513428417e-01 1.222213993258279841e+00 7.493296589270332930e-01
3.359670607547736720e-01 1.223334389137121114e+00 7.513823882893218009e-01
3.374941837582044468e-01 1.224455812075816219e+00 7.534257553111182171e-01
3.390213067616352216e-01 1.225578263015864700e+00 7.554597939840537180e-01
3.405484297650659964e-01 1.226701742899628522e+00 7.574845381812554956e-01
3.420755527684968267e-01 1.227826252670334295e+00 7.595000216577887375e-01
3.436026757719276015e-01 1.228951793272072601e+00 7.615062780510883922e-01
3.451297987753583763e-01 1.230078365649799998e+00 7.635033408813963751e-01
3.466569217787891510e-01 1.231205970749338796e+00 7.654912435521920022e-01
3.481840447822199813e-01 1.232334609517378832e+00 7.674700193506247548e-01
3.497111677856507561e-01 1.233464282901477471e+00 7.694397014479423813e-01
3.512382907890815309e-01 1.234594991850060719e+00 7.714003228999177786e-01
3.527654137925123057e-01 1.235726737312423884e+00 7.733519166472764272e-01
3.542925367959431360e-01 1.236859520238732912e+00 7.752945155161196089e-01
3.558196597993739108e-01 1.237993341580024165e+00 7.772281522183460689e-01
3.573467828028046855e-01 1.239128202288206193e+00 7.791528593520746782e-01
3.588739058062355158e-01 1.240264103316060407e+00 7.810686694020633203e-01
3.604010288096662906e-01 1.241401045617240850e+00 7.829756147401245592e-01
3.619281518130970654e-01 1.242539030146276424e+00 7.848737276255430828e-01
3.634552748165278402e-01 1.243678057858570885e+00 7.867630402054905936e-01
3.649823978199586705e-01 1.244818129710403953e+00 7.886435845154375901e-01
3.665095208233894453e-01 1.245959246658931319e+00 7.905153924795634834e-01
3.680366438268202200e-01 1.247101409662186855e+00 7.923784959111681570e-01
3.695637668302509948e-01 1.248244619679082401e+00 7.942329265130788629e-01
3.710908898336818251e-01 1.249388877669408648e+00 7.960787158780563422e-01
3.726180128371125999e-01 1.250534184593836029e+00 7.979158954891986122e-01
3.741451358405433747e-01 1.251680541413916270e+00 7.997444967203474198e-01
3.756722588439741495e-01 1.252827949092081949e+00 8.015645508364854788e-01
3.771993818474049798e-01 1.253976408591647829e+00 8.033760889941394812e-01
3.787265048508357546e-01 1.255125920876812184e+00 8.051791422417772237e-01
3.802536278542665293e-01 1.256276486912657031e+00 8.069737415202055120e-01
3.817807508576973041e-01 1.257428107665149009e+00 8.087599176629645115e-01
3.833078738611281344e-01 1.258580784101139827e+00 8.105377013967212108e-01
3.848349968645589092e-01 1.259734517188368264e+00 8.123071233416635506e-01
3.863621198679896840e-01 1.260889307895459943e+00 8.140682140118898902e-01
3.878892428714204588e-01 1.262045157191928002e+00 8.158210038157976962e-01
3.894163658748512891e-01 1.263202066048175087e+00 8.175655230564727871e-01
3.909434888782820638e-01 1.264360035435492469e+00 8.193018019320740253e-01
3.924706118817128386e-01 1.265519066326062703e+00 8.210298705362196747e-01
3.939977348851436689e-01 1.266679159692959189e+00 8.227497588583690957e-01
3.955248578885744437e-01 1.267840316510146836e+00 8.244614967842049946e-01
3.970519808920052185e-01 1.269002537752484283e+00 8.261651140960148965e-01
3.985791038954359933e-01 1.270165824395723009e+00 8.278606404730679547e-01
4.001062268988668236e-01 1.271330177416509777e+00 8.295481054919938702e-01
4.016333499022975984e-01 1.272495597792385746e+00 8.312275386271580357e-01
4.031604729057283731e-01 1.273662086501788915e+00 8.328989692510357923e-01
4.046875959091591479e-01 1.274829644524053673e+00 8.345624266345857967e-01
4.062147189125899782e-01 1.275998272839412584e+00 8.362179399476218356e-01
4.077418419160207530e-01 1.277167972428996379e+00 8.378655382591820855e-01
4.092689649194515278e-01 1.278338744274835737e+00 8.395052505378990393e-01
4.107960879228823026e-01 1.279510589359860839e+00 8.411371056523648804e-01
4.123232109263131329e-01 1.280683508667903370e+00 8.427611323714990776e-01
4.138503339297439076e-01 1.281857503183697178e+00 8.443773593649124276e-01
4.153774569331746824e-01 1.283032573892878059e+00 8.459858152032690981e-01
4.169045799366054572e-01 1.284208721781985751e+00 8.475865283586487831e-01
4.184317029400362875e-01 1.285385947838464604e+00 8.491795272049083021e-01
4.199588259434670623e-01 1.286564253050663353e+00 8.507648400180374271e-01
4.214859489468978371e-01 1.287743638407837787e+00 8.523424949765194825e-01
4.230130719503286119e-01 1.288924104900149858e+00 8.539125201616856176e-01
4.245401949537594422e-01 1.290105653518669238e+00 8.554749435580699668e-01
4.260673179571902169e-01 1.291288285255373980e+00 8.570297930537619235e-01
4.275944409606209917e-01 1.292472001103152301e+00 8.585770964407610784e-01
4.291215639640518220e-01 1.293656802055801691e+00 8.601168814153244968e-01
4.306486869674825968e-01 1.294842689108030909e+00 8.616491755783173279e-01
4.321758099709133716e-01 1.296029663255460429e+00 8.631740064355613029e-01
4.337029329743441464e-01 1.297217725494623997e+00 8.646914013981810143e-01
4.352300559777749767e-01 1.298406876822968403e+00 8.662013877829487507e-01
4.367571789812057514e-01 1.299597118238854376e+00 8.677039928126281110e-01
4.382843019846365262e-01 1.300788450741559021e+00 8.691992436163182845e-01
4.398114249880673010e-01 1.301980875331274046e+00 8.706871672297932241e-01
4.413385479914981313e-01 1.303174393009109311e+00 8.721677905958441501e-01
4.428656709949289061e-01 1.304369004777091501e+00 8.736411405646147266e-01
4.443927939983596809e-01 1.305564711638166342e+00 8.751072438939425657e-01
4.459199170017904557e-01 1.306761514596198603e+00 8.765661272496917400e-01
4.474470400052212860e-01 1.307959414655973651e+00 8.780178172060906228e-01
4.489741630086520607e-01 1.309158412823197892e+00 8.794623402460627348e-01
4.505012860120828355e-01 1.310358510104498997e+00 8.808997227615604775e-01
4.520284090155136103e-01 1.311559707507428119e+00 8.823299910538958679e-01
4.535555320189444406e-01 1.312762006040460117e+00 8.837531713340713857e-01
4.550826550223752154e-01 1.313965406712994000e+00 8.851692897231060453e-01
4.566097780258059902e-01 1.315169910535353592e+00 8.865783722523634669e-01
4.581369010292368205e-01 1.316375518518790200e+00 8.879804448638802805e-01
4.596640240326675952e-01 1.317582231675480609e+00 8.893755334106867583e-01
4.611911470360983700e-01 1.318790051018530640e+00 8.907636636571333311e-01
4.627182700395291448e-01 1.319998977561974041e+00 8.921448612792115540e-01
4.642453930429599751e-01 1.321209012320774923e+00 8.935191518648759601e-01
4.657725160463907499e-01 1.322420156310826878e+00 8.948865609143623612e-01
4.672996390498215247e-01 1.323632410548955196e+00 8.962471138405075921e-01
4.688267620532522995e-01 1.324845776052917756e+00 8.976008359690673677e-01
4.703538850566831298e-01 1.326060253841404579e+00 8.989477525390305868e-01
4.718810080601139045e-01 1.327275844934040050e+00 9.002878887029363009e-01
4.734081310635446793e-01 1.328492550351382917e+00 9.016212695271852429e-01
4.749352540669754541e-01 1.329710371114927847e+00 9.029479199923553523e-01
4.764623770704062844e-01 1.330929308247105425e+00 9.042678649935098623e-01
4.779895000738370592e-01 1.332149362771283929e+00 9.055811293405096052e-01
4.795166230772678340e-01 1.333370535711769778e+00 9.068877377583217658e-01
4.810437460806986087e-01 1.334592828093807748e+00 9.081877148873269689e-01
4.825708690841294390e-01 1.335816240943583200e+00 9.094810852836262560e-01
4.840979920875602138e-01 1.337040775288221406e+00 9.107678734193460635e-01
4.856251150909909886e-01 1.338266432155790220e+00 9.120481036829448662e-01
4.871522380944217634e-01 1.339493212575299186e+00 9.133218003795124940e-01
4.886793610978525937e-01 1.340721117576701094e+00 9.145889877310755534e-01
4.902064841012833685e-01 1.341950148190893088e+00 9.158496898768963002e-01
4.917336071047141433e-01 1.343180305449717560e+00 9.171039308737737317e-01
4.932607301081449735e-01 1.344411590385962585e+00 9.183517346963409045e-01
4.947878531115757483e-01 1.345644004033362595e+00 9.195931252373626963e-01
4.963149761150065231e-01 1.346877547426600374e+00 9.208281263080334567e-01
4.978420991184372979e-01 1.348112221601306615e+00 9.220567616382702170e-01
4.993692221218681282e-01 1.349348027594061694e+00 9.232790548770084538e-01
5.008963451252989030e-01 1.350584966442396118e+00 9.244950295924939665e-01
5.024234681287297333e-01 1.351823039184791186e+00 9.257047092725748660e-01
5.039505911321604525e-01 1.353062246860680773e+00 9.269081173249935635e-01
5.054777141355912828e-01 1.354302590510451099e+00 9.281052770776744287e-01
5.070048371390220021e-01 1.355544071175442511e+00 9.292962117790142251e-01
5.085319601424528324e-01 1.356786689897949483e+00 9.304809445981683247e-01
5.100590831458836627e-01 1.358030447721222167e+00 9.316594986253379229e-01
5.115862061493143820e-01 1.359275345689467063e+00 9.328318968720549220e-01
5.131133291527452123e-01 1.360521384847848125e+00 9.339981622714660370e-01
5.146404521561760426e-01 1.361768566242486989e+00 9.351583176786167906e-01
5.161675751596067618e-01 1.363016890920464297e+00 9.363123858707318448e-01
5.176946981630375921e-01 1.364266359929821260e+00 9.374603895474984405e-01
5.192218211664683114e-01 1.365516974319558541e+00 9.386023513313443978e-01
5.207489441698991417e-01 1.366768735139639590e+00 9.397382937677181136e-01
5.222760671733299720e-01 1.368021643440989532e+00 9.408682393253656739e-01
5.238031901767606913e-01 1.369275700275497609e+00 9.419922103966088534e-01
5.253303131801915216e-01 1.370530906696016737e+00 9.431102292976191181e-01
5.268574361836223519e-01 1.371787263756365283e+00 9.442223182686938499e-01
5.283845591870530711e-01 1.373044772511327505e+00 9.453284994745294600e-01
5.299116821904839014e-01 1.374303434016654668e+00 9.464287950044946163e-01
5.314388051939147317e-01 1.375563249329065485e+00 9.475232268729008034e-01
5.329659281973454510e-01 1.376824219506247893e+00 9.486118170192735510e-01
5.344930512007762813e-01 1.378086345606859275e+00 9.496945873086228840e-01
5.360201742042070006e-01 1.379349628690527130e+00 9.507715595317102197e-01
5.375472972076378309e-01 1.380614069817850842e+00 9.518427554053175976e-01
5.390744202110686611e-01 1.381879670050401243e+00 9.529081965725124670e-01
5.406015432144993804e-01 1.383146430450723274e+00 9.539679046029156950e-01
5.421286662179302107e-01 1.384414352082335320e+00 9.550219009929634684e-01
5.436557892213610410e-01 1.385683436009730762e+00 9.560702071661734136e-01
5.451829122247917603e-01 1.386953683298378648e+00 9.571128444734048335e-01
5.467100352282225906e-01 1.388225095014725019e+00 9.581498341931219409e-01
5.482371582316533098e-01 1.389497672226193581e+00 9.591811975316547612e-01
5.497642812350841401e-01 1.390771416001186367e+00 9.602069556234565928e-01
5.512914042385149704e-01 1.392046327409084849e+00 9.612271295313660202e-01
5.528185272419456897e-01 1.393322407520250383e+00 9.622417402468605996e-01
5.543456502453765200e-01 1.394599657406026427e+00 9.632508086903176503e-01
5.558727732488073503e-01 1.395878078138737655e+00 9.642543557112672747e-01
5.573998962522380696e-01 1.397157670791692174e+00 9.652524020886481537e-01
5.589270192556688999e-01 1.398438436439181976e+00 9.662449685310621206e-01
5.604541422590997302e-01 1.399720376156483814e+00 9.672320756770255157e-01
5.619812652625304494e-01 1.401003491019859659e+00 9.682137440952224283e-01
5.635083882659612797e-01 1.402287782106559133e+00 9.691899942847553850e-01
5.650355112693919990e-01 1.403573250494818403e+00 9.701608466753951499e-01
5.665626342728228293e-01 1.404859897263862401e+00 9.711263216278306354e-01
5.680897572762536596e-01 1.406147723493905710e+00 9.720864394339164827e-01
5.696168802796843789e-01 1.407436730266152347e+00 9.730412203169199747e-01
5.711440032831152092e-01 1.408726918662798200e+00 9.739906844317696155e-01
5.726711262865460395e-01 1.410018289767031030e+00 9.749348518652972695e-01
5.741982492899767587e-01 1.411310844663031139e+00 9.758737426364859635e-01
5.757253722934075890e-01 1.412604584435973143e+00 9.768073766967105831e-01
5.772524952968383083e-01 1.413899510172025975e+00 9.777357739299837869e-01
5.787796183002691386e-01 1.415195622958355326e+00 9.786589541531951486e-01
5.803067413036999689e-01 1.416492923883121868e+00 9.795769371163527417e-01
5.818338643071306882e-01 1.417791414035485253e+00 9.804897425028246127e-01
5.833609873105615184e-01 1.419091094505602557e+00 9.813973899295768133e-01
5.848881103139923487e-01 1.420391966384630722e+00 9.822998989474104325e-01
5.864152333174230680e-01 1.421694030764726779e+00 9.831972890412016275e-01
5.879423563208538983e-01 1.422997288739048960e+00 9.840895796301358800e-01
5.894694793242847286e-01 1.424301741401757804e+00 9.849767900679451404e-01
5.909966023277154479e-01 1.425607389848016160e+00 9.858589396431415297e-01
5.925237253311462782e-01 1.426914235173991630e+00 9.867360475792510410e-01
5.940508483345769974e-01 1.428222278476856122e+00 9.876081330350480192e-01
5.955779713380078277e-01 1.429531520854787852e+00 9.884752151047859758e-01
5.971050943414386580e-01 1.430841963406971118e+00 9.893373128184288490e-01
5.986322173448693773e-01 1.432153607233598080e+00 9.901944451418818183e-01
6.001593403483002076e-01 1.433466453435869425e+00 9.910466309772213434e-01
6.016864633517310379e-01 1.434780503115995698e+00 9.918938891629230925e-01
6.032135863551617572e-01 1.436095757377197080e+00 9.927362384740895385e-01
6.047407093585925875e-01 1.437412217323705832e+00 9.935736976226778872e-01
6.062678323620233067e-01 1.438729884060765407e+00 9.944062852577257861e-01
6.077949553654541370e-01 1.440048758694634001e+00 9.952340199655764774e-01
6.093220783688849673e-01 1.441368842332582556e+00 9.960569202701042846e-01
6.108492013723156866e-01 1.442690136082897423e+00 9.968750046329361014e-01
6.123763243757465169e-01 1.444012641054881252e+00 9.976882914536771008e-01
6.139034473791773472e-01 1.445336358358853213e+00 9.984967990701298923e-01
6.154305703826080665e-01 1.446661289106150328e+00 9.993005457585183438e-01
6.169576933860388968e-01 1.447987434409128582e+00 1.000099549733706183e+00
6.184848163894696160e-01 1.449314795381163590e+00 1.000893829149416048e+00
6.200119393929004463e-01 1.450643373136651260e+00 1.001683402098451303e+00
6.215390623963312766e-01 1.451973168791009572e+00 1.002468286612910431e+00
6.230661853997619959e-01 1.453304183460678578e+00 1.003248500664406073e+00
6.245933084031928262e-01 1.454636418263122177e+00 1.004024062164281084e+00
6.261204314066236565e-01 1.455969874316828117e+00 1.004794988963823688e+00
6.276475544100543758e-01 1.457304552741309767e+00 1.005561298854482866e+00
6.291746774134852060e-01 1.458640454657107233e+00 1.006323009568081739e+00
6.307018004169160363e-01 1.459977581185786688e+00 1.007080138777030509e+00
6.322289234203467556e-01 1.461315933449943483e+00 1.007832704094539844e+00
6.337560464237775859e-01 1.462655512573201255e+00 1.008580723074831376e+00
6.352831694272083052e-01 1.463996319680214375e+00 1.009324213213349308e+00
6.368102924306391355e-01 1.465338355896667499e+00 1.010063191946969585e+00
6.383374154340699658e-01 1.466681622349277792e+00 1.010797676654210608e+00
6.398645384375006850e-01 1.468026120165794923e+00 1.011527684655439741e+00
6.413916614409315153e-01 1.469371850475002406e+00 1.012253233213082915e+00
6.429187844443623456e-01 1.470718814406718478e+00 1.012974339531830248e+00
6.444459074477930649e-01 1.472067013091797216e+00 1.013691020758843209e+00
6.459730304512238952e-01 1.473416447662129203e+00 1.014403293983958232e+00
6.475001534546546145e-01 1.474767119250642633e+00 1.015111176239895441e+00
6.490272764580854448e-01 1.476119028991304427e+00 1.015814684502456933e+00
6.505543994615162751e-01 1.477472178019120896e+00 1.016513835690734835e+00
6.520815224649469943e-01 1.478826567470138409e+00 1.017208646667311589e+00
6.536086454683778246e-01 1.480182198481445832e+00 1.017899134238461345e+00
6.551357684718086549e-01 1.481539072191172979e+00 1.018585315154351356e+00
6.566628914752393742e-01 1.482897189738493937e+00 1.019267206109242929e+00
6.581900144786702045e-01 1.484256552263626849e+00 1.019944823741689932e+00
6.597171374821010348e-01 1.485617160907835022e+00 1.020618184634737968e+00
6.612442604855317541e-01 1.486979016813427812e+00 1.021287305316121774e+00
6.627713834889625844e-01 1.488342121123762185e+00 1.021952202258463505e+00
6.642985064923933036e-01 1.489706474983242490e+00 1.022612891879469021e+00
6.658256294958241339e-01 1.491072079537323125e+00 1.023269390542123292e+00
6.673527524992549642e-01 1.492438935932507427e+00 1.023921714554885565e+00
6.688798755026856835e-01 1.493807045316350557e+00 1.024569880171884551e+00
6.704069985061165138e-01 1.495176408837459281e+00 1.025213903593110709e+00
6.719341215095473441e-01 1.496547027645493300e+00 1.025853800964610985e+00
6.734612445129780633e-01 1.497918902891166137e+00 1.026489588378679985e+00
6.749883675164088936e-01 1.499292035726246697e+00 1.027121281874051384e+00
6.765154905198396129e-01 1.500666427303558814e+00 1.027748897436089326e+00
6.780426135232704432e-01 1.502042078776983924e+00 1.028372450996979381e+00
6.795697365267012735e-01 1.503418991301460395e+00 1.028991958435915510e+00
6.810968595301319928e-01 1.504797166032986189e+00 1.029607435579292796e+00
6.826239825335628231e-01 1.506176604128618646e+00 1.030218898200890854e+00
6.841511055369936534e-01 1.507557306746475367e+00 1.030826362022065457e+00
6.856782285404243726e-01 1.508939275045736217e+00 1.031429842711932832e+00
6.872053515438552029e-01 1.510322510186643097e+00 1.032029355887556177e+00
6.887324745472860332e-01 1.511707013330501947e+00 1.032624917114131957e+00
6.902595975507167525e-01 1.513092785639682969e+00 1.033216541905173314e+00
6.917867205541475828e-01 1.514479828277622175e+00 1.033804245722694581e+00
6.933138435575783021e-01 1.515868142408821839e+00 1.034388043977395366e+00
6.948409665610091324e-01 1.517257729198851823e+00 1.034967952028841953e+00
6.963680895644399627e-01 1.518648589814350691e+00 1.035543985185650939e+00
6.978952125678706819e-01 1.520040725423026151e+00 1.036116158705668644e+00
6.994223355713015122e-01 1.521434137193656166e+00 1.036684487796153187e+00
7.009494585747323425e-01 1.522828826296090732e+00 1.037248987613954787e+00
7.024765815781630618e-01 1.524224793901251429e+00 1.037809673265693178e+00
7.040037045815938921e-01 1.525622041181134092e+00 1.038366559807939016e+00
7.055308275850246114e-01 1.527020569308808362e+00 1.038919662247390407e+00
7.070579505884554417e-01 1.528420379458419243e+00 1.039468995541050100e+00
7.085850735918862719e-01 1.529821472805188431e+00 1.040014574596402896e+00
7.101121965953169912e-01 1.531223850525414321e+00 1.040556414271591956e+00
7.116393195987478215e-01 1.532627513796474217e+00 1.041094529375593991e+00
7.131664426021786518e-01 1.534032463796824564e+00 1.041628934668394013e+00
7.146935656056093711e-01 1.535438701706001829e+00 1.042159644861160084e+00
7.162206886090402014e-01 1.536846228704623840e+00 1.042686674616415621e+00
7.177478116124710317e-01 1.538255045974391111e+00 1.043210038548214813e+00
7.192749346159017509e-01 1.539665154698086846e+00 1.043729751222312263e+00
7.208020576193325812e-01 1.541076556059578939e+00 1.044245827156336626e+00
7.223291806227633005e-01 1.542489251243819970e+00 1.044758280819960472e+00
7.238563036261941308e-01 1.543903241436849427e+00 1.045267126635071930e+00
7.253834266296249611e-01 1.545318527825793486e+00 1.045772378975943218e+00
7.269105496330556804e-01 1.546735111598867007e+00 1.046274052169401170e+00
7.284376726364865107e-01 1.548152993945373979e+00 1.046772160494995552e+00
7.299647956399173410e-01 1.549572176055707962e+00 1.047266718185166257e+00
7.314919186433480602e-01 1.550992659121354755e+00 1.047757739425411172e+00
7.330190416467788905e-01 1.552414444334891730e+00 1.048245238354453823e+00
7.345461646502096098e-01 1.553837532889989825e+00 1.048729229064408131e+00
7.360732876536404401e-01 1.555261925981413773e+00 1.049209725600945164e+00
7.376004106570712704e-01 1.556687624805024095e+00 1.049686741963457681e+00
7.391275336605019897e-01 1.558114630557777103e+00 1.050160292105225324e+00
7.406546566639328200e-01 1.559542944437726453e+00 1.050630389933575604e+00
7.421817796673636503e-01 1.560972567644024478e+00 1.051097049310052212e+00
7.437089026707943695e-01 1.562403501376921966e+00 1.051560284050572003e+00
7.452360256742251998e-01 1.563835746837770602e+00 1.052020107925591308e+00
7.467631486776559191e-01 1.565269305229023189e+00 1.052476534660264917e+00
7.482902716810867494e-01 1.566704177754234539e+00 1.052929577934608396e+00
7.498173946845175797e-01 1.568140365618063470e+00 1.053379251383657511e+00
7.513445176879482990e-01 1.569577870026272137e+00 1.053825568597628548e+00
7.528716406913791293e-01 1.571016692185728703e+00 1.054268543122076851e+00
7.543987636948099595e-01 1.572456833304407331e+00 1.054708188458056251e+00
7.559258866982406788e-01 1.573898294591389746e+00 1.055144518062275383e+00
7.574530097016715091e-01 1.575341077256866118e+00 1.055577545347257784e+00
7.589801327051023394e-01 1.576785182512135508e+00 1.056007283681495545e+00
7.605072557085330587e-01 1.578230611569607422e+00 1.056433746389609185e+00
7.620343787119638890e-01 1.579677365642803810e+00 1.056856946752499971e+00
7.635615017153946082e-01 1.581125445946357289e+00 1.057276898007506460e+00
7.650886247188254385e-01 1.582574853696015804e+00 1.057693613348561268e+00
7.666157477222562688e-01 1.584025590108640191e+00 1.058107105926340719e+00
7.681428707256869881e-01 1.585477656402207502e+00 1.058517388848422280e+00
7.696699937291178184e-01 1.586931053795811453e+00 1.058924475179435332e+00
7.711971167325486487e-01 1.588385783509663307e+00 1.059328377941214372e+00
7.727242397359793680e-01 1.589841846765091882e+00 1.059729110112950679e+00
7.742513627394101983e-01 1.591299244784547096e+00 1.060126684631343963e+00
7.757784857428409175e-01 1.592757978791598417e+00 1.060521114390752029e+00
7.773056087462717478e-01 1.594218050010937304e+00 1.060912412243342873e+00
7.788327317497025781e-01 1.595679459668377875e+00 1.061300590999242566e+00
7.803598547531332974e-01 1.597142208990858014e+00 1.061685663426685355e+00
7.818869777565641277e-01 1.598606299206440040e+00 1.062067642252162214e+00
7.834141007599949580e-01 1.600071731544312259e+00 1.062446540160568276e+00
7.849412237634256773e-01 1.601538507234789632e+00 1.062822369795351607e+00
7.864683467668565076e-01 1.603006627509315329e+00 1.063195143758658201e+00
7.879954697702873379e-01 1.604476093600460951e+00 1.063564874611481637e+00
7.895225927737180571e-01 1.605946906741928082e+00 1.063931574873805186e+00
7.910497157771488874e-01 1.607419068168549403e+00 1.064295257024750807e+00
7.925768387805796067e-01 1.608892579116289134e+00 1.064655933502721696e+00
7.941039617840104370e-01 1.610367440822245255e+00 1.065013616705547506e+00
7.956310847874412673e-01 1.611843654524648839e+00 1.065368318990628227e+00
7.971582077908719866e-01 1.613321221462866939e+00 1.065720052675078300e+00
7.986853307943028168e-01 1.614800142877402145e+00 1.066068830035867609e+00
8.002124537977336471e-01 1.616280420009894359e+00 1.066414663309965372e+00
8.017395768011643664e-01 1.617762054103121461e+00 1.066757564694481797e+00
8.032666998045951967e-01 1.619245046401001309e+00 1.067097546346809533e+00
8.047938228080259160e-01 1.620729398148591294e+00 1.067434620384762889e+00
8.063209458114567463e-01 1.622215110592090337e+00 1.067768798886720383e+00
8.078480688148875766e-01 1.623702184978840224e+00 1.068100093891763525e+00
8.093751918183182958e-01 1.625190622557324938e+00 1.068428517399815592e+00
8.109023148217491261e-01 1.626680424577174655e+00 1.068754081371781961e+00
8.124294378251799564e-01 1.628171592289163971e+00 1.069076797729686668e+00
8.139565608286106757e-01 1.629664126945213898e+00 1.069396678356812291e+00
8.154836838320415060e-01 1.631158029798393638e+00 1.069713735097834739e+00
8.170108068354723363e-01 1.632653302102921256e+00 1.070027979758962466e+00
8.185379298389030556e-01 1.634149945114163671e+00 1.070339424108071702e+00
8.200650528423338859e-01 1.635647960088639330e+00 1.070648079874841452e+00
8.215921758457646051e-01 1.637147348284018200e+00 1.070953958750891832e+00
8.231192988491954354e-01 1.638648110959123549e+00 1.071257072389915743e+00
8.246464218526262657e-01 1.640150249373931945e+00 1.071557432407815647e+00
8.261735448560569850e-01 1.641653764789575476e+00 1.071855050382835017e+00
8.277006678594878153e-01 1.643158658468342193e+00 1.072149937855694679e+00
8.292277908629186456e-01 1.644664931673677000e+00 1.072442106329724254e+00
8.307549138663493649e-01 1.646172585670183430e+00 1.072731567270994057e+00
8.322820368697801952e-01 1.647681621723624090e+00 1.073018332108449435e+00
8.338091598732109144e-01 1.649192041100921768e+00 1.073302412234039993e+00
8.353362828766417447e-01 1.650703845070160769e+00 1.073583819002851270e+00
8.368634058800725750e-01 1.652217034900587800e+00 1.073862563733237074e+00
8.383905288835032943e-01 1.653731611862613082e+00 1.074138657706947164e+00
8.399176518869341246e-01 1.655247577227811462e+00 1.074412112169258693e+00
8.414447748903649549e-01 1.656764932268923518e+00 1.074682938329105220e+00
8.429718978937956742e-01 1.658283678259856009e+00 1.074951147359204606e+00
8.444990208972265044e-01 1.659803816475684535e+00 1.075216750396188914e+00
8.460261439006572237e-01 1.661325348192652429e+00 1.075479758540730968e+00
8.475532669040880540e-01 1.662848274688173422e+00 1.075740182857672034e+00
8.490803899075188843e-01 1.664372597240832308e+00 1.075998034376149270e+00
8.506075129109496036e-01 1.665898317130386053e+00 1.076253324089722074e+00
8.521346359143804339e-01 1.667425435637764242e+00 1.076506062956498200e+00
8.536617589178112642e-01 1.668953954045071519e+00 1.076756261899259215e+00
8.551888819212419834e-01 1.670483873635586924e+00 1.077003931805585291e+00
8.567160049246728137e-01 1.672015195693766554e+00 1.077249083527982210e+00
8.582431279281036440e-01 1.673547921505243563e+00 1.077491727884001715e+00
8.597702509315343633e-01 1.675082052356829720e+00 1.077731875656369187e+00
8.612973739349651936e-01 1.676617589536516517e+00 1.077969537593105320e+00
8.628244969383959129e-01 1.678154534333476056e+00 1.078204724407649140e+00
8.643516199418267432e-01 1.679692888038062160e+00 1.078437446778980346e+00
8.658787429452575735e-01 1.681232651941811929e+00 1.078667715351742107e+00
8.674058659486882927e-01 1.682773827337445738e+00 1.078895540736363401e+00
8.689329889521191230e-01 1.684316415518869459e+00 1.079120933509177815e+00
8.704601119555499533e-01 1.685860417781174903e+00 1.079343904212547445e+00
8.719872349589806726e-01 1.687405835420640932e+00 1.079564463354980797e+00
8.735143579624115029e-01 1.688952669734735235e+00 1.079782621411254473e+00
8.750414809658422222e-01 1.690500922022114105e+00 1.079998388822531741e+00
8.765686039692730525e-01 1.692050593582625329e+00 1.080211775996482215e+00
8.780957269727038828e-01 1.693601685717307070e+00 1.080422793307400209e+00
8.796228499761346020e-01 1.695154199728390765e+00 1.080631451096323303e+00
8.811499729795654323e-01 1.696708136919302223e+00 1.080837759671149811e+00
8.826770959829962626e-01 1.698263498594660748e+00 1.081041729306757571e+00
8.842042189864269819e-01 1.699820286060282237e+00 1.081243370245118740e+00
8.857313419898578122e-01 1.701378500623180301e+00 1.081442692695418595e+00
8.872584649932886425e-01 1.702938143591565590e+00 1.081639706834170100e+00
8.887855879967193617e-01 1.704499216274848683e+00 1.081834422805331819e+00
8.903127110001501920e-01 1.706061719983639868e+00 1.082026850720420263e+00
8.918398340035809113e-01 1.707625656029751138e+00 1.082217000658628470e+00
8.933669570070117416e-01 1.709191025726197743e+00 1.082404882666937462e+00
8.948940800104425719e-01 1.710757830387197531e+00 1.082590506760232607e+00
8.964212030138732912e-01 1.712326071328173382e+00 1.082773882921415742e+00
8.979483260173041215e-01 1.713895749865754325e+00 1.082955021101520643e+00
8.994754490207349518e-01 1.715466867317775979e+00 1.083133931219823376e+00
9.010025720241656710e-01 1.717039425003282105e+00 1.083310623163957986e+00
9.025296950275965013e-01 1.718613424242525944e+00 1.083485106790025299e+00
9.040568180310272206e-01 1.720188866356970436e+00 1.083657391922707713e+00
9.055839410344580509e-01 1.721765752669290661e+00 1.083827488355379343e+00
9.071110640378888812e-01 1.723344084503373175e+00 1.083995405850216143e+00
9.086381870413196005e-01 1.724923863184319117e+00 1.084161154138309380e+00
9.101653100447504308e-01 1.726505090038443546e+00 1.084324742919771767e+00
9.116924330481812611e-01 1.728087766393277880e+00 1.084486181863851151e+00
9.132195560516119803e-01 1.729671893577570341e+00 1.084645480609037538e+00
9.147466790550428106e-01 1.731257472921287066e+00 1.084802648763173893e+00
9.162738020584736409e-01 1.732844505755613662e+00 1.084957695903563835e+00
9.178009250619043602e-01 1.734432993412955426e+00 1.085110631577079099e+00
9.193280480653351905e-01 1.736022937226940011e+00 1.085261465300270789e+00
9.208551710687659098e-01 1.737614338532416536e+00 1.085410206559472179e+00
9.223822940721967401e-01 1.739207198665458476e+00 1.085556864810910405e+00
9.239094170756275703e-01 1.740801518963364103e+00 1.085701449480809710e+00
9.254365400790582896e-01 1.742397300764656931e+00 1.085843969965501588e+00
9.269636630824891199e-01 1.743994545409088381e+00 1.085984435631527134e+00
9.284907860859199502e-01 1.745593254237637337e+00 1.086122855815744526e+00
9.300179090893506695e-01 1.747193428592512143e+00 1.086259239825434708e+00
9.315450320927814998e-01 1.748795069817151715e+00 1.086393596938406647e+00
9.330721550962122190e-01 1.750398179256225761e+00 1.086525936403099690e+00
9.345992780996430493e-01 1.752002758255638115e+00 1.086656267438690371e+00
9.361264011030738796e-01 1.753608808162524957e+00 1.086784599235194104e+00
9.376535241065045989e-01 1.755216330325257923e+00 1.086910940953571547e+00
9.391806471099354292e-01 1.756825326093444772e+00 1.087035301725828296e+00
9.407077701133662595e-01 1.758435796817930497e+00 1.087157690655119913e+00
9.422348931167969788e-01 1.760047743850797763e+00 1.087278116815854512e+00
9.437620161202278091e-01 1.761661168545369804e+00 1.087396589253793344e+00
9.452891391236586394e-01 1.763276072256209526e+00 1.087513116986153383e+00
9.468162621270893586e-01 1.764892456339121507e+00 1.087627709001709020e+00
9.483433851305201889e-01 1.766510322151154222e+00 1.087740374260891985e+00
9.498705081339509082e-01 1.768129671050598928e+00 1.087851121695893264e+00
9.513976311373817385e-01 1.769750504396992774e+00 1.087959960210763022e+00
9.529247541408125688e-01 1.771372823551118802e+00 1.088066898681509409e+00
9.544518771442432881e-01 1.772996629875007280e+00 1.088171945956199815e+00
9.559790001476741184e-01 1.774621924731938138e+00 1.088275110855058792e+00
9.575061231511049487e-01 1.776248709486439648e+00 1.088376402170568857e+00
9.590332461545356679e-01 1.777876985504291740e+00 1.088475828667566647e+00
9.605603691579664982e-01 1.779506754152526238e+00 1.088573399083342164e+00
9.620874921613972175e-01 1.781138016799427737e+00 1.088669122127738254e+00
9.636146151648280478e-01 1.782770774814535830e+00 1.088763006483244533e+00
9.651417381682588781e-01 1.784405029568644885e+00 1.088855060805098862e+00
9.666688611716895974e-01 1.786040782433806040e+00 1.088945293721380603e+00
9.681959841751204277e-01 1.787678034783328318e+00 1.089033713833109429e+00
9.697231071785512579e-01 1.789316787991779956e+00 1.089120329714340585e+00
9.712502301819819772e-01 1.790957043434988405e+00 1.089205149912260806e+00
9.727773531854128075e-01 1.792598802490043219e+00 1.089288182947284245e+00
9.743044761888435268e-01 1.794242066535295388e+00 1.089369437313146616e+00
9.758315991922743571e-01 1.795886836950360665e+00 1.089448921477001342e+00
9.773587221957051874e-01 1.797533115116118241e+00 1.089526643879514367e+00
9.788858451991359066e-01 1.799180902414713845e+00 1.089602612934956083e+00
9.804129682025667369e-01 1.800830200229560196e+00 1.089676837031297918e+00
9.819400912059975672e-01 1.802481009945337886e+00 1.089749324530303820e+00
9.834672142094282865e-01 1.804133332947996715e+00 1.089820083767624848e+00
9.849943372128591168e-01 1.805787170624757909e+00 1.089889123052891318e+00
9.865214602162899471e-01 1.807442524364113234e+00 1.089956450669806509e+00
9.880485832197206664e-01 1.809099395555827439e+00 1.090022074876236813e+00
9.895757062231514967e-01 1.810757785590940472e+00 1.090086003904305434e+00
9.911028292265822159e-01 1.812417695861765710e+00 1.090148245960484319e+00
9.926299522300130462e-01 1.814079127761894172e+00 1.090208809225683639e+00
9.941570752334438765e-01 1.815742082686193415e+00 1.090267701855344606e+00
9.956841982368745958e-01 1.817406562030810413e+00 1.090324931979528955e+00
9.972113212403054261e-01 1.819072567193171563e+00 1.090380507703009760e+00
9.987384442437362564e-01 1.820740099571984683e+00 1.090434437105362253e+00
1.000265567247166976e+00 1.822409160567239006e+00 1.090486728241051750e+00
1.001792690250597806e+00 1.824079751580208075e+00 1.090537389139524693e+00
1.003319813254028636e+00 1.825751874013449072e+00 1.090586427805297909e+00
1.004846936257459467e+00 1.827425529270805704e+00 1.090633852218045208e+00
1.006374059260890075e+00 1.829100718757407540e+00 1.090679670332688866e+00
1.007901182264320905e+00 1.830777443879673783e+00 1.090723890079486003e+00
1.009428305267751735e+00 1.832455706045311494e+00 1.090766519364116283e+00
1.010955428271182566e+00 1.834135506663318704e+00 1.090807566067771628e+00
1.012482551274613396e+00 1.835816847143985076e+00 1.090847038047240591e+00
1.014009674278044004e+00 1.837499728898893014e+00 1.090884943134997176e+00
1.015536797281474835e+00 1.839184153340918781e+00 1.090921289139287875e+00
1.017063920284905665e+00 1.840870121884234267e+00 1.090956083844216717e+00
1.018591043288336495e+00 1.842557635944307215e+00 1.090989335009832306e+00
1.020118166291767325e+00 1.844246696937902996e+00 1.091021050372213086e+00
1.021645289295198156e+00 1.845937306283086166e+00 1.091051237643553273e+00
1.023172412298628764e+00 1.847629465399220239e+00 1.091079904512247900e+00
1.024699535302059594e+00 1.849323175706971245e+00 1.091107058642977634e+00
1.026226658305490425e+00 1.851018438628306395e+00 1.091132707676794045e+00
1.027753781308921255e+00 1.852715255586496967e+00 1.091156859231202869e+00
1.029280904312352085e+00 1.854413628006118753e+00 1.091179520900248834e+00
1.030808027315782693e+00 1.856113557313052942e+00 1.091200700254599365e+00
1.032335150319213524e+00 1.857815044934489235e+00 1.091220404841627856e+00
1.033862273322644354e+00 1.859518092298924063e+00 1.091238642185496710e+00
1.035389396326075184e+00 1.861222700836164368e+00 1.091255419787240610e+00
1.036916519329506015e+00 1.862928871977327150e+00 1.091270745124849340e+00
1.038443642332936623e+00 1.864636607154841696e+00 1.091284625653349050e+00
1.039970765336367453e+00 1.866345907802450466e+00 1.091297068804885750e+00
1.041497888339798283e+00 1.868056775355209975e+00 1.091308081988805911e+00
1.043025011343229114e+00 1.869769211249492358e+00 1.091317672591738175e+00
1.044552134346659944e+00 1.871483216922986248e+00 1.091325847977675956e+00
1.046079257350090774e+00 1.873198793814698337e+00 1.091332615488055824e+00
1.047606380353521383e+00 1.874915943364954263e+00 1.091337982441840548e+00
1.049133503356952213e+00 1.876634667015401048e+00 1.091341956135597702e+00
1.050660626360383043e+00 1.878354966209005994e+00 1.091344543843581816e+00
1.052187749363813873e+00 1.880076842390059344e+00 1.091345752817811654e+00
1.053714872367244704e+00 1.881800297004176059e+00 1.091345590288151257e+00
1.055241995370675312e+00 1.883525331498295152e+00 1.091344063462390102e+00
1.056769118374106142e+00 1.885251947320683241e+00 1.091341179526320149e+00
1.058296241377536973e+00 1.886980145920933660e+00 1.091336945643815337e+00
1.059823364380967803e+00 1.888709928749969347e+00 1.091331368956910630e+00
1.061350487384398633e+00 1.890441297260042397e+00 1.091324456585880842e+00
1.062877610387829463e+00 1.892174252904736953e+00 1.091316215629315245e+00
1.064404733391260072e+00 1.893908797138968980e+00 1.091306653164199281e+00
1.065931856394690902e+00 1.895644931418988932e+00 1.091295776245990501e+00
1.067458979398121732e+00 1.897382657202381750e+00 1.091283591908693840e+00
1.068986102401552563e+00 1.899121975948068197e+00 1.091270107164941994e+00
1.070513225404983393e+00 1.900862889116307075e+00 1.091255329006068919e+00
1.072040348408414001e+00 1.902605398168695228e+00 1.091239264402187770e+00
1.073567471411844831e+00 1.904349504568169982e+00 1.091221920302267279e+00
1.075094594415275662e+00 1.906095209779009370e+00 1.091203303634206145e+00
1.076621717418706492e+00 1.907842515266833461e+00 1.091183421304910084e+00
1.078148840422137322e+00 1.909591422498606139e+00 1.091162280200366208e+00
1.079675963425568153e+00 1.911341932942635990e+00 1.091139887185718527e+00
1.081203086428998761e+00 1.913094048068577635e+00 1.091116249105342551e+00
1.082730209432429591e+00 1.914847769347433060e+00 1.091091372782920565e+00
1.084257332435860421e+00 1.916603098251552284e+00 1.091065265021514907e+00
1.085784455439291252e+00 1.918360036254635581e+00 1.091037932603642346e+00
1.087311578442722082e+00 1.920118584831733477e+00 1.091009382291348029e+00
1.088838701446152690e+00 1.921878745459248750e+00 1.090979620826279417e+00
1.090365824449583521e+00 1.923640519614938871e+00 1.090948654929758455e+00
1.091892947453014351e+00 1.925403908777914452e+00 1.090916491302855729e+00
1.093420070456445181e+00 1.927168914428642577e+00 1.090883136626463301e+00
1.094947193459876011e+00 1.928935538048947240e+00 1.090848597561366429e+00
1.096474316463306620e+00 1.930703781122010687e+00 1.090812880748315949e+00
1.098001439466737450e+00 1.932473645132375850e+00 1.090775992808101336e+00
1.099528562470168280e+00 1.934245131565945242e+00 1.090737940341621748e+00
1.101055685473599111e+00 1.936018241909984061e+00 1.090698729929957311e+00
1.102582808477029941e+00 1.937792977653121085e+00 1.090658368134441059e+00
1.104109931480460771e+00 1.939569340285349108e+00 1.090616861496730206e+00
1.105637054483891379e+00 1.941347331298026946e+00 1.090574216538876540e+00
1.107164177487322210e+00 1.943126952183881206e+00 1.090530439763396808e+00
1.108691300490753040e+00 1.944908204437006294e+00 1.090485537653343551e+00
1.110218423494183870e+00 1.946691089552866183e+00 1.090439516672375264e+00
1.111745546497614701e+00 1.948475609028295974e+00 1.090392383264825682e+00
1.113272669501045309e+00 1.950261764361502559e+00 1.090344143855775050e+00
1.114799792504476139e+00 1.952049557052066620e+00 1.090294804851116739e+00
1.116326915507906969e+00 1.953838988600943516e+00 1.090244372637629855e+00
1.117854038511337800e+00 1.955630060510464174e+00 1.090192853583044963e+00
1.119381161514768630e+00 1.957422774284336864e+00 1.090140254036115142e+00
1.120908284518199460e+00 1.959217131427648306e+00 1.090086580326683041e+00
1.122435407521630069e+00 1.961013133446865009e+00 1.090031838765750383e+00
1.123962530525060899e+00 1.962810781849834374e+00 1.089976035645545460e+00
1.125489653528491729e+00 1.964610078145785810e+00 1.089919177239589754e+00
1.127016776531922559e+00 1.966411023845332950e+00 1.089861269802767874e+00
1.128543899535353390e+00 1.968213620460473212e+00 1.089802319571392841e+00
1.130071022538783998e+00 1.970017869504590236e+00 1.089742332763273591e+00
1.131598145542214828e+00 1.971823772492456106e+00 1.089681315577783582e+00
1.133125268545645659e+00 1.973631330940230244e+00 1.089619274195924969e+00
1.134652391549076489e+00 1.975440546365462513e+00 1.089556214780396548e+00
1.136179514552507319e+00 1.977251420287093442e+00 1.089492143475660146e+00
1.137706637555937927e+00 1.979063954225456223e+00 1.089427066408004796e+00
1.139233760559368758e+00 1.980878149702278046e+00 1.089360989685616010e+00
1.140760883562799588e+00 1.982694008240680761e+00 1.089293919398637067e+00
1.142288006566230418e+00 1.984511531365182213e+00 1.089225861619237179e+00
1.143815129569661249e+00 1.986330720601698241e+00 1.089156822401676106e+00
1.145342252573092079e+00 1.988151577477542897e+00 1.089086807782368993e+00
1.146869375576522687e+00 1.989974103521430893e+00 1.089015823779950098e+00
1.148396498579953517e+00 1.991798300263478039e+00 1.088943876395338517e+00
1.149923621583384348e+00 1.993624169235203025e+00 1.088870971611801908e+00
1.151450744586815178e+00 1.995451711969528086e+00 1.088797115395020443e+00
1.152977867590246008e+00 1.997280930000780774e+00 1.088722313693150978e+00
1.154504990593676617e+00 1.999111824864695297e+00 1.088646572436889892e+00
1.156032113597107447e+00 2.000944398098413846e+00 1.088569897539537479e+00
1.157559236600538277e+00 2.002778651240487040e+00 1.088492294897060342e+00
1.159086359603969107e+00 2.004614585830876816e+00 1.088413770388155122e+00
1.160613482607399938e+00 2.006452203410955981e+00 1.088334329874309780e+00
1.162140605610830768e+00 2.008291505523510434e+00 1.088253979199868215e+00
1.163667728614261376e+00 2.010132493712740498e+00 1.088172724192090879e+00
1.165194851617692207e+00 2.011975169524262697e+00 1.088090570661217615e+00
1.166721974621123037e+00 2.013819534505109310e+00 1.088007524400529613e+00
1.168249097624553867e+00 2.015665590203731039e+00 1.087923591186410910e+00
1.169776220627984697e+00 2.017513338169998338e+00 1.087838776778410121e+00
1.171303343631415306e+00 2.019362779955201859e+00 1.087753086919301282e+00
1.172830466634846136e+00 2.021213917112056002e+00 1.087666527335145794e+00
1.174357589638276966e+00 2.023066751194696256e+00 1.087579103735352604e+00
1.175884712641707797e+00 2.024921283758684520e+00 1.087490821812737929e+00
1.177411835645138627e+00 2.026777516361007336e+00 1.087401687243588988e+00
1.178938958648569457e+00 2.028635450560079434e+00 1.087311705687720398e+00
1.180466081652000065e+00 2.030495087915743735e+00 1.087220882788537235e+00
1.181993204655430896e+00 2.032356429989273128e+00 1.087129224173092545e+00
1.183520327658861726e+00 2.034219478343372245e+00 1.087036735452149072e+00
1.185047450662292556e+00 2.036084234542177462e+00 1.086943422220237876e+00
1.186574573665723387e+00 2.037950700151259120e+00 1.086849290055716732e+00
1.188101696669153995e+00 2.039818876737622411e+00 1.086754344520831639e+00
1.189628819672584825e+00 2.041688765869710487e+00 1.086658591161772325e+00
1.191155942676015655e+00 2.043560369117402686e+00 1.086562035508733981e+00
1.192683065679446486e+00 2.045433688052018084e+00 1.086464683075973880e+00
1.194210188682877316e+00 2.047308724246315936e+00 1.086366539361870887e+00
1.195737311686307924e+00 2.049185479274497457e+00 1.086267609848983406e+00
1.197264434689738755e+00 2.051063954712206705e+00 1.086167900004105569e+00
1.198791557693169585e+00 2.052944152136532807e+00 1.086067415278328063e+00
1.200318680696600415e+00 2.054826073126009955e+00 1.085966161107091876e+00
1.201845803700031245e+00 2.056709719260618741e+00 1.085864142910249575e+00
1.203372926703462076e+00 2.058595092121789705e+00 1.085761366092119484e+00
1.204900049706892684e+00 2.060482193292401565e+00 1.085657836041544311e+00
1.206427172710323514e+00 2.062371024356785210e+00 1.085553558131946872e+00
1.207954295713754345e+00 2.064261586900723255e+00 1.085448537721388051e+00
1.209481418717185175e+00 2.066153882511452267e+00 1.085342780152620756e+00
1.211008541720616005e+00 2.068047912777663200e+00 1.085236290753148980e+00
1.212535664724046613e+00 2.069943679289503624e+00 1.085129074835282426e+00
1.214062787727477444e+00 2.071841183638579942e+00 1.085021137696192017e+00
1.215589910730908274e+00 2.073740427417956500e+00 1.084912484617965633e+00
1.217117033734339104e+00 2.075641412222157367e+00 1.084803120867665394e+00
1.218644156737769935e+00 2.077544139647169441e+00 1.084693051697379396e+00
1.220171279741200765e+00 2.079448611290442006e+00 1.084582282344281445e+00
1.221698402744631373e+00 2.081354828750889396e+00 1.084470818030681460e+00
1.223225525748062203e+00 2.083262793628890996e+00 1.084358663964082314e+00
1.224752648751493034e+00 2.085172507526293462e+00 1.084245825337235347e+00
1.226279771754923864e+00 2.087083972046412050e+00 1.084132307328193434e+00
1.227806894758354694e+00 2.088997188794031512e+00 1.084018115100364943e+00
1.229334017761785303e+00 2.090912159375407420e+00 1.083903253802568356e+00
1.230861140765216133e+00 2.092828885398268834e+00 1.083787728569086228e+00
1.232388263768646963e+00 2.094747368471817417e+00 1.083671544519718699e+00
1.233915386772077794e+00 2.096667610206730537e+00 1.083554706759836783e+00
1.235442509775508624e+00 2.098589612215162159e+00 1.083437220380436328e+00
1.236969632778939232e+00 2.100513376110743735e+00 1.083319090458189526e+00
1.238496755782370062e+00 2.102438903508586421e+00 1.083200322055500653e+00
1.240023878785800893e+00 2.104366196025281521e+00 1.083080920220555576e+00
1.241551001789231723e+00 2.106295255278902268e+00 1.082960889987377051e+00
1.243078124792662553e+00 2.108226082889005593e+00 1.082840236375876009e+00
1.244605247796093384e+00 2.110158680476632131e+00 1.082718964391904182e+00
1.246132370799523992e+00 2.112093049664309774e+00 1.082597079027304954e+00
1.247659493802954822e+00 2.114029192076052777e+00 1.082474585259967315e+00
1.249186616806385652e+00 2.115967109337364871e+00 1.082351488053876709e+00
1.250713739809816483e+00 2.117906803075238820e+00 1.082227792359165885e+00
1.252240862813247313e+00 2.119848274918160413e+00 1.082103503112167076e+00
1.253767985816677921e+00 2.121791526496106250e+00 1.081978625235464175e+00
1.255295108820108752e+00 2.123736559440549065e+00 1.081853163637941373e+00
1.256822231823539582e+00 2.125683375384456397e+00 1.081727123214836217e+00
1.258349354826970412e+00 2.127631975962292366e+00 1.081600508847789577e+00
1.259876477830401242e+00 2.129582362810019447e+00 1.081473325404896713e+00
1.261403600833832073e+00 2.131534537565100695e+00 1.081345577740756347e+00
1.262930723837262681e+00 2.133488501866498410e+00 1.081217270696522847e+00
1.264457846840693511e+00 2.135444257354679465e+00 1.081088409099954628e+00
1.265984969844124342e+00 2.137401805671613086e+00 1.080958997765465446e+00
1.267512092847555172e+00 2.139361148460774409e+00 1.080829041494172582e+00
1.269039215850986002e+00 2.141322287367144028e+00 1.080698545073947914e+00
1.270566338854416610e+00 2.143285224037212000e+00 1.080567513279467207e+00
1.272093461857847441e+00 2.145249960118977395e+00 1.080435950872258077e+00
1.273620584861278271e+00 2.147216497261948742e+00 1.080303862600750842e+00
1.275147707864709101e+00 2.149184837117148028e+00 1.080171253200326031e+00
1.276674830868139932e+00 2.151154981337109806e+00 1.080038127393364356e+00
1.278201953871570762e+00 2.153126931575883862e+00 1.079904489889293995e+00
1.279729076875001370e+00 2.155100689489036991e+00 1.079770345384640784e+00
1.281256199878432200e+00 2.157076256733652109e+00 1.079635698563074842e+00
1.282783322881863031e+00 2.159053634968332691e+00 1.079500554095460529e+00
1.284310445885293861e+00 2.161032825853201444e+00 1.079364916639902416e+00
1.285837568888724691e+00 2.163013831049903413e+00 1.079228790841794572e+00
1.287364691892155300e+00 2.164996652221606865e+00 1.079092181333868306e+00
1.288891814895586130e+00 2.166981291033005075e+00 1.078955092736238353e+00
1.290418937899016960e+00 2.168967749150316759e+00 1.078817529656452168e+00
1.291946060902447790e+00 2.170956028241287861e+00 1.078679496689535444e+00
1.293473183905878621e+00 2.172946129975193763e+00 1.078540998418039853e+00
1.295000306909309229e+00 2.174938056022838850e+00 1.078402039412091007e+00
1.296527429912740059e+00 2.176931808056561835e+00 1.078262624229433086e+00
1.298054552916170890e+00 2.178927387750231315e+00 1.078122757415477473e+00
1.299581675919601720e+00 2.180924796779252439e+00 1.077982443503348042e+00
1.301108798923032550e+00 2.182924036820564684e+00 1.077841687013928018e+00
1.302635921926463380e+00 2.184925109552645850e+00 1.077700492455905712e+00
1.304163044929893989e+00 2.186928016655512064e+00 1.077558864325820931e+00
1.305690167933324819e+00 2.188932759810719553e+00 1.077416807108110941e+00
1.307217290936755649e+00 2.190939340701365978e+00 1.077274325275155986e+00
1.308744413940186480e+00 2.192947761012091767e+00 1.077131423287324141e+00
1.310271536943617310e+00 2.194958022429081890e+00 1.076988105593018608e+00
1.311798659947047918e+00 2.196970126640065857e+00 1.076844376628720790e+00
1.313325782950478748e+00 2.198984075334323052e+00 1.076700240819037369e+00
1.314852905953909579e+00 2.200999870202678288e+00 1.076555702576743823e+00
1.316380028957340409e+00 2.203017512937508471e+00 1.076410766302830613e+00
1.317907151960771239e+00 2.205037005232740821e+00 1.076265436386546259e+00
1.319434274964202070e+00 2.207058348783855983e+00 1.076119717205443305e+00
1.320961397967632678e+00 2.209081545287888471e+00 1.075973613125422279e+00
1.322488520971063508e+00 2.211106596443428440e+00 1.075827128500775887e+00
1.324015643974494338e+00 2.213133503950623471e+00 1.075680267674232748e+00
1.325542766977925169e+00 2.215162269511179449e+00 1.075533034977002478e+00
1.327069889981355999e+00 2.217192894828361904e+00 1.075385434728818979e+00
1.328597012984786607e+00 2.219225381606998226e+00 1.075237471237983078e+00
1.330124135988217438e+00 2.221259731553478556e+00 1.075089148801408045e+00
1.331651258991648268e+00 2.223295946375757115e+00 1.074940471704661560e+00
1.333178381995079098e+00 2.225334027783353541e+00 1.074791444222009451e+00
1.334705504998509928e+00 2.227373977487355106e+00 1.074642070616459444e+00
1.336232628001940759e+00 2.229415797200417160e+00 1.074492355139802902e+00
1.337759751005371367e+00 2.231459488636764910e+00 1.074342302032658569e+00
1.339286874008802197e+00 2.233505053512196525e+00 1.074191915524515650e+00
1.340813997012233028e+00 2.235552493544080921e+00 1.074041199833775106e+00
1.342341120015663858e+00 2.237601810451362638e+00 1.073890159167794067e+00
1.343868243019094688e+00 2.239653005954560960e+00 1.073738797722925575e+00
1.345395366022525296e+00 2.241706081775773018e+00 1.073587119684563440e+00
1.346922489025956127e+00 2.243761039638675125e+00 1.073435129227182205e+00
1.348449612029386957e+00 2.245817881268522775e+00 1.073282830514380670e+00
1.349976735032817787e+00 2.247876608392152864e+00 1.073130227698922301e+00
1.351503858036248618e+00 2.249937222737986353e+00 1.072977324922778308e+00
1.353030981039679226e+00 2.251999726036027383e+00 1.072824126317167170e+00
1.354558104043110056e+00 2.254064120017866824e+00 1.072670636002598599e+00
1.356085227046540886e+00 2.256130406416682721e+00 1.072516858088912617e+00
1.357612350049971717e+00 2.258198586967242072e+00 1.072362796675321972e+00
1.359139473053402547e+00 2.260268663405900824e+00 1.072208455850452102e+00
1.360666596056833377e+00 2.262340637470608762e+00 1.072053839692383326e+00
1.362193719060263986e+00 2.264414510900906841e+00 1.071898952268689920e+00
1.363720842063694816e+00 2.266490285437932517e+00 1.071743797636482975e+00
1.365247965067125646e+00 2.268567962824417528e+00 1.071588379842448369e+00
1.366775088070556476e+00 2.270647544804692775e+00 1.071432702922888502e+00
1.368302211073987307e+00 2.272729033124686548e+00 1.071276770903762721e+00
1.369829334077417915e+00 2.274812429531928970e+00 1.071120587800726831e+00
1.371356457080848745e+00 2.276897735775551990e+00 1.070964157619173074e+00
1.372883580084279576e+00 2.278984953606289832e+00 1.070807484354270089e+00
1.374410703087710406e+00 2.281074084776482547e+00 1.070650571991003108e+00
1.375937826091141236e+00 2.283165131040076901e+00 1.070493424504212587e+00
1.377464949094572066e+00 2.285258094152626374e+00 1.070336045858634844e+00
1.378992072098002675e+00 2.287352975871294269e+00 1.070178440008939802e+00
1.380519195101433505e+00 2.289449777954855492e+00 1.070020610899771851e+00
1.382046318104864335e+00 2.291548502163695655e+00 1.069862562465788036e+00
1.383573441108295166e+00 2.293649150259815972e+00 1.069704298631697359e+00
1.385100564111725996e+00 2.295751724006830585e+00 1.069545823312298971e+00
1.386627687115156604e+00 2.297856225169971900e+00 1.069387140412522363e+00
1.388154810118587434e+00 2.299962655516091026e+00 1.069228253827464004e+00
1.389681933122018265e+00 2.302071016813656446e+00 1.069069167442427304e+00
1.391209056125449095e+00 2.304181310832760676e+00 1.068909885132960591e+00
1.392736179128879925e+00 2.306293539345116272e+00 1.068750410764895298e+00
1.394263302132310534e+00 2.308407704124061155e+00 1.068590748194383488e+00
1.395790425135741364e+00 2.310523806944559055e+00 1.068430901267936717e+00
1.397317548139172194e+00 2.312641849583200848e+00 1.068270873822463773e+00
1.398844671142603024e+00 2.314761833818204995e+00 1.068110669685308212e+00
1.400371794146033855e+00 2.316883761429420652e+00 1.067950292674285873e+00
1.401898917149464685e+00 2.319007634198329004e+00 1.067789746597722189e+00
1.403426040152895293e+00 2.321133453908043265e+00 1.067629035254490821e+00
1.404953163156326124e+00 2.323261222343312227e+00 1.067468162434049628e+00
1.406480286159756954e+00 2.325390941290520708e+00 1.067307131916478191e+00
1.408007409163187784e+00 2.327522612537689994e+00 1.067145947472514900e+00
1.409534532166618614e+00 2.329656237874481839e+00 1.066984612863594473e+00
1.411061655170049223e+00 2.331791819092197127e+00 1.066823131841883487e+00
1.412588778173480053e+00 2.333929357983780317e+00 1.066661508150318571e+00
1.414115901176910883e+00 2.336068856343818556e+00 1.066499745522642151e+00
1.415643024180341714e+00 2.338210315968543895e+00 1.066337847683438866e+00
1.417170147183772544e+00 2.340353738655835958e+00 1.066175818348171767e+00
1.418697270187203374e+00 2.342499126205221049e+00 1.066013661223219833e+00
1.420224393190633982e+00 2.344646480417876155e+00 1.065851380005912619e+00
1.421751516194064813e+00 2.346795803096629829e+00 1.065688978384566665e+00
1.423278639197495643e+00 2.348947096045961747e+00 1.065526460038522583e+00
1.424805762200926473e+00 2.351100361072007150e+00 1.065363828638178578e+00
1.426332885204357304e+00 2.353255599982555957e+00 1.065201087845027983e+00
1.427860008207787912e+00 2.355412814587055426e+00 1.065038241311695000e+00
1.429387131211218742e+00 2.357572006696612377e+00 1.064875292681968455e+00
1.430914254214649572e+00 2.359733178123992747e+00 1.064712245590838435e+00
1.432441377218080403e+00 2.361896330683625145e+00 1.064549103664532037e+00
1.433968500221511233e+00 2.364061466191600847e+00 1.064385870520546673e+00
1.435495623224942063e+00 2.366228586465676464e+00 1.064222549767686488e+00
1.437022746228372672e+00 2.368397693325273501e+00 1.064059145006097440e+00
1.438549869231803502e+00 2.370568788591483678e+00 1.063895659827301055e+00
1.440076992235234332e+00 2.372741874087066272e+00 1.063732097814229505e+00
1.441604115238665162e+00 2.374916951636452556e+00 1.063568462541261361e+00
1.443131238242095993e+00 2.377094023065744466e+00 1.063404757574254456e+00
1.444658361245526601e+00 2.379273090202720375e+00 1.063240986470581184e+00
1.446185484248957431e+00 2.381454154876832430e+00 1.063077152779162038e+00
1.447712607252388262e+00 2.383637218919210543e+00 1.062913260040500907e+00
1.449239730255819092e+00 2.385822284162662843e+00 1.062749311786718387e+00
1.450766853259249922e+00 2.388009352441677891e+00 1.062585311541585309e+00
1.452293976262680530e+00 2.390198425592425568e+00 1.062421262820558265e+00
1.453821099266111361e+00 2.392389505452759746e+00 1.062257169130811141e+00
1.455348222269542191e+00 2.394582593862218278e+00 1.062093033971270417e+00
1.456875345272973021e+00 2.396777692662024783e+00 1.061928860832648258e+00
1.458402468276403852e+00 2.398974803695092639e+00 1.061764653197475594e+00
1.459929591279834682e+00 2.401173928806022317e+00 1.061600414540136095e+00
1.461456714283265290e+00 2.403375069841106271e+00 1.061436148326898810e+00
1.462983837286696120e+00 2.405578228648330708e+00 1.061271858015951475e+00
1.464510960290126951e+00 2.407783407077374260e+00 1.061107547057433376e+00
1.466038083293557781e+00 2.409990606979610650e+00 1.060943218893469542e+00
1.467565206296988611e+00 2.412199830208112683e+00 1.060778876958201833e+00
1.469092329300419220e+00 2.414411078617650031e+00 1.060614524677822246e+00
1.470619452303850050e+00 2.416624354064693669e+00 1.060450165470605999e+00
1.472146575307280880e+00 2.418839658407416771e+00 1.060285802746943729e+00
1.473673698310711710e+00 2.421056993505694255e+00 1.060121439909373686e+00
1.475200821314142541e+00 2.423276361221107233e+00 1.059957080352615266e+00
1.476727944317573371e+00 2.425497763416943453e+00 1.059792727463599205e+00
1.478255067321003979e+00 2.427721201958198183e+00 1.059628384621501107e+00
1.479782190324434810e+00 2.429946678711575991e+00 1.059464055197773646e+00
1.481309313327865640e+00 2.432174195545493856e+00 1.059299742556177870e+00
1.482836436331296470e+00 2.434403754330080272e+00 1.059135450052815175e+00
1.484363559334727301e+00 2.436635356937178365e+00 1.058971181036159059e+00
1.485890682338157909e+00 2.438869005240347665e+00 1.058806938847087320e+00
1.487417805341588739e+00 2.441104701114864994e+00 1.058642726818912028e+00
1.488944928345019569e+00 2.443342446437726245e+00 1.058478548277413500e+00
1.490472051348450400e+00 2.445582243087647711e+00 1.058314406540868502e+00
1.491999174351881230e+00 2.447824092945067864e+00 1.058150304920085549e+00
1.493526297355311838e+00 2.450067997892148686e+00 1.057986246718432222e+00
1.495053420358742668e+00 2.452313959812778776e+00 1.057822235231867580e+00
1.496580543362173499e+00 2.454561980592572468e+00 1.057658273748974365e+00
1.498107666365604329e+00 2.456812062118872930e+00 1.057494365550988746e+00
1.499634789369035159e+00 2.459064206280753950e+00 1.057330513911830083e+00
1.501161912372465990e+00 2.461318414969019486e+00 1.057166722098134892e+00
1.502689035375896598e+00 2.463574690076208995e+00 1.057002993369283939e+00
1.504216158379327428e+00 2.465833033496595217e+00 1.056839330977434210e+00
1.505743281382758259e+00 2.468093447126188611e+00 1.056675738167550005e+00
1.507270404386189089e+00 2.470355932862735582e+00 1.056512218177432461e+00
1.508797527389619919e+00 2.472620492605724696e+00 1.056348774237749755e+00
1.510324650393050527e+00 2.474887128256384017e+00 1.056185409572067302e+00
1.511851773396481358e+00 2.477155841717685103e+00 1.056022127396878618e+00
1.513378896399912188e+00 2.479426634894344339e+00 1.055858930921633965e+00
1.514906019403343018e+00 2.481699509692823380e+00 1.055695823348771434e+00
1.516433142406773849e+00 2.483974468021331372e+00 1.055532807873746037e+00
1.517960265410204679e+00 2.486251511789828061e+00 1.055369887685059238e+00
1.519487388413635287e+00 2.488530642910022461e+00 1.055207065964289592e+00
1.521014511417066117e+00 2.490811863295377293e+00 1.055044345886121171e+00
1.522541634420496948e+00 2.493095174861108543e+00 1.054881730618373537e+00
1.524068757423927778e+00 2.495380579524188125e+00 1.054719223322031496e+00
1.525595880427358608e+00 2.497668079203345215e+00 1.054556827151273080e+00
1.527123003430789216e+00 2.499957675819067582e+00 1.054394545253499738e+00
1.528650126434220047e+00 2.502249371293604252e+00 1.054232380769365873e+00
1.530177249437650877e+00 2.504543167550965510e+00 1.054070336832806376e+00
1.531704372441081707e+00 2.506839066516926007e+00 1.053908416571066820e+00
1.533231495444512538e+00 2.509137070119025648e+00 1.053746623104731439e+00
1.534758618447943368e+00 2.511437180286570925e+00 1.053584959547752220e+00
1.536285741451373976e+00 2.513739398950636250e+00 1.053423429007478429e+00
1.537812864454804807e+00 2.516043728044068839e+00 1.053262034584683260e+00
1.539339987458235637e+00 2.518350169501484714e+00 1.053100779373593809e+00
1.540867110461666467e+00 2.520658725259275812e+00 1.052939666461919721e+00
1.542394233465097297e+00 2.522969397255606872e+00 1.052778698930880052e+00
1.543921356468527906e+00 2.525282187430420322e+00 1.052617879855232363e+00
1.545448479471958736e+00 2.527597097725438058e+00 1.052457212303301137e+00
1.546975602475389566e+00 2.529914130084160551e+00 1.052296699337005981e+00
1.548502725478820397e+00 2.532233286451870402e+00 1.052136344011888269e+00
1.550029848482251227e+00 2.534554568775632788e+00 1.051976149377140235e+00
1.551556971485681835e+00 2.536877979004298123e+00 1.051816118475633388e+00
1.553084094489112665e+00 2.539203519088504279e+00 1.051656254343944275e+00
1.554611217492543496e+00 2.541531190980675703e+00 1.051496560012383341e+00
1.556138340495974326e+00 2.543860996635027849e+00 1.051337038505023580e+00
1.557665463499405156e+00 2.546192938007566742e+00 1.051177692839725619e+00
1.559192586502835987e+00 2.548527017056092081e+00 1.051018526028166589e+00
1.560719709506266595e+00 2.550863235740197243e+00 1.050859541075868098e+00
1.562246832509697425e+00 2.553201596021273723e+00 1.050700740982221770e+00
1.563773955513128255e+00 2.555542099862509797e+00 1.050542128740517667e+00
1.565301078516559086e+00 2.557884749228893195e+00 1.050383707337971373e+00
1.566828201519989916e+00 2.560229546087213315e+00 1.050225479755749536e+00
1.568355324523420524e+00 2.562576492406062556e+00 1.050067448968999173e+00
1.569882447526851355e+00 2.564925590155838542e+00 1.049909617946872764e+00
1.571409570530282185e+00 2.567276841308743673e+00 1.049751989652555562e+00
1.572936693533713015e+00 2.569630247838789128e+00 1.049594567043292015e+00
1.574463816537143845e+00 2.571985811721795745e+00 1.049437353070413526e+00
1.575990939540574676e+00 2.574343534935395361e+00 1.049280350679363316e+00
1.577518062544005284e+00 2.576703419459032141e+00 1.049123562809724186e+00
1.579045185547436114e+00 2.579065467273967016e+00 1.048966992395243825e+00
1.580572308550866945e+00 2.581429680363274137e+00 1.048810642363862788e+00
1.582099431554297775e+00 2.583796060711847531e+00 1.048654515637738927e+00
1.583626554557728605e+00 2.586164610306399769e+00 1.048498615133274692e+00
1.585153677561159213e+00 2.588535331135464634e+00 1.048342943761142232e+00
1.586680800564590044e+00 2.590908225189400227e+00 1.048187504426310923e+00
1.588207923568020874e+00 2.593283294460387189e+00 1.048032300028072239e+00
1.589735046571451704e+00 2.595660540942434036e+00 1.047877333460065286e+00
1.591262169574882535e+00 2.598039966631375819e+00 1.047722607610303447e+00
1.592789292578313143e+00 2.600421573524877683e+00 1.047568125361199476e+00
1.594316415581743973e+00 2.602805363622436641e+00 1.047413889589592140e+00
1.595843538585174803e+00 2.605191338925382460e+00 1.047259903166770201e+00
1.597370661588605634e+00 2.607579501436878111e+00 1.047106168958499506e+00
1.598897784592036464e+00 2.609969853161924647e+00 1.046952689825047189e+00
1.600424907595467294e+00 2.612362396107360318e+00 1.046799468621207208e+00
1.601952030598897903e+00 2.614757132281862351e+00 1.046646508196327430e+00
1.603479153602328733e+00 2.617154063695950938e+00 1.046493811394331175e+00
1.605006276605759563e+00 2.619553192361988359e+00 1.046341381053745856e+00
1.606533399609190393e+00 2.621954520294181190e+00 1.046189220007726739e+00
1.608060522612621224e+00 2.624358049508582980e+00 1.046037331084080924e+00
1.609587645616051832e+00 2.626763782023094684e+00 1.045885717105294210e+00
1.611114768619482662e+00 2.629171719857469114e+00 1.045734380888554638e+00
1.612641891622913493e+00 2.631581865033308265e+00 1.045583325245776685e+00
1.614169014626344323e+00 2.633994219574068207e+00 1.045432552983628360e+00
1.615696137629775153e+00 2.636408785505059527e+00 1.045282066903553186e+00
1.617223260633205983e+00 2.638825564853450434e+00 1.045131869801795954e+00
1.618750383636636592e+00 2.641244559648265877e+00 1.044981964469427815e+00
1.620277506640067422e+00 2.643665771920392427e+00 1.044832353692369598e+00
1.621804629643498252e+00 2.646089203702577386e+00 1.044683040251416450e+00
1.623331752646929083e+00 2.648514857029431901e+00 1.044534026922262271e+00
1.624858875650359913e+00 2.650942733937431406e+00 1.044385316475524572e+00
1.626385998653790521e+00 2.653372836464918727e+00 1.044236911676767576e+00
1.627913121657221351e+00 2.655805166652106308e+00 1.044088815286526639e+00
1.629440244660652182e+00 2.658239726541074432e+00 1.043941030060331787e+00
1.630967367664083012e+00 2.660676518175777439e+00 1.043793558748733696e+00
1.632494490667513842e+00 2.663115543602042834e+00 1.043646404097324565e+00
1.634021613670944673e+00 2.665556804867572627e+00 1.043499568846764314e+00
1.635548736674375281e+00 2.668000304021946434e+00 1.043353055732803236e+00
1.637075859677806111e+00 2.670446043116624146e+00 1.043206867486305534e+00
1.638602982681236941e+00 2.672894024204943708e+00 1.043061006833273741e+00
1.640130105684667772e+00 2.675344249342126890e+00 1.042915476494872040e+00
1.641657228688098602e+00 2.677796720585279733e+00 1.042770279187448690e+00
1.643184351691529210e+00 2.680251439993392548e+00 1.042625417622560891e+00
1.644711474694960041e+00 2.682708409627344803e+00 1.042480894506996991e+00
1.646238597698390871e+00 2.685167631549903788e+00 1.042336712542801136e+00
1.647765720701821701e+00 2.687629107825729058e+00 1.042192874427294802e+00
1.649292843705252531e+00 2.690092840521371098e+00 1.042049382853100781e+00
1.650819966708683140e+00 2.692558831705276212e+00 1.041906240508167159e+00
1.652347089712113970e+00 2.695027083447786520e+00 1.041763450075788411e+00
1.653874212715544800e+00 2.697497597821142179e+00 1.041621014234629605e+00
1.655401335718975631e+00 2.699970376899481828e+00 1.041478935658749716e+00
1.656928458722406461e+00 2.702445422758846583e+00 1.041337217017623162e+00
1.658455581725837291e+00 2.704922737477180927e+00 1.041195860976163123e+00
1.659982704729267899e+00 2.707402323134331823e+00 1.041054870194745074e+00
1.661509827732698730e+00 2.709884181812057147e+00 1.040914247329228104e+00
1.663036950736129560e+00 2.712368315594019030e+00 1.040773995030978671e+00
1.664564073739560390e+00 2.714854726565791410e+00 1.040634115946891480e+00
1.666091196742991221e+00 2.717343416814860024e+00 1.040494612719414125e+00
1.667618319746421829e+00 2.719834388430624195e+00 1.040355487986568406e+00
1.669145442749852659e+00 2.722327643504398154e+00 1.040216744381971425e+00
1.670672565753283489e+00 2.724823184129413267e+00 1.040078384534860234e+00
1.672199688756714320e+00 2.727321012400820255e+00 1.039940411070112702e+00
1.673726811760145150e+00 2.729821130415690078e+00 1.039802826608269060e+00
1.675253934763575980e+00 2.732323540273016604e+00 1.039665633765555652e+00
1.676781057767006589e+00 2.734828244073716164e+00 1.039528835153905817e+00
1.678308180770437419e+00 2.737335243920633765e+00 1.039392433380981862e+00
1.679835303773868249e+00 2.739844541918539544e+00 1.039256431050197493e+00
1.681362426777299079e+00 2.742356140174134982e+00 1.039120830760738912e+00
1.682889549780729910e+00 2.744870040796050681e+00 1.038985635107588346e+00
1.684416672784160518e+00 2.747386245894851253e+00 1.038850846681543372e+00
1.685943795787591348e+00 2.749904757583037984e+00 1.038716468069239562e+00
1.687470918791022179e+00 2.752425577975045279e+00 1.038582501853173357e+00
1.688998041794453009e+00 2.754948709187247768e+00 1.038448950611721600e+00
1.690525164797883839e+00 2.757474153337959866e+00 1.038315816919164636e+00
1.692052287801314447e+00 2.760001912547437541e+00 1.038183103345707181e+00
1.693579410804745278e+00 2.762531988937880989e+00 1.038050812457498306e+00
1.695106533808176108e+00 2.765064384633435068e+00 1.037918946816655641e+00
1.696633656811606938e+00 2.767599101760192415e+00 1.037787508981284468e+00
1.698160779815037769e+00 2.770136142446194327e+00 1.037656501505498818e+00
1.699687902818468599e+00 2.772675508821432544e+00 1.037525926939444565e+00
1.701215025821899207e+00 2.775217203017851908e+00 1.037395787829318738e+00
1.702742148825330037e+00 2.777761227169352143e+00 1.037266086717390623e+00
1.704269271828760868e+00 2.780307583411788297e+00 1.037136826142024182e+00
1.705796394832191698e+00 2.782856273882972520e+00 1.037008008637697376e+00
1.707323517835622528e+00 2.785407300722678947e+00 1.036879636735023702e+00
1.708850640839053137e+00 2.787960666072640592e+00 1.036751712960773064e+00
1.710377763842483967e+00 2.790516372076556006e+00 1.036624239837892425e+00
1.711904886845914797e+00 2.793074420880087505e+00 1.036497219885527121e+00
1.713432009849345627e+00 2.795634814630864717e+00 1.036370655619040182e+00
1.714959132852776458e+00 2.798197555478486365e+00 1.036244549550033422e+00
1.716486255856207288e+00 2.800762645574521148e+00 1.036118904186369427e+00
1.718013378859637896e+00 2.803330087072509524e+00 1.035993722032189535e+00
1.719540501863068727e+00 2.805899882127968592e+00 1.035869005587936265e+00
1.721067624866499557e+00 2.808472032898388537e+00 1.035744757350373080e+00
1.722594747869930387e+00 2.811046541543238853e+00 1.035620979812604148e+00
1.724121870873361217e+00 2.813623410223968335e+00 1.035497675464095657e+00
1.725648993876791826e+00 2.816202641104005533e+00 1.035374846790695136e+00
1.727176116880222656e+00 2.818784236348765848e+00 1.035252496274651435e+00
1.728703239883653486e+00 2.821368198125646209e+00 1.035130626394636488e+00
1.730230362887084317e+00 2.823954528604032621e+00 1.035009239625763300e+00
1.731757485890515147e+00 2.826543229955297942e+00 1.034888338439607036e+00
1.733284608893945977e+00 2.829134304352806772e+00 1.034767925304225455e+00
1.734811731897376585e+00 2.831727753971915895e+00 1.034648002684176893e+00
1.736338854900807416e+00 2.834323580989975611e+00 1.034528573040542687e+00
1.737865977904238246e+00 2.836921787586333288e+00 1.034409638830944722e+00
1.739393100907669076e+00 2.839522375942332477e+00 1.034291202509566965e+00
1.740920223911099907e+00 2.842125348241317795e+00 1.034173266527173674e+00
1.742447346914530515e+00 2.844730706668634035e+00 1.034055833331129381e+00
1.743974469917961345e+00 2.847338453411631054e+00 1.033938905365419769e+00
1.745501592921392175e+00 2.849948590659662440e+00 1.033822485070669650e+00
1.747028715924823006e+00 2.852561120604089506e+00 1.033706574884162732e+00
1.748555838928253836e+00 2.855176045438281296e+00 1.033591177239861603e+00
1.750082961931684444e+00 2.857793367357618131e+00 1.033476294568427711e+00
1.751610084935115275e+00 2.860413088559493833e+00 1.033361929297238024e+00
1.753137207938546105e+00 2.863035211243314393e+00 1.033248083850407895e+00
1.754664330941976935e+00 2.865659737610504187e+00 1.033134760648807493e+00
1.756191453945407766e+00 2.868286669864504201e+00 1.033021962110083125e+00
1.757718576948838596e+00 2.870916010210775582e+00 1.032909690648673884e+00
1.759245699952269204e+00 2.873547760856801414e+00 1.032797948675833188e+00
1.760772822955700034e+00 2.876181924012088498e+00 1.032686738599646770e+00
1.762299945959130865e+00 2.878818501888169124e+00 1.032576062825051100e+00
1.763827068962561695e+00 2.881457496698602849e+00 1.032465923753853154e+00
1.765354191965992525e+00 2.884098910658976944e+00 1.032356323784749952e+00
1.766881314969423133e+00 2.886742745986911718e+00 1.032247265313345652e+00
1.768408437972853964e+00 2.889389004902060076e+00 1.032138750732171317e+00
1.769935560976284794e+00 2.892037689626108854e+00 1.032030782430703342e+00
1.771462683979715624e+00 2.894688802382781478e+00 1.031923362795383881e+00
1.772989806983146455e+00 2.897342345397840191e+00 1.031816494209635948e+00
1.774516929986577285e+00 2.899998320899087823e+00 1.031710179053886289e+00
1.776044052990007893e+00 2.902656731116369571e+00 1.031604419705579812e+00
1.777571175993438723e+00 2.905317578281572999e+00 1.031499218539201790e+00
1.779098298996869554e+00 2.907980864628634254e+00 1.031394577926293188e+00
1.780625422000300384e+00 2.910646592393535403e+00 1.031290500235471530e+00
1.782152545003731214e+00 2.913314763814308872e+00 1.031186987832447777e+00
1.783679668007161823e+00 2.915985381131038334e+00 1.031084043080045642e+00
1.785206791010592653e+00 2.918658446585861821e+00 1.030981668338219359e+00
1.786733914014023483e+00 2.921333962422972164e+00 1.030879865964071218e+00
1.788261037017454314e+00 2.924011930888618771e+00 1.030778638311871331e+00
1.789788160020885144e+00 2.926692354231111182e+00 1.030677987733074730e+00
1.791315283024315752e+00 2.929375234700819508e+00 1.030577916576339792e+00
1.792842406027746582e+00 2.932060574550176657e+00 1.030478427187546009e+00
1.794369529031177413e+00 2.934748376033680994e+00 1.030379521909812413e+00
1.795896652034608243e+00 2.937438641407896345e+00 1.030281203083514896e+00
1.797423775038039073e+00 2.940131372931456433e+00 1.030183473046305975e+00
1.798950898041469904e+00 2.942826572865064438e+00 1.030086334133129666e+00
1.800478021044900512e+00 2.945524243471495662e+00 1.029989788676241913e+00
1.802005144048331342e+00 2.948224387015601966e+00 1.029893839005227019e+00
1.803532267051762172e+00 2.950927005764308664e+00 1.029798487447016520e+00
1.805059390055193003e+00 2.953632101986620739e+00 1.029703736325905172e+00
1.806586513058623833e+00 2.956339677953622402e+00 1.029609587963570938e+00
1.808113636062054441e+00 2.959049735938479309e+00 1.029516044679089193e+00
1.809640759065485272e+00 2.961762278216443001e+00 1.029423108788955155e+00
1.811167882068916102e+00 2.964477307064848688e+00 1.029330782607096761e+00
1.812695005072346932e+00 2.967194824763119687e+00 1.029239068444895100e+00
1.814222128075777762e+00 2.969914833592769643e+00 1.029147968611199726e+00
1.815749251079208593e+00 2.972637335837402084e+00 1.029057485412348427e+00
1.817276374082639201e+00 2.975362333782715307e+00 1.028967621152183209e+00
1.818803497086070031e+00 2.978089829716502823e+00 1.028878378132066951e+00
1.820330620089500862e+00 2.980819825928654243e+00 1.028789758650902719e+00
1.821857743092931692e+00 2.983552324711159276e+00 1.028701765005148427e+00
1.823384866096362522e+00 2.986287328358108617e+00 1.028614399488836817e+00
1.824911989099793130e+00 2.989024839165694836e+00 1.028527664393590557e+00
1.826439112103223961e+00 2.991764859432217705e+00 1.028441562008639787e+00
1.827966235106654791e+00 2.994507391458081536e+00 1.028356094620840322e+00
1.829493358110085621e+00 2.997252437545800952e+00 1.028271264514688532e+00
1.831020481113516452e+00 3.000000000000000444e+00 1.028187073972341326e+00
