# tau=beta*t, lambda=exp[(gamma_dot/beta)*tau], sigma_norm=sigma/mu
# tau lambda sigma_over_mu
0.000000000000000000e+00 1.000000000000000000e+00 0.000000000000000000e+00
4.581369010292367827e-04 1.000916693709138716e+00 3.052701780318647484e-03
9.162738020584735655e-04 1.001834227745634021e+00 6.097442829250009598e-03
1.374410703087710402e-03 1.002752602879808386e+00 9.134244874519742777e-03
1.832547604116947131e-03 1.003671819882690830e+00 1.216312958370789274e-02
2.290684505146183859e-03 1.004591879526017140e+00 1.518411856445997174e-02
2.748821406175420805e-03 1.005512782582230535e+00 1.819723336469614150e-02
3.206958307204657316e-03 1.006434529824482338e+00 2.120249547282018754e-02
3.665095208233894262e-03 1.007357122026632634e+00 2.419992631792954041e-02
4.123232109263130774e-03 1.008280559963250500e+00 2.718954727002038940e-02
4.581369010292367719e-03 1.009204844409615776e+00 3.017137964019887125e-02
5.039505911321604664e-03 1.010129976141718400e+00 3.314544468088229112e-02
5.497642812350841610e-03 1.011055955936260187e+00 3.611176358600878128e-02
5.955779713380078555e-03 1.011982784570654159e+00 3.907035749123699553e-02
6.413916614409314633e-03 1.012910462823026991e+00 4.202124747415566380e-02
6.872053515438551578e-03 1.013838991472217677e+00 4.496445455448062900e-02
7.330190416467788524e-03 1.014768371297779748e+00 4.789999969426106396e-02
7.788327317497025469e-03 1.015698603079981499e+00 5.082790379808066472e-02
8.246464218526261547e-03 1.016629687599805987e+00 5.374818771325460404e-02
8.704601119555498492e-03 1.017561625638952583e+00 5.666087223003396511e-02
9.162738020584735438e-03 1.018494417979836753e+00 5.956597808180079390e-02
9.620874921613972383e-03 1.019428065405591832e+00 6.246352594526989599e-02
1.007901182264320933e-02 1.020362568700068806e+00 6.535353644068428447e-02
1.053714872367244627e-02 1.021297928647836750e+00 6.823603013201073875e-02
1.099528562470168322e-02 1.022234146034184832e+00 7.111102752714015818e-02
1.145342252573092016e-02 1.023171221645121198e+00 7.397854907807727143e-02
1.191155942676015711e-02 1.024109156267375198e+00 7.683861518114001865e-02
1.236969632778939232e-02 1.025047950688396936e+00 7.969124617714995473e-02
1.282783322881862927e-02 1.025987605696358607e+00 8.253646235162691303e-02
1.328597012984786621e-02 1.026928122080154715e+00 8.537428393498057433e-02
1.374410703087710316e-02 1.027869500629403410e+00 8.820473110270371508e-02
1.420224393190634010e-02 1.028811742134446039e+00 9.102782397555936322e-02
1.466038083293557705e-02 1.029754847386348704e+00 9.384358261977426841e-02
1.511851773396481399e-02 1.030698817176903148e+00 9.665202704722845872e-02
1.557665463499405094e-02 1.031643652298625868e+00 9.945317721563946833e-02
1.603479153602328788e-02 1.032589353544761002e+00 1.022470530287561130e-01
1.649292843705252309e-02 1.033535921709279215e+00 1.050336743365419268e-01
1.695106533808176177e-02 1.034483357586879038e+00 1.078130609353622898e-01
1.740920223911099698e-02 1.035431661972987749e+00 1.105852325681714599e-01
1.786733914014023566e-02 1.036380835663761601e+00 1.133502089246960082e-01
1.832547604116947088e-02 1.037330879456086485e+00 1.161080096416202273e-01
1.878361294219870956e-02 1.038281794147579262e+00 1.188586543027699421e-01
1.924174984322794477e-02 1.039233580536587764e+00 1.216021624392952111e-01
1.969988674425717998e-02 1.040186239422191461e+00 1.243385535298520972e-01
2.015802364528641866e-02 1.041139771604202569e+00 1.270678470007849670e-01
2.061616054631565387e-02 1.042094177883166273e+00 1.297900622263072901e-01
2.107429744734489255e-02 1.043049459060362061e+00 1.325052185286823836e-01
2.153243434837412776e-02 1.044005615937803277e+00 1.352133351784011173e-01
2.199057124940336644e-02 1.044962649318238901e+00 1.379144313943631850e-01
2.244870815043260165e-02 1.045920560005153988e+00 1.406085263440546851e-01
2.290684505146184033e-02 1.046879348802769671e+00 1.432956391437244792e-01
2.336498195249107554e-02 1.047839016516044497e+00 1.459757888585619390e-01
2.382311885352031422e-02 1.048799563950675084e+00 1.486489945028739434e-01
2.428125575454954943e-02 1.049760991913096131e+00 1.513152750402578239e-01
2.473939265557878464e-02 1.050723301210482186e+00 1.539746493837806096e-01
2.519752955660802332e-02 1.051686492650747429e+00 1.566271363961489749e-01
2.565566645763725853e-02 1.052650567042546559e+00 1.592727548898854595e-01
2.611380335866649721e-02 1.053615525195275904e+00 1.619115236275006364e-01
2.657194025969573242e-02 1.054581367919073198e+00 1.645434613216643915e-01
2.703007716072497110e-02 1.055548096024819804e+00 1.671685866353816163e-01
2.748821406175420631e-02 1.056515710324139157e+00 1.697869181821562989e-01
2.794635096278344499e-02 1.057484211629399651e+00 1.723984745261688822e-01
2.840448786381268020e-02 1.058453600753713753e+00 1.750032741824413540e-01
2.886262476484191888e-02 1.059423878510939998e+00 1.776013356170098034e-01
2.932076166587115409e-02 1.060395045715682549e+00 1.801926772470908711e-01
2.977889856690038931e-02 1.061367103183292082e+00 1.827773174412481161e-01
3.023703546792962799e-02 1.062340051729866897e+00 1.853552745195631568e-01
3.069517236895886320e-02 1.063313892172254027e+00 1.879265667538011497e-01
3.115330926998810188e-02 1.064288625328048132e+00 1.904912123675733260e-01
3.161144617101734056e-02 1.065264252015594382e+00 1.930492295365078548e-01
3.206958307204657577e-02 1.066240773053987567e+00 1.956006363884105759e-01
3.252771997307581098e-02 1.067218189263073436e+00 1.981454510034307559e-01
3.298585687410504619e-02 1.068196501463449355e+00 2.006836914142247075e-01
3.344399377513428834e-02 1.069175710476464980e+00 2.032153756061192695e-01
3.390213067616352355e-02 1.070155817124222697e+00 2.057405215172725121e-01
3.436026757719275876e-02 1.071136822229578733e+00 2.082591470388379107e-01
3.481840447822199397e-02 1.072118726616143602e+00 2.107712700151233576e-01
3.527654137925122918e-02 1.073101531108282547e+00 2.132769082437531993e-01
3.573467828028047133e-02 1.074085236531116649e+00 2.157760794758273315e-01
3.619281518130970654e-02 1.075069843710523720e+00 2.182688014160824030e-01
3.665095208233894175e-02 1.076055353473137854e+00 2.207550917230476917e-01
3.710908898336817696e-02 1.077041766646351872e+00 2.232349680092067801e-01
3.756722588439741911e-02 1.078029084058316434e+00 2.257084478411532646e-01
3.802536278542665432e-02 1.079017306537941145e+00 2.281755487397469639e-01
3.848349968645588953e-02 1.080006434914896563e+00 2.306362881802750120e-01
3.894163658748512474e-02 1.080996470019612410e+00 2.330906835926009613e-01
3.939977348851435995e-02 1.081987412683280692e+00 2.355387523613268475e-01
3.985791038954360210e-02 1.082979263737854803e+00 2.379805118259437635e-01
4.031604729057283731e-02 1.083972024016051083e+00 2.404159792809881790e-01
4.077418419160207252e-02 1.084965694351349041e+00 2.428451719761948457e-01
4.123232109263130774e-02 1.085960275577992240e+00 2.452681071166507021e-01
4.169045799366054988e-02 1.086955768530989186e+00 2.476848018629472792e-01
4.214859489468978510e-02 1.087952174046113774e+00 2.500952733313324128e-01
4.260673179571902031e-02 1.088949492959905729e+00 2.524995385938615944e-01
4.306486869674825552e-02 1.089947726109671944e+00 2.548976146785501551e-01
4.352300559777749767e-02 1.090946874333486916e+00 2.572895185695230347e-01
4.398114249880673288e-02 1.091946938470192974e+00 2.596752672071638290e-01
4.443927939983596809e-02 1.092947919359402054e+00 2.620548774882666687e-01
4.489741630086520330e-02 1.093949817841495031e+00 2.644283662661814915e-01
4.535555320189443851e-02 1.094952634757623944e+00 2.667957503509664208e-01
4.581369010292368066e-02 1.095956370949711101e+00 2.691570465095315945e-01
4.627182700395291587e-02 1.096961027260451305e+00 2.715122714657898784e-01
4.672996390498215108e-02 1.097966604533311408e+00 2.738614419008008061e-01
4.718810080601138629e-02 1.098973103612531643e+00 2.762045744529191271e-01
4.764623770704062844e-02 1.099980525343126070e+00 2.785416857179386363e-01
4.810437460806986365e-02 1.100988870570883238e+00 2.808727922492378348e-01
4.856251150909909886e-02 1.101998140142367300e+00 2.831979105579255918e-01
4.902064841012833407e-02 1.103008334904918453e+00 2.855170571129846402e-01
4.947878531115756928e-02 1.104019455706653607e+00 2.878302483414152402e-01
4.993692221218681143e-02 1.105031503396466608e+00 2.901375006283763436e-01
5.039505911321604664e-02 1.106044478824030453e+00 2.924388303173331982e-01
5.085319601424528185e-02 1.107058382839796185e+00 2.947342537101938498e-01
5.131133291527451706e-02 1.108073216294994667e+00 2.970237870674534708e-01
5.176946981630375921e-02 1.109088980041637473e+00 2.993074466083368024e-01
5.222760671733299442e-02 1.110105674932516884e+00 3.015852485109359882e-01
5.268574361836222963e-02 1.111123301821206777e+00 3.038572089123519615e-01
5.314388051939146485e-02 1.112141861562063738e+00 3.061233439088340003e-01
5.360201742042070699e-02 1.113161355010227727e+00 3.083836695559198926e-01
5.406015432144994221e-02 1.114181783021622074e+00 3.106382018685719393e-01
5.451829122247917742e-02 1.115203146452955041e+00 3.128869568213175634e-01
5.497642812350841263e-02 1.116225446161720258e+00 3.151299503483866449e-01
5.543456502453764784e-02 1.117248683006197396e+00 3.173671983438474675e-01
5.589270192556688999e-02 1.118272857845452828e+00 3.195987166617446640e-01
5.635083882659612520e-02 1.119297971539340297e+00 3.218245211162345520e-01
5.680897572762536041e-02 1.120324024948502251e+00 3.240446274817217476e-01
5.726711262865459562e-02 1.121351018934369614e+00 3.262590514929939456e-01
5.772524952968383777e-02 1.122378954359163128e+00 3.284678088453568123e-01
5.818338643071307298e-02 1.123407832085894009e+00 3.306709151947683778e-01
5.864152333174230819e-02 1.124437652978364399e+00 3.328683861579726511e-01
5.909966023277154340e-02 1.125468417901168472e+00 3.350602373126335687e-01
5.955779713380077861e-02 1.126500127719692879e+00 3.372464841974673888e-01
6.001593403483002076e-02 1.127532783300117414e+00 3.394271423123756959e-01
6.047407093585925597e-02 1.128566385509416570e+00 3.416022271185779058e-01
6.093220783688849118e-02 1.129600935215358426e+00 3.437717540387401627e-01
6.139034473791772639e-02 1.130636433286507758e+00 3.459357384571106198e-01
6.184848163894696854e-02 1.131672880592224706e+00 3.480941957196467818e-01
6.230661853997620375e-02 1.132710278002666549e+00 3.502471411341467333e-01
6.276475544100544590e-02 1.133748626388788372e+00 3.523945899703794238e-01
6.322289234203468111e-02 1.134787926622343734e+00 3.545365574602140080e-01
6.368102924306391632e-02 1.135828179575885111e+00 3.566730587977479106e-01
6.413916614409315153e-02 1.136869386122765002e+00 3.588041091394360560e-01
6.459730304512238674e-02 1.137911547137136159e+00 3.609297236042173229e-01
6.505543994615162195e-02 1.138954663493953134e+00 3.630499172736453839e-01
6.551357684718085717e-02 1.139998736068972285e+00 3.651647051920122733e-01
6.597171374821009238e-02 1.141043765738752880e+00 3.672741023664770621e-01
6.642985064923932759e-02 1.142089753380657768e+00 3.693781237671923123e-01
6.688798755026857668e-02 1.143136699872853601e+00 3.714767843274273118e-01
6.734612445129781189e-02 1.144184606094312828e+00 3.735700989436980812e-01
6.780426135232704710e-02 1.145233472924813034e+00 3.756580824758876669e-01
6.826239825335628231e-02 1.146283301244938269e+00 3.777407497473730391e-01
6.872053515438551752e-02 1.147334091936080380e+00 3.798181155451499924e-01
6.917867205541475273e-02 1.148385845880438572e+00 3.818901946199548258e-01
6.963680895644398794e-02 1.149438563961021398e+00 3.839570016863894653e-01
7.009494585747322315e-02 1.150492247061645879e+00 3.860185514230419779e-01
7.055308275850245836e-02 1.151546896066940162e+00 3.880748584726120276e-01
7.101121965953170745e-02 1.152602511862343082e+00 3.901259374420316117e-01
7.146935656056094266e-02 1.153659095334105045e+00 3.921718029025851870e-01
7.192749346159017787e-02 1.154716647369288474e+00 3.942124693900326271e-01
7.238563036261941308e-02 1.155775168855769808e+00 3.962479514047306806e-01
7.284376726364864829e-02 1.156834660682238614e+00 3.982782634117515430e-01
7.330190416467788350e-02 1.157895123738199805e+00 4.003034198410040934e-01
7.376004106570711871e-02 1.158956558913972978e+00 4.023234350873527432e-01
7.421817796673635392e-02 1.160018967100694631e+00 4.043383235107380624e-01
7.467631486776558913e-02 1.161082349190317498e+00 4.063480994362931309e-01
7.513445176879483822e-02 1.162146706075612546e+00 4.083527771544648299e-01
7.559258866982407343e-02 1.163212038650168312e+00 4.103523709211288617e-01
7.605072557085330864e-02 1.164278347808393566e+00 4.123468949577112075e-01
7.650886247188254385e-02 1.165345634445515977e+00 4.143363634513011484e-01
7.696699937291177906e-02 1.166413899457584558e+00 4.163207905547713916e-01
7.742513627394101428e-02 1.167483143741469442e+00 4.183001903868926452e-01
7.788327317497024949e-02 1.168553368194862774e+00 4.202745770324505248e-01
7.834141007599948470e-02 1.169624573716280036e+00 4.222439645423614052e-01
7.879954697702871991e-02 1.170696761205059833e+00 4.242083669337870511e-01
7.925768387805796900e-02 1.171769931561365663e+00 4.261677981902500800e-01
7.971582077908720421e-02 1.172844085686185922e+00 4.281222722617480936e-01
8.017395768011643942e-02 1.173919224481335233e+00 4.300718030648689183e-01
8.063209458114567463e-02 1.174995348849454224e+00 4.320164044829022942e-01
8.109023148217490984e-02 1.176072459694011973e+00 4.339560903659564484e-01
8.154836838320414505e-02 1.177150557919304896e+00 4.358908745310678401e-01
8.200650528423338026e-02 1.178229644430458745e+00 4.378207707623156808e-01
8.246464218526261547e-02 1.179309720133428829e+00 4.397457928109343994e-01
8.292277908629186456e-02 1.180390785935001574e+00 4.416659543954255529e-01
8.338091598732109977e-02 1.181472842742793627e+00 4.435812692016677383e-01
8.383905288835033498e-02 1.182555891465254083e+00 4.454917508830298356e-01
8.429718978937957019e-02 1.183639933011665368e+00 4.473974130604817523e-01
8.475532669040880540e-02 1.184724968292142577e+00 4.492982693227032254e-01
8.521346359143804061e-02 1.185810998217635692e+00 4.511943332261958428e-01
8.567160049246727582e-02 1.186898023699929361e+00 4.530856182953917899e-01
8.612973739349651103e-02 1.187986045651644451e+00 4.549721380227639833e-01
8.658787429452574624e-02 1.189075064986238051e+00 4.568539058689340959e-01
8.704601119555499533e-02 1.190165082618004799e+00 4.587309352627825798e-01
8.750414809658423054e-02 1.191256099462077334e+00 4.606032396015556363e-01
8.796228499761346575e-02 1.192348116434427396e+00 4.624708322509748504e-01
8.842042189864270096e-02 1.193441134451866281e+00 4.643337265453441054e-01
8.887855879967193617e-02 1.194535154432045720e+00 4.661919357876560532e-01
8.933669570070117139e-02 1.195630177293458773e+00 4.680454732497012493e-01
8.979483260173040660e-02 1.196726203955440271e+00 4.698943521721720140e-01
9.025296950275964181e-02 1.197823235338167702e+00 4.717385857647712344e-01
9.071110640378887702e-02 1.198921272362662549e+00 4.735781872063172804e-01
9.116924330481812611e-02 1.200020315950790062e+00 4.754131696448491984e-01
9.162738020584736132e-02 1.201120367025261038e+00 4.772435461977332372e-01
9.208551710687659653e-02 1.202221426509631597e+00 4.790693299517664872e-01
9.254365400790583174e-02 1.203323495328304737e+00 4.808905339632823517e-01
9.300179090893506695e-02 1.204426574406531003e+00 4.827071712582545748e-01
9.345992780996430216e-02 1.205530664670409147e+00 4.845192548324019910e-01
9.391806471099353737e-02 1.206635767046886354e+00 4.863267976512902213e-01
9.437620161202277258e-02 1.207741882463760241e+00 4.881298126504375334e-01
9.483433851305200779e-02 1.208849011849678190e+00 4.899283127354151501e-01
9.529247541408125688e-02 1.209957156134139566e+00 4.917223107819524430e-01
9.575061231511049209e-02 1.211066316247495056e+00 4.935118196360367970e-01
9.620874921613972730e-02 1.212176493120949106e+00 4.952968521140189706e-01
9.666688611716896251e-02 1.213287687686559035e+00 4.970774210027109619e-01
9.712502301819819772e-02 1.214399900877236815e+00 4.988535390594898145e-01
9.758315991922743293e-02 1.215513133626749731e+00 5.006252190123983148e-01
9.804129682025666814e-02 1.216627386869721050e+00 5.023924735602455227e-01
9.849943372128590335e-02 1.217742661541630467e+00 5.041553153727066361e-01
9.895757062231513856e-02 1.218858958578815654e+00 5.059137570904242986e-01
9.941570752334438765e-02 1.219976278918472268e+00 5.076678113251070767e-01
9.987384442437362286e-02 1.221094623498655496e+00 5.094174906596310448e-01
1.003319813254028581e-01 1.222213993258279841e+00 5.111628076481357086e-01
1.007901182264320933e-01 1.223334389137121114e+00 5.129037748161261456e-01
1.012482551274613285e-01 1.224455812075816219e+00 5.146404046605699278e-01
1.017063920284905637e-01 1.225578263015864700e+00 5.163727096499961533e-01
1.021645289295197989e-01 1.226701742899628522e+00 5.181007022245917026e-01
1.026226658305490341e-01 1.227826252670334295e+00 5.198243947963013811e-01
1.030808027315782693e-01 1.228951793272072601e+00 5.215437997489233979e-01
1.035389396326075184e-01 1.230078365649799998e+00 5.232589294382078426e-01
1.039970765336367536e-01 1.231205970749338796e+00 5.249697961919518319e-01
1.044552134346659888e-01 1.232334609517378832e+00 5.266764123100976525e-01
1.049133503356952241e-01 1.233464282901477471e+00 5.283787900648282410e-01
1.053714872367244593e-01 1.234594991850060719e+00 5.300769417006625517e-01
1.058296241377536945e-01 1.235726737312423884e+00 5.317708794345518131e-01
1.062877610387829297e-01 1.236859520238732912e+00 5.334606154559753399e-01
1.067458979398121649e-01 1.237993341580024165e+00 5.351461619270333481e-01
1.072040348408414140e-01 1.239128202288206193e+00 5.368275309825446540e-01
1.076621717418706492e-01 1.240264103316060407e+00 5.385047347301394893e-01
1.081203086428998844e-01 1.241401045617240850e+00 5.401777852503532040e-01
1.085784455439291196e-01 1.242539030146276424e+00 5.418466945967214121e-01
1.090365824449583548e-01 1.243678057858570885e+00 5.435114747958724735e-01
1.094947193459875900e-01 1.244818129710403953e+00 5.451721378476224178e-01
1.099528562470168253e-01 1.245959246658931319e+00 5.468286957250654279e-01
1.104109931480460605e-01 1.247101409662186855e+00 5.484811603746685416e-01
1.108691300490752957e-01 1.248244619679082401e+00 5.501295437163638002e-01
1.113272669501045448e-01 1.249388877669408648e+00 5.517738576436407305e-01
1.117854038511337800e-01 1.250534184593836029e+00 5.534141140236362721e-01
1.122435407521630152e-01 1.251680541413916270e+00 5.550503246972300353e-01
1.127016776531922504e-01 1.252827949092081949e+00 5.566825014791318971e-01
1.131598145542214856e-01 1.253976408591647829e+00 5.583106561579751492e-01
1.136179514552507208e-01 1.255125920876812184e+00 5.599348004964074255e-01
1.140760883562799560e-01 1.256276486912657031e+00 5.615549462311807405e-01
1.145342252573091912e-01 1.257428107665149009e+00 5.631711050732418622e-01
1.149923621583384264e-01 1.258580784101139827e+00 5.647832887078215736e-01
1.154504990593676755e-01 1.259734517188368486e+00 5.663915087945268212e-01
1.159086359603969107e-01 1.260889307895459943e+00 5.679957769674262025e-01
1.163667728614261460e-01 1.262045157191928002e+00 5.695961048351441125e-01
1.168249097624553812e-01 1.263202066048175087e+00 5.711925039809462312e-01
1.172830466634846164e-01 1.264360035435492469e+00 5.727849859628280083e-01
1.177411835645138516e-01 1.265519066326062703e+00 5.743735623136064783e-01
1.181993204655430868e-01 1.266679159692958967e+00 5.759582445410045271e-01
1.186574573665723220e-01 1.267840316510146836e+00 5.775390441277418185e-01
1.191155942676015572e-01 1.269002537752484283e+00 5.791159725316203932e-01
1.195737311686308063e-01 1.270165824395723231e+00 5.806890411856134859e-01
1.200318680696600415e-01 1.271330177416509777e+00 5.822582614979515681e-01
1.204900049706892767e-01 1.272495597792385746e+00 5.838236448522109434e-01
1.209481418717185119e-01 1.273662086501788915e+00 5.853852026073985693e-01
1.214062787727477472e-01 1.274829644524053673e+00 5.869429460980392088e-01
1.218644156737769824e-01 1.275998272839412584e+00 5.884968866342622507e-01
1.223225525748062176e-01 1.277167972428996379e+00 5.900470355018864188e-01
1.227806894758354528e-01 1.278338744274835737e+00 5.915934039625068142e-01
1.232388263768646880e-01 1.279510589359860839e+00 5.931360032535789584e-01
1.236969632778939371e-01 1.280683508667903370e+00 5.946748445885042811e-01
1.241551001789231723e-01 1.281857503183697178e+00 5.962099391567169393e-01
1.246132370799524075e-01 1.283032573892878059e+00 5.977412981237657519e-01
1.250713739809816427e-01 1.284208721781985751e+00 5.992689326313999088e-01
1.255295108820108918e-01 1.285385947838464604e+00 6.007928537976539030e-01
1.259876477830401131e-01 1.286564253050663353e+00 6.023130727169301313e-01
1.264457846840693622e-01 1.287743638407837787e+00 6.038296004600837152e-01
1.269039215850985836e-01 1.288924104900149858e+00 6.053424480745054348e-01
1.273620584861278326e-01 1.290105653518669238e+00 6.068516265842056612e-01
1.278201953871570540e-01 1.291288285255373980e+00 6.083571469898955142e-01
1.282783322881863031e-01 1.292472001103152301e+00 6.098590202690732376e-01
1.287364691892155244e-01 1.293656802055801691e+00 6.113572573761023587e-01
1.291946060902447735e-01 1.294842689108030909e+00 6.128518692422979530e-01
1.296527429912740226e-01 1.296029663255460429e+00 6.143428667760055806e-01
1.301108798923032439e-01 1.297217725494623997e+00 6.158302608626862185e-01
1.305690167933324930e-01 1.298406876822968403e+00 6.173140623649957526e-01
1.310271536943617143e-01 1.299597118238854376e+00 6.187942821228659129e-01
1.314852905953909634e-01 1.300788450741559021e+00 6.202709309535885396e-01
1.319434274964201848e-01 1.301980875331274046e+00 6.217440196518925211e-01
1.324015643974494338e-01 1.303174393009109311e+00 6.232135589900285044e-01
1.328597012984786552e-01 1.304369004777091501e+00 6.246795597178458337e-01
1.333178381995079043e-01 1.305564711638166342e+00 6.261420325628761496e-01
1.337759751005371534e-01 1.306761514596198825e+00 6.276009882304107723e-01
1.342341120015663747e-01 1.307959414655973651e+00 6.290564374035810813e-01
1.346922489025956238e-01 1.309158412823197892e+00 6.305083907434410051e-01
1.351503858036248451e-01 1.310358510104498997e+00 6.319568588890416283e-01
1.356085227046540942e-01 1.311559707507428119e+00 6.334018524575144582e-01
1.360666596056833155e-01 1.312762006040460117e+00 6.348433820441492514e-01
1.365247965067125646e-01 1.313965406712994000e+00 6.362814582224711746e-01
1.369829334077417859e-01 1.315169910535353592e+00 6.377160915443209621e-01
1.374410703087710350e-01 1.316375518518790200e+00 6.391472925399342975e-01
1.378992072098002841e-01 1.317582231675480609e+00 6.405750717180168641e-01
1.383573441108295055e-01 1.318790051018530640e+00 6.419994395658252806e-01
1.388154810118587545e-01 1.319998977561974041e+00 6.434204065492428182e-01
1.392736179128879759e-01 1.321209012320774923e+00 6.448379831128585593e-01
1.397317548139172250e-01 1.322420156310826878e+00 6.462521796800427820e-01
1.401898917149464463e-01 1.323632410548955196e+00 6.476630066530254526e-01
1.406480286159756954e-01 1.324845776052917756e+00 6.490704744129737191e-01
1.411061655170049167e-01 1.326060253841404579e+00 6.504745933200661856e-01
1.415643024180341658e-01 1.327275844934040050e+00 6.518753737135720705e-01
1.420224393190634149e-01 1.328492550351382917e+00 6.532728259119252590e-01
1.424805762200926362e-01 1.329710371114927847e+00 6.546669602128021292e-01
1.429387131211218853e-01 1.330929308247105425e+00 6.560577868931964929e-01
1.433968500221511067e-01 1.332149362771283929e+00 6.574453162094954228e-01
1.438549869231803557e-01 1.333370535711769778e+00 6.588295583975551928e-01
1.443131238242095771e-01 1.334592828093807748e+00 6.602105236727749960e-01
1.447712607252388262e-01 1.335816240943583200e+00 6.615882222301745497e-01
1.452293976262680475e-01 1.337040775288221406e+00 6.629626642444664819e-01
1.456875345272972966e-01 1.338266432155790220e+00 6.643338598701336029e-01
1.461456714283265457e-01 1.339493212575299186e+00 6.657018192415000701e-01
1.466038083293557670e-01 1.340721117576701094e+00 6.670665524728089935e-01
1.470619452303850161e-01 1.341950148190893088e+00 6.684280696582943770e-01
1.475200821314142374e-01 1.343180305449717560e+00 6.697863808722563927e-01
1.479782190324434865e-01 1.344411590385962585e+00 6.711414961691337666e-01
1.484363559334727078e-01 1.345644004033362595e+00 6.724934255835782748e-01
1.488944928345019569e-01 1.346877547426600374e+00 6.738421791305283515e-01
1.493526297355311783e-01 1.348112221601306615e+00 6.751877668052810311e-01
1.498107666365604274e-01 1.349348027594061694e+00 6.765301985835657783e-01
1.502689035375896764e-01 1.350584966442396118e+00 6.778694844216176518e-01
1.507270404386188978e-01 1.351823039184791186e+00 6.792056342562481364e-01
1.511851773396481469e-01 1.353062246860680773e+00 6.805386580049205270e-01
1.516433142406773682e-01 1.354302590510451099e+00 6.818685655658184297e-01
1.521014511417066173e-01 1.355544071175442511e+00 6.831953668179220340e-01
1.525595880427358386e-01 1.356786689897949483e+00 6.845190716210752813e-01
1.530177249437650877e-01 1.358030447721222167e+00 6.858396898160618038e-01
1.534758618447943090e-01 1.359275345689467063e+00 6.871572312246739811e-01
1.539339987458235581e-01 1.360521384847848125e+00 6.884717056497846599e-01
1.543921356468528072e-01 1.361768566242486989e+00 6.897831228754189858e-01
1.548502725478820286e-01 1.363016890920464297e+00 6.910914926668243474e-01
1.553084094489112776e-01 1.364266359929821260e+00 6.923968247705425405e-01
1.557665463499404990e-01 1.365516974319558541e+00 6.936991289144782691e-01
1.562246832509697481e-01 1.366768735139639590e+00 6.949984148079723090e-01
1.566828201519989694e-01 1.368021643440989532e+00 6.962946921418692314e-01
1.571409570530282185e-01 1.369275700275497609e+00 6.975879705885895676e-01
1.575990939540574398e-01 1.370530906696016737e+00 6.988782598021974213e-01
1.580572308550866889e-01 1.371787263756365283e+00 7.001655694184727441e-01
1.585153677561159380e-01 1.373044772511327505e+00 7.014499090549789484e-01
1.589735046571451593e-01 1.374303434016654668e+00 7.027312883111338504e-01
1.594316415581744084e-01 1.375563249329065485e+00 7.040097167682766166e-01
1.598897784592036297e-01 1.376824219506247893e+00 7.052852039897397063e-01
1.603479153602328788e-01 1.378086345606859275e+00 7.065577595209160400e-01
1.608060522612621002e-01 1.379349628690527130e+00 7.078273928893275002e-01
1.612641891622913493e-01 1.380614069817850842e+00 7.090941136046947646e-01
1.617223260633205706e-01 1.381879670050401243e+00 7.103579311590036971e-01
1.621804629643498197e-01 1.383146430450723274e+00 7.116188550265770685e-01
1.626385998653790688e-01 1.384414352082335320e+00 7.128768946641380611e-01
1.630967367664082901e-01 1.385683436009730540e+00 7.141320595108815450e-01
1.635548736674375392e-01 1.386953683298378648e+00 7.153843589885414689e-01
1.640130105684667605e-01 1.388225095014725019e+00 7.166338025014561408e-01
1.644711474694960096e-01 1.389497672226193803e+00 7.178803994366385055e-01
1.649292843705252309e-01 1.390771416001186367e+00 7.191241591638414254e-01
1.653874212715544800e-01 1.392046327409084849e+00 7.203650910356262926e-01
1.658455581725837291e-01 1.393322407520250605e+00 7.216032043874284208e-01
1.663036950736129505e-01 1.394599657406026427e+00 7.228385085376244357e-01
1.667618319746421995e-01 1.395878078138737655e+00 7.240710127876001101e-01
1.672199688756714209e-01 1.397157670791692174e+00 7.253007264218142014e-01
1.676781057767006700e-01 1.398438436439181976e+00 7.265276587078681736e-01
1.681362426777298913e-01 1.399720376156483592e+00 7.277518188965687029e-01
1.685943795787591404e-01 1.401003491019859659e+00 7.289732162219969558e-01
1.690525164797883617e-01 1.402287782106559133e+00 7.301918599015715383e-01
1.695106533808176108e-01 1.403573250494818403e+00 7.314077591361168862e-01
1.699687902818468599e-01 1.404859897263862623e+00 7.326209231099268804e-01
1.704269271828760812e-01 1.406147723493905710e+00 7.338313609908304613e-01
1.708850640839053303e-01 1.407436730266152347e+00 7.350390819302584644e-01
1.713432009849345516e-01 1.408726918662798200e+00 7.362440950633069026e-01
1.718013378859638007e-01 1.410018289767031030e+00 7.374464095088022475e-01
1.722594747869930221e-01 1.411310844663031139e+00 7.386460343693672659e-01
1.727176116880222712e-01 1.412604584435973143e+00 7.398429787314843020e-01
1.731757485890514925e-01 1.413899510172025975e+00 7.410372516655606701e-01
1.736338854900807416e-01 1.415195622958355326e+00 7.422288622259933799e-01
1.740920223911099907e-01 1.416492923883121868e+00 7.434178194512313098e-01
1.745501592921392120e-01 1.417791414035485253e+00 7.446041323638424858e-01
1.750082961931684611e-01 1.419091094505602557e+00 7.457878099705750330e-01
1.754664330941976824e-01 1.420391966384630722e+00 7.469688612624220125e-01
1.759245699952269315e-01 1.421694030764726779e+00 7.481472952146861477e-01
1.763827068962561528e-01 1.422997288739048960e+00 7.493231207870418853e-01
1.768408437972854019e-01 1.424301741401757804e+00 7.504963469235991225e-01
1.772989806983146233e-01 1.425607389848016160e+00 7.516669825529668225e-01
1.777571175993438723e-01 1.426914235173991630e+00 7.528350365883152984e-01
1.782152545003731214e-01 1.428222278476856344e+00 7.540005179274406055e-01
1.786733914014023428e-01 1.429531520854787852e+00 7.551634354528254933e-01
1.791315283024315919e-01 1.430841963406971118e+00 7.563237980317033538e-01
1.795896652034608132e-01 1.432153607233598080e+00 7.574816145161207270e-01
1.800478021044900623e-01 1.433466453435869425e+00 7.586368937429986969e-01
1.805059390055192836e-01 1.434780503115995698e+00 7.597896445341966176e-01
1.809640759065485327e-01 1.436095757377197080e+00 7.609398756965723987e-01
1.814222128075777540e-01 1.437412217323705610e+00 7.620875960220464540e-01
1.818803497086070031e-01 1.438729884060765629e+00 7.632328142876622090e-01
1.823384866096362522e-01 1.440048758694634223e+00 7.643755392556482731e-01
1.827966235106654735e-01 1.441368842332582556e+00 7.655157796734795017e-01
1.832547604116947226e-01 1.442690136082897645e+00 7.666535442739405015e-01
1.837128973127239440e-01 1.444012641054881252e+00 7.677888417751831396e-01
1.841710342137531931e-01 1.445336358358853213e+00 7.689216808807920467e-01
1.846291711147824144e-01 1.446661289106150328e+00 7.700520702798424599e-01
1.850873080158116635e-01 1.447987434409128582e+00 7.711800186469632834e-01
1.855454449168408848e-01 1.449314795381163590e+00 7.723055346423957079e-01
1.860035818178701339e-01 1.450643373136651260e+00 7.734286269120563828e-01
1.864617187188993830e-01 1.451973168791009572e+00 7.745493040875961466e-01
1.869198556199286043e-01 1.453304183460678578e+00 7.756675747864609782e-01
1.873779925209578534e-01 1.454636418263122177e+00 7.767834476119529485e-01
1.878361294219870747e-01 1.455969874316828117e+00 7.778969311532892839e-01
1.882942663230163238e-01 1.457304552741309989e+00 7.790080339856635394e-01
1.887524032240455452e-01 1.458640454657107233e+00 7.801167646703048852e-01
1.892105401250747942e-01 1.459977581185786688e+00 7.812231317545375031e-01
1.896686770261040156e-01 1.461315933449943483e+00 7.823271437718415378e-01
1.901268139271332647e-01 1.462655512573201255e+00 7.834288092419111615e-01
1.905849508281625138e-01 1.463996319680214375e+00 7.845281366707164139e-01
1.910430877291917351e-01 1.465338355896667499e+00 7.856251345505589345e-01
1.915012246302209842e-01 1.466681622349277792e+00 7.867198113601340248e-01
1.919593615312502055e-01 1.468026120165794923e+00 7.878121755645894897e-01
1.924174984322794546e-01 1.469371850475002406e+00 7.889022356155834803e-01
1.928756353333086759e-01 1.470718814406718256e+00 7.899899999513433357e-01
1.933337722343379250e-01 1.472067013091797216e+00 7.910754769967263123e-01
1.937919091353671464e-01 1.473416447662128981e+00 7.921586751632749834e-01
1.942500460363963954e-01 1.474767119250642633e+00 7.932396028492794127e-01
1.947081829374256445e-01 1.476119028991304427e+00 7.943182684398323312e-01
1.951663198384548659e-01 1.477472178019120896e+00 7.953946803068895344e-01
1.956244567394841150e-01 1.478826567470138631e+00 7.964688468093263918e-01
1.960825936405133363e-01 1.480182198481445832e+00 7.975407762929980215e-01
1.965407305415425854e-01 1.481539072191172979e+00 7.986104770907949124e-01
1.969988674425718067e-01 1.482897189738493937e+00 7.996779575227026537e-01
1.974570043436010558e-01 1.484256552263626849e+00 8.007432258958583349e-01
1.979151412446302771e-01 1.485617160907835022e+00 8.018062905046090538e-01
1.983732781456595262e-01 1.486979016813427812e+00 8.028671596305685387e-01
1.988314150466887753e-01 1.488342121123762185e+00 8.039258415426754345e-01
1.992895519477179966e-01 1.489706474983242490e+00 8.049823444972501463e-01
1.997476888487472457e-01 1.491072079537323125e+00 8.060366767380516828e-01
2.002058257497764671e-01 1.492438935932507427e+00 8.070888464963354991e-01
2.006639626508057161e-01 1.493807045316350557e+00 8.081388619909096738e-01
2.011220995518349375e-01 1.495176408837459281e+00 8.091867314281925294e-01
2.015802364528641866e-01 1.496547027645493300e+00 8.102324630022684770e-01
2.020383733538934079e-01 1.497918902891166137e+00 8.112760648949453035e-01
2.024965102549226570e-01 1.499292035726246697e+00 8.123175452758113479e-01
2.029546471559519061e-01 1.500666427303558814e+00 8.133569123022891256e-01
2.034127840569811274e-01 1.502042078776983924e+00 8.143941741196960571e-01
2.038709209580103765e-01 1.503418991301460395e+00 8.154293388612960936e-01
2.043290578590395978e-01 1.504797166032986189e+00 8.164624146483601130e-01
2.047871947600688469e-01 1.506176604128618646e+00 8.174934095902179898e-01
2.052453316610980683e-01 1.507557306746475367e+00 8.185223317843175472e-01
2.057034685621273173e-01 1.508939275045736217e+00 8.195491893162788477e-01
2.061616054631565387e-01 1.510322510186643097e+00 8.205739902599497038e-01
2.066197423641857878e-01 1.511707013330501947e+00 8.215967426774632987e-01
2.070778792652150369e-01 1.513092785639682969e+00 8.226174546192904780e-01
2.075360161662442582e-01 1.514479828277622175e+00 8.236361341242982581e-01
2.079941530672735073e-01 1.515868142408821839e+00 8.246527892198031173e-01
2.084522899683027286e-01 1.517257729198851823e+00 8.256674279216272838e-01
2.089104268693319777e-01 1.518648589814350691e+00 8.266800582341541359e-01
2.093685637703611990e-01 1.520040725423026151e+00 8.276906881503809377e-01
2.098267006713904481e-01 1.521434137193656166e+00 8.286993256519772366e-01
2.102848375724196694e-01 1.522828826296090510e+00 8.297059787093363781e-01
2.107429744734489185e-01 1.524224793901251429e+00 8.307106552816333478e-01
2.112011113744781676e-01 1.525622041181134092e+00 8.317133633168765083e-01
2.116592482755073890e-01 1.527020569308808362e+00 8.327141107519642205e-01
2.121173851765366380e-01 1.528420379458419243e+00 8.337129055127388000e-01
2.125755220775658594e-01 1.529821472805188209e+00 8.347097555140396974e-01
2.130336589785951085e-01 1.531223850525414321e+00 8.357046686597603413e-01
2.134917958796243298e-01 1.532627513796474217e+00 8.366976528428994309e-01
2.139499327806535789e-01 1.534032463796824564e+00 8.376887159456168908e-01
2.144080696816828280e-01 1.535438701706001829e+00 8.386778658392872732e-01
2.148662065827120493e-01 1.536846228704623840e+00 8.396651103845538255e-01
2.153243434837412984e-01 1.538255045974391111e+00 8.406504574313826694e-01
2.157824803847705197e-01 1.539665154698086846e+00 8.416339148191152031e-01
2.162406172857997688e-01 1.541076556059578939e+00 8.426154903765235016e-01
2.166987541868289902e-01 1.542489251243819970e+00 8.435951919218626083e-01
2.171568910878582392e-01 1.543903241436849427e+00 8.445730272629250468e-01
2.176150279888874606e-01 1.545318527825793486e+00 8.455490041970930015e-01
2.180731648899167097e-01 1.546735111598867007e+00 8.465231305113927185e-01
2.185313017909459588e-01 1.548152993945373979e+00 8.474954139825470190e-01
2.189894386919751801e-01 1.549572176055707962e+00 8.484658623770289232e-01
2.194475755930044292e-01 1.550992659121354755e+00 8.494344834511141640e-01
2.199057124940336505e-01 1.552414444334891730e+00 8.504012849509352545e-01
2.203638493950628996e-01 1.553837532889989825e+00 8.513662746125325587e-01
2.208219862960921209e-01 1.555261925981413773e+00 8.523294601619084698e-01
2.212801231971213700e-01 1.556687624805024095e+00 8.532908493150804796e-01
2.217382600981505913e-01 1.558114630557777103e+00 8.542504497781325812e-01
2.221963969991798404e-01 1.559542944437726453e+00 8.552082692472677827e-01
2.226545339002090895e-01 1.560972567644024478e+00 8.561643154088625085e-01
2.231126708012383109e-01 1.562403501376921966e+00 8.571185959395164478e-01
2.235708077022675599e-01 1.563835746837770602e+00 8.580711185061068447e-01
2.240289446032967813e-01 1.565269305229023189e+00 8.590218907658397907e-01
2.244870815043260304e-01 1.566704177754234539e+00 8.599709203663025159e-01
2.249452184053552517e-01 1.568140365618063470e+00 8.609182149455157917e-01
2.254033553063845008e-01 1.569577870026272137e+00 8.618637821319852232e-01
2.258614922074137221e-01 1.571016692185728703e+00 8.628076295447543176e-01
2.263196291084429712e-01 1.572456833304407331e+00 8.637497647934547773e-01
2.267777660094722203e-01 1.573898294591389968e+00 8.646901954783600130e-01
2.272359029105014416e-01 1.575341077256866118e+00 8.656289291904352146e-01
2.276940398115306907e-01 1.576785182512135508e+00 8.665659735113903084e-01
2.281521767125599121e-01 1.578230611569607422e+00 8.675013360137308061e-01
2.286103136135891611e-01 1.579677365642803810e+00 8.684350242608096515e-01
2.290684505146183825e-01 1.581125445946357289e+00 8.693670458068774032e-01
2.295265874156476316e-01 1.582574853696015804e+00 8.702974081971360798e-01
2.299847243166768529e-01 1.584025590108639969e+00 8.712261189677875661e-01
2.304428612177061020e-01 1.585477656402207502e+00 8.721531856460870147e-01
2.309009981187353511e-01 1.586931053795811675e+00 8.730786157503922507e-01
2.313591350197645724e-01 1.588385783509663307e+00 8.740024167902163965e-01
2.318172719207938215e-01 1.589841846765092104e+00 8.749245962662772769e-01
2.322754088218230428e-01 1.591299244784547096e+00 8.758451616705500431e-01
2.327335457228522919e-01 1.592757978791598639e+00 8.767641204863163562e-01
2.331916826238815132e-01 1.594218050010937304e+00 8.776814801882161232e-01
2.336498195249107623e-01 1.595679459668377875e+00 8.785972482422981233e-01
2.341079564259399837e-01 1.597142208990858014e+00 8.795114321060698570e-01
2.345660933269692328e-01 1.598606299206440040e+00 8.804240392285493932e-01
2.350242302279984818e-01 1.600071731544312259e+00 8.813350770503142195e-01
2.354823671290277032e-01 1.601538507234789632e+00 8.822445530035540884e-01
2.359405040300569523e-01 1.603006627509315329e+00 8.831524745121184239e-01
2.363986409310861736e-01 1.604476093600460951e+00 8.840588489915683912e-01
2.368567778321154227e-01 1.605946906741928082e+00 8.849636838492276336e-01
2.373149147331446440e-01 1.607419068168549403e+00 8.858669864842306785e-01
2.377730516341738931e-01 1.608892579116289134e+00 8.867687642875742293e-01
2.382311885352031144e-01 1.610367440822245255e+00 8.876690246421671260e-01
2.386893254362323635e-01 1.611843654524648839e+00 8.885677749228797495e-01
2.391474623372616126e-01 1.613321221462866939e+00 8.894650224965946483e-01
2.396055992382908340e-01 1.614800142877402145e+00 8.903607747222559432e-01
2.400637361393200830e-01 1.616280420009894359e+00 8.912550389509188431e-01
2.405218730403493044e-01 1.617762054103121461e+00 8.921478225257999384e-01
2.409800099413785535e-01 1.619245046401001309e+00 8.930391327823270498e-01
2.414381468424077748e-01 1.620729398148591294e+00 8.939289770481874120e-01
2.418962837434370239e-01 1.622215110592090337e+00 8.948173626433789662e-01
2.423544206444662452e-01 1.623702184978840002e+00 8.957042968802588767e-01
2.428125575454954943e-01 1.625190622557325160e+00 8.965897870635932687e-01
2.432706944465247434e-01 1.626680424577174877e+00 8.974738404906063005e-01
2.437288313475539647e-01 1.628171592289163971e+00 8.983564644510289021e-01
2.441869682485832138e-01 1.629664126945213898e+00 8.992376662271506227e-01
2.446451051496124351e-01 1.631158029798393638e+00 9.001174530938643725e-01
2.451032420506416842e-01 1.632653302102921256e+00 9.009958323187206020e-01
2.455613789516709056e-01 1.634149945114163671e+00 9.018728111619721544e-01
2.460195158527001547e-01 1.635647960088639330e+00 9.027483968766256694e-01
2.464776527537293760e-01 1.637147348284018200e+00 9.036225967084896560e-01
2.469357896547586251e-01 1.638648110959123549e+00 9.044954178962241187e-01
2.473939265557878742e-01 1.640150249373931945e+00 9.053668676713880759e-01
2.478520634568170955e-01 1.641653764789575476e+00 9.062369532584897414e-01
2.483102003578463446e-01 1.643158658468342193e+00 9.071056818750341533e-01
2.487683372588755659e-01 1.644664931673677000e+00 9.079730607315735780e-01
2.492264741599048150e-01 1.646172585670183430e+00 9.088390970317532513e-01
2.496846110609340363e-01 1.647681621723624090e+00 9.097037979723627821e-01
2.501427479619632854e-01 1.649192041100921768e+00 9.105671707433841133e-01
2.506008848629925345e-01 1.650703845070160769e+00 9.114292225280377080e-01
2.510590217640217836e-01 1.652217034900587800e+00 9.122899605028342851e-01
2.515171586650509772e-01 1.653731611862613082e+00 9.131493918376208940e-01
2.519752955660802263e-01 1.655247577227811462e+00 9.140075236956302085e-01
2.524334324671094754e-01 1.656764932268923518e+00 9.148643632335289322e-01
2.528915693681387244e-01 1.658283678259856231e+00 9.157199176014645392e-01
2.533497062691679180e-01 1.659803816475684535e+00 9.165741939431152341e-01
2.538078431701971671e-01 1.661325348192652429e+00 9.174271993957381355e-01
2.542659800712264162e-01 1.662848274688173422e+00 9.182789410902155725e-01
2.547241169722556653e-01 1.664372597240832308e+00 9.191294261511042674e-01
2.551822538732849144e-01 1.665898317130386053e+00 9.199786616966838526e-01
2.556403907743141080e-01 1.667425435637764242e+00 9.208266548390038331e-01
2.560985276753433570e-01 1.668953954045071519e+00 9.216734126839318808e-01
2.565566645763726061e-01 1.670483873635586924e+00 9.225189423312011305e-01
2.570148014774018552e-01 1.672015195693766554e+00 9.233632508744599177e-01
2.574729383784310488e-01 1.673547921505243341e+00 9.242063454013156321e-01
2.579310752794602979e-01 1.675082052356829720e+00 9.250482329933875647e-01
2.583892121804895470e-01 1.676617589536516517e+00 9.258889207263502064e-01
2.588473490815187961e-01 1.678154534333476056e+00 9.267284156699825415e-01
2.593054859825480452e-01 1.679692888038062382e+00 9.275667248882167870e-01
2.597636228835772387e-01 1.681232651941811929e+00 9.284038554391835785e-01
2.602217597846064878e-01 1.682773827337445738e+00 9.292398143752612638e-01
2.606798966856357369e-01 1.684316415518869459e+00 9.300746087431224218e-01
2.611380335866649860e-01 1.685860417781174903e+00 9.309082455837820458e-01
2.615961704876941796e-01 1.687405835420640932e+00 9.317407319326436177e-01
2.620543073887234287e-01 1.688952669734735235e+00 9.325720748195484022e-01
2.625124442897526778e-01 1.690500922022114105e+00 9.334022812688204107e-01
2.629705811907819268e-01 1.692050593582625329e+00 9.342313582993158061e-01
2.634287180918111759e-01 1.693601685717307070e+00 9.350593129244684221e-01
2.638868549928403695e-01 1.695154199728390765e+00 9.358861521523378357e-01
2.643449918938696186e-01 1.696708136919302223e+00 9.367118829856565521e-01
2.648031287948988677e-01 1.698263498594660748e+00 9.375365124218760782e-01
2.652612656959281168e-01 1.699820286060282459e+00 9.383600474532158842e-01
2.657194025969573103e-01 1.701378500623180301e+00 9.391824950667082561e-01
2.661775394979865594e-01 1.702938143591565590e+00 9.400038622442462577e-01
2.666356763990158085e-01 1.704499216274848683e+00 9.408241559626313588e-01
2.670938133000450576e-01 1.706061719983639868e+00 9.416433831936191767e-01
2.675519502010743067e-01 1.707625656029751360e+00 9.424615509039668826e-01
2.680100871021035003e-01 1.709191025726197743e+00 9.432786660554796088e-01
2.684682240031327494e-01 1.710757830387197531e+00 9.440947356050584105e-01
2.689263609041619985e-01 1.712326071328173382e+00 9.449097665047454520e-01
2.693844978051912475e-01 1.713895749865754325e+00 9.457237657017717458e-01
2.698426347062204411e-01 1.715466867317775757e+00 9.465367401386033386e-01
2.703007716072496902e-01 1.717039425003282105e+00 9.473486967529889391e-01
2.707589085082789393e-01 1.718613424242525944e+00 9.481596424780044385e-01
2.712170454093081884e-01 1.720188866356970658e+00 9.489695842421024263e-01
2.716751823103374375e-01 1.721765752669290883e+00 9.497785289691562660e-01
2.721333192113666311e-01 1.723344084503373175e+00 9.505864835785067246e-01
2.725914561123958801e-01 1.724923863184319117e+00 9.513934549850118216e-01
2.730495930134251292e-01 1.726505090038443546e+00 9.521994500990882404e-01
2.735077299144543783e-01 1.728087766393277880e+00 9.530044758267613991e-01
2.739658668154835719e-01 1.729671893577570341e+00 9.538085390697104149e-01
2.744240037165128210e-01 1.731257472921287066e+00 9.546116467253152882e-01
2.748821406175420701e-01 1.732844505755613662e+00 9.554138056867019779e-01
2.753402775185713192e-01 1.734432993412955426e+00 9.562150228427898080e-01
2.757984144196005682e-01 1.736022937226940011e+00 9.570153050783378745e-01
2.762565513206297618e-01 1.737614338532416536e+00 9.578146592739902321e-01
2.767146882216590109e-01 1.739207198665458476e+00 9.586130923063227449e-01
2.771728251226882600e-01 1.740801518963364103e+00 9.594106110478897165e-01
2.776309620237175091e-01 1.742397300764657153e+00 9.602072223672691864e-01
2.780890989247467027e-01 1.743994545409088381e+00 9.610029331291096710e-01
2.785472358257759518e-01 1.745593254237637337e+00 9.617977501941762375e-01
2.790053727268052008e-01 1.747193428592512143e+00 9.625916804193968002e-01
2.794635096278344499e-01 1.748795069817151715e+00 9.633847306579070846e-01
2.799216465288636990e-01 1.750398179256225983e+00 9.641769077590977011e-01
2.803797834298928926e-01 1.752002758255638115e+00 9.649682185686601077e-01
2.808379203309221417e-01 1.753608808162524957e+00 9.657586699286325738e-01
2.812960572319513908e-01 1.755216330325257923e+00 9.665482686774458099e-01
2.817541941329806399e-01 1.756825326093444772e+00 9.673370216499688201e-01
2.822123310340098334e-01 1.758435796817930274e+00 9.681249356775554205e-01
2.826704679350390825e-01 1.760047743850797763e+00 9.689120175880900909e-01
2.831286048360683316e-01 1.761661168545369804e+00 9.696982742060327176e-01
2.835867417370975807e-01 1.763276072256209526e+00 9.704837123524663323e-01
2.840448786381268298e-01 1.764892456339121729e+00 9.712683388451410771e-01
2.845030155391560234e-01 1.766510322151154222e+00 9.720521604985209452e-01
2.849611524401852725e-01 1.768129671050598928e+00 9.728351841238300768e-01
2.854192893412145215e-01 1.769750504396992774e+00 9.736174165290977234e-01
2.858774262422437706e-01 1.771372823551118802e+00 9.743988645192036557e-01
2.863355631432729642e-01 1.772996629875007280e+00 9.751795348959250154e-01
2.867937000443022133e-01 1.774621924731938138e+00 9.759594344579816116e-01
2.872518369453314624e-01 1.776248709486439648e+00 9.767385700010804417e-01
2.877099738463607115e-01 1.777876985504291740e+00 9.775169483179639851e-01
2.881681107473899606e-01 1.779506754152526238e+00 9.782945761984529476e-01
2.886262476484191541e-01 1.781138016799427737e+00 9.790714604294935564e-01
2.890843845494484032e-01 1.782770774814535830e+00 9.798476077952027463e-01
2.895425214504776523e-01 1.784405029568644885e+00 9.806230250769143453e-01
2.900006583515069014e-01 1.786040782433806040e+00 9.813977190532232608e-01
2.904587952525360950e-01 1.787678034783328318e+00 9.821716965000332200e-01
2.909169321535653441e-01 1.789316787991779956e+00 9.829449641905996238e-01
2.913750690545945932e-01 1.790957043434988405e+00 9.837175288955775088e-01
2.918332059556238423e-01 1.792598802490043219e+00 9.844893973830658451e-01
2.922913428566530913e-01 1.794242066535295610e+00 9.852605764186531667e-01
2.927494797576822849e-01 1.795886836950360665e+00 9.860310727654625351e-01
2.932076166587115340e-01 1.797533115116118241e+00 9.868008931841992792e-01
2.936657535597407831e-01 1.799180902414713845e+00 9.875700444331929617e-01
2.941238904607700322e-01 1.800830200229560196e+00 9.883385332684458957e-01
2.945820273617992258e-01 1.802481009945337664e+00 9.891063664436769987e-01
2.950401642628284749e-01 1.804133332947996715e+00 9.898735507103679776e-01
2.954983011638577239e-01 1.805787170624757909e+00 9.906400928178071830e-01
2.959564380648869730e-01 1.807442524364113234e+00 9.914059995131377923e-01
2.964145749659162221e-01 1.809099395555827661e+00 9.921712775414006646e-01
2.968727118669454157e-01 1.810757785590940472e+00 9.929359336455805263e-01
2.973308487679746648e-01 1.812417695861765710e+00 9.936999745666521555e-01
2.977889856690039139e-01 1.814079127761894172e+00 9.944634070436244588e-01
2.982471225700331630e-01 1.815742082686193415e+00 9.952262378135867671e-01
2.987052594710623565e-01 1.817406562030810413e+00 9.959884736117535775e-01
2.991633963720916056e-01 1.819072567193171563e+00 9.967501211715101839e-01
2.996215332731208547e-01 1.820740099571984683e+00 9.975111872244581956e-01
3.000796701741501038e-01 1.822409160567239006e+00 9.982716785004601689e-01
3.005378070751793529e-01 1.824079751580208075e+00 9.990316017276854588e-01
3.009959439762085465e-01 1.825751874013448850e+00 9.997909636326558491e-01
3.014540808772377956e-01 1.827425529270805482e+00 1.000549770940289518e+00
3.019122177782670446e-01 1.829100718757407762e+00 1.001308030373948554e+00
3.023703546792962937e-01 1.830777443879674005e+00 1.002065748655480704e+00
3.028284915803254873e-01 1.832455706045311494e+00 1.002822932505268883e+00
3.032866284813547364e-01 1.834135506663318704e+00 1.003579588642273590e+00
3.037447653823839855e-01 1.835816847143985076e+00 1.004335723784078205e+00
3.042029022834132346e-01 1.837499728898893014e+00 1.005091344646936502e+00
3.046610391844424837e-01 1.839184153340919003e+00 1.005846457945815065e+00
3.051191760854716772e-01 1.840870121884234267e+00 1.006601070394439912e+00
3.055773129865009263e-01 1.842557635944307215e+00 1.007355188705342686e+00
3.060354498875301754e-01 1.844246696937902996e+00 1.008108819589903282e+00
3.064935867885594245e-01 1.845937306283086166e+00 1.008861969758398702e+00
3.069517236895886181e-01 1.847629465399220239e+00 1.009614645920043685e+00
3.074098605906178672e-01 1.849323175706971245e+00 1.010366854783040669e+00
3.078679974916471163e-01 1.851018438628306395e+00 1.011118603054621534e+00
3.083261343926763653e-01 1.852715255586496967e+00 1.011869897441094901e+00
3.087842712937056144e-01 1.854413628006118753e+00 1.012620744647890092e+00
3.092424081947348080e-01 1.856113557313052942e+00 1.013371151379602431e+00
3.097005450957640571e-01 1.857815044934489235e+00 1.014121124340040092e+00
3.101586819967933062e-01 1.859518092298924063e+00 1.014870670232266514e+00
3.106168188978225553e-01 1.861222700836164368e+00 1.015619795758648580e+00
3.110749557988517489e-01 1.862928871977326928e+00 1.016368507620899697e+00
3.115330926998809979e-01 1.864636607154841696e+00 1.017116812520125757e+00
3.119912296009102470e-01 1.866345907802450466e+00 1.017864717156870880e+00
3.124493665019394961e-01 1.868056775355209975e+00 1.018612228231161154e+00
3.129075034029687452e-01 1.869769211249492358e+00 1.019359352442551936e+00
3.133656403039979388e-01 1.871483216922986026e+00 1.020106096490170700e+00
3.138237772050271879e-01 1.873198793814698115e+00 1.020852467072765002e+00
3.142819141060564370e-01 1.874915943364954485e+00 1.021598470888744892e+00
3.147400510070856861e-01 1.876634667015401270e+00 1.022344114636230206e+00
3.151981879081148796e-01 1.878354966209005994e+00 1.023089405013094533e+00
3.156563248091441287e-01 1.880076842390059344e+00 1.023834348717012066e+00
3.161144617101733778e-01 1.881800297004176059e+00 1.024578952445501123e+00
3.165725986112026269e-01 1.883525331498295374e+00 1.025323222895969444e+00
3.170307355122318760e-01 1.885251947320683463e+00 1.026067166765761041e+00
3.174888724132610696e-01 1.886980145920933660e+00 1.026810790752199498e+00
3.179470093142903186e-01 1.888709928749969347e+00 1.027554101552635490e+00
3.184051462153195677e-01 1.890441297260042397e+00 1.028297105864490524e+00
3.188632831163488168e-01 1.892174252904736953e+00 1.029039810385300902e+00
3.193214200173780104e-01 1.893908797138968980e+00 1.029782221812766574e+00
3.197795569184072595e-01 1.895644931418988932e+00 1.030524346844793548e+00
3.202376938194365086e-01 1.897382657202381750e+00 1.031266192179540298e+00
3.206958307204657577e-01 1.899121975948068197e+00 1.032007764515462167e+00
3.211539676214950068e-01 1.900862889116307075e+00 1.032749070551358672e+00
3.216121045225242003e-01 1.902605398168695228e+00 1.033490116986416574e+00
3.220702414235534494e-01 1.904349504568169982e+00 1.034230910520256286e+00
3.225283783245826985e-01 1.906095209779009370e+00 1.034971457852977617e+00
3.229865152256119476e-01 1.907842515266833461e+00 1.035711765685203956e+00
3.234446521266411412e-01 1.909591422498605917e+00 1.036451840718128681e+00
3.239027890276703903e-01 1.911341932942635768e+00 1.037191689653560012e+00
3.243609259286996394e-01 1.913094048068577635e+00 1.037931319193967195e+00
3.248190628297288884e-01 1.914847769347433060e+00 1.038670736042524023e+00
3.252771997307581375e-01 1.916603098251552284e+00 1.039409946903156357e+00
3.257353366317873311e-01 1.918360036254635359e+00 1.040148958480586305e+00
3.261934735328165802e-01 1.920118584831733255e+00 1.040887777480377974e+00
3.266516104338458293e-01 1.921878745459248972e+00 1.041626410608983200e+00
3.271097473348750784e-01 1.923640519614939093e+00 1.042364864573787298e+00
3.275678842359042720e-01 1.925403908777914452e+00 1.043103146083151689e+00
3.280260211369335210e-01 1.927168914428642577e+00 1.043841261846464974e+00
3.284841580379627701e-01 1.928935538048947240e+00 1.044579218574182455e+00
3.289422949389920192e-01 1.930703781122010909e+00 1.045317022977875210e+00
3.294004318400212683e-01 1.932473645132376072e+00 1.046054681770275829e+00
3.298585687410504619e-01 1.934245131565945242e+00 1.046792201665320832e+00
3.303167056420797110e-01 1.936018241909984061e+00 1.047529589378199955e+00
3.307748425431089601e-01 1.937792977653121085e+00 1.048266851625399232e+00
3.312329794441382091e-01 1.939569340285349108e+00 1.049003995124747624e+00
3.316911163451674582e-01 1.941347331298027168e+00 1.049741026595462312e+00
3.321492532461966518e-01 1.943126952183881206e+00 1.050477952758194222e+00
3.326073901472259009e-01 1.944908204437006294e+00 1.051214780335074206e+00
3.330655270482551500e-01 1.946691089552866183e+00 1.051951516049758562e+00
3.335236639492843991e-01 1.948475609028295974e+00 1.052688166627473443e+00
3.339818008503135927e-01 1.950261764361502559e+00 1.053424738795062821e+00
3.344399377513428417e-01 1.952049557052066620e+00 1.054161239281032003e+00
3.348980746523720908e-01 1.953838988600943516e+00 1.054897674815594932e+00
3.353562115534013399e-01 1.955630060510464174e+00 1.055634052130719258e+00
3.358143484544305890e-01 1.957422774284336864e+00 1.056370377960171636e+00
3.362724853554597826e-01 1.959217131427648306e+00 1.057106659039565244e+00
3.367306222564890317e-01 1.961013133446865009e+00 1.057842902106403526e+00
3.371887591575182808e-01 1.962810781849834374e+00 1.058579113900127044e+00
3.376468960585475299e-01 1.964610078145785810e+00 1.059315301162159217e+00
3.381050329595767234e-01 1.966411023845332728e+00 1.060051470635952953e+00
3.385631698606059725e-01 1.968213620460472990e+00 1.060787629067034166e+00
3.390213067616352216e-01 1.970017869504590458e+00 1.061523783203051075e+00
3.394794436626644707e-01 1.971823772492456328e+00 1.062259939793817498e+00
3.399375805636937198e-01 1.973631330940230466e+00 1.062996105591359486e+00
3.403957174647229134e-01 1.975440546365462513e+00 1.063732287349962391e+00
3.408538543657521624e-01 1.977251420287093442e+00 1.064468491826215280e+00
3.413119912667814115e-01 1.979063954225456445e+00 1.065204725779058226e+00
3.417701281678106606e-01 1.980878149702278268e+00 1.065940995969827387e+00
3.422282650688398542e-01 1.982694008240680761e+00 1.066677309162302301e+00
3.426864019698691033e-01 1.984511531365182213e+00 1.067413672122750512e+00
3.431445388708983524e-01 1.986330720601698241e+00 1.068150091619974651e+00
3.436026757719276015e-01 1.988151577477542897e+00 1.068886574425358837e+00
3.440608126729568506e-01 1.989974103521431115e+00 1.069623127312913979e+00
3.445189495739860441e-01 1.991798300263478039e+00 1.070359757059324624e+00
3.449770864750152932e-01 1.993624169235203025e+00 1.071096470443994697e+00
3.454352233760445423e-01 1.995451711969528086e+00 1.071833274249095247e+00
3.458933602770737914e-01 1.997280930000780774e+00 1.072570175259607961e+00
3.463514971781029850e-01 1.999111824864695297e+00 1.073307180263374461e+00
3.468096340791322341e-01 2.000944398098413846e+00 1.074044296051140934e+00
3.472677709801614832e-01 2.002778651240487040e+00 1.074781529416603876e+00
3.477259078811907322e-01 2.004614585830876816e+00 1.075518887156459602e+00
3.481840447822199813e-01 2.006452203410955981e+00 1.076256376070446885e+00
3.486421816832491749e-01 2.008291505523510434e+00 1.076994002961395802e+00
3.491003185842784240e-01 2.010132493712740498e+00 1.077731774635273698e+00
3.495584554853076731e-01 2.011975169524262697e+00 1.078469697901231594e+00
3.500165923863369222e-01 2.013819534505109310e+00 1.079207779571650150e+00
3.504747292873661157e-01 2.015665590203730595e+00 1.079946026462187625e+00
3.509328661883953648e-01 2.017513338169997894e+00 1.080684445391825621e+00
3.513910030894246139e-01 2.019362779955201859e+00 1.081423043182915489e+00
3.518491399904538630e-01 2.021213917112056002e+00 1.082161826661226067e+00
3.523072768914831121e-01 2.023066751194696700e+00 1.082900802655988981e+00
3.527654137925123057e-01 2.024921283758684520e+00 1.083639977999946380e+00
3.532235506935415548e-01 2.026777516361007336e+00 1.084379359529398013e+00
3.536816875945708039e-01 2.028635450560079434e+00 1.085118954084246745e+00
3.541398244956000529e-01 2.030495087915743735e+00 1.085858768508046968e+00
3.545979613966292465e-01 2.032356429989273128e+00 1.086598809648050334e+00
3.550560982976584956e-01 2.034219478343372245e+00 1.087339084355252616e+00
3.555142351986877447e-01 2.036084234542177462e+00 1.088079599484442772e+00
3.559723720997169938e-01 2.037950700151259120e+00 1.088820361894245803e+00
3.564305090007462429e-01 2.039818876737622855e+00 1.089561378447174267e+00
3.568886459017754365e-01 2.041688765869710487e+00 1.090302656009672688e+00
3.573467828028046855e-01 2.043560369117402686e+00 1.091044201452165296e+00
3.578049197038339346e-01 2.045433688052018084e+00 1.091786021649103322e+00
3.582630566048631837e-01 2.047308724246315936e+00 1.092528123479011848e+00
3.587211935058923773e-01 2.049185479274497457e+00 1.093270513824537327e+00
3.591793304069216264e-01 2.051063954712206705e+00 1.094013199572494877e+00
3.596374673079508755e-01 2.052944152136532807e+00 1.094756187613915799e+00
3.600956042089801246e-01 2.054826073126009955e+00 1.095499484844093541e+00
3.605537411100093736e-01 2.056709719260618741e+00 1.096243098162632768e+00
3.610118780110385672e-01 2.058595092121789705e+00 1.096987034473496214e+00
3.614700149120678163e-01 2.060482193292401565e+00 1.097731300685051536e+00
3.619281518130970654e-01 2.062371024356785210e+00 1.098475903710119050e+00
3.623862887141263145e-01 2.064261586900723255e+00 1.099220850466020805e+00
3.628444256151555081e-01 2.066153882511452267e+00 1.099966147874625655e+00
3.633025625161847572e-01 2.068047912777663200e+00 1.100711802862397670e+00
3.637606994172140062e-01 2.069943679289504068e+00 1.101457822360445427e+00
3.642188363182432553e-01 2.071841183638580386e+00 1.102204213304567748e+00
3.646769732192725044e-01 2.073740427417956500e+00 1.102950982635302557e+00
3.651351101203016980e-01 2.075641412222157367e+00 1.103698137297973503e+00
3.655932470213309471e-01 2.077544139647169441e+00 1.104445684242738590e+00
3.660513839223601962e-01 2.079448611290442006e+00 1.105193630424639251e+00
3.665095208233894453e-01 2.081354828750889396e+00 1.105941982803645418e+00
3.669676577244186388e-01 2.083262793628890996e+00 1.106690748344705932e+00
3.674257946254478879e-01 2.085172507526293462e+00 1.107439934017795391e+00
3.678839315264771370e-01 2.087083972046412050e+00 1.108189546797962999e+00
3.683420684275063861e-01 2.088997188794031512e+00 1.108939593665379197e+00
3.688002053285356352e-01 2.090912159375407864e+00 1.109690081605385403e+00
3.692583422295648288e-01 2.092828885398268834e+00 1.110441017608540637e+00
3.697164791305940779e-01 2.094747368471817417e+00 1.111192408670672371e+00
3.701746160316233270e-01 2.096667610206730537e+00 1.111944261792921163e+00
3.706327529326525760e-01 2.098589612215162159e+00 1.112696583981792164e+00
3.710908898336817696e-01 2.100513376110743735e+00 1.113449382249201980e+00
3.715490267347110187e-01 2.102438903508586421e+00 1.114202663612527067e+00
3.720071636357402678e-01 2.104366196025281521e+00 1.114956435094652143e+00
3.724653005367695169e-01 2.106295255278902268e+00 1.115710703724019925e+00
3.729234374377987660e-01 2.108226082889005593e+00 1.116465476534677759e+00
3.733815743388279595e-01 2.110158680476632131e+00 1.117220760566327797e+00
3.738397112398572086e-01 2.112093049664309774e+00 1.117976562864376078e+00
3.742978481408864577e-01 2.114029192076052777e+00 1.118732890479977815e+00
3.747559850419157068e-01 2.115967109337364871e+00 1.119489750470091582e+00
3.752141219429449004e-01 2.117906803075238820e+00 1.120247149897522831e+00
3.756722588439741495e-01 2.119848274918159969e+00 1.121005095830975851e+00
3.761303957450033986e-01 2.121791526496106250e+00 1.121763595345102837e+00
3.765885326460326477e-01 2.123736559440549510e+00 1.122522655520551194e+00
3.770466695470618967e-01 2.125683375384456841e+00 1.123282283444012819e+00
3.775048064480910903e-01 2.127631975962292366e+00 1.124042486208274294e+00
3.779629433491203394e-01 2.129582362810019447e+00 1.124803270912265729e+00
3.784210802501495885e-01 2.131534537565100695e+00 1.125564644661109170e+00
3.788792171511788376e-01 2.133488501866498410e+00 1.126326614566168116e+00
3.793373540522080312e-01 2.135444257354679465e+00 1.127089187745097476e+00
3.797954909532372803e-01 2.137401805671613086e+00 1.127852371321891978e+00
3.802536278542665293e-01 2.139361148460774409e+00 1.128616172426936570e+00
3.807117647552957784e-01 2.141322287367144028e+00 1.129380598197054386e+00
3.811699016563250275e-01 2.143285224037212444e+00 1.130145655775558033e+00
3.816280385573542211e-01 2.145249960118977395e+00 1.130911352312297780e+00
3.820861754583834702e-01 2.147216497261948742e+00 1.131677694963712177e+00
3.825443123594127193e-01 2.149184837117148028e+00 1.132444690892876915e+00
3.830024492604419684e-01 2.151154981337109806e+00 1.133212347269554998e+00
3.834605861614711619e-01 2.153126931575883862e+00 1.133980671270246043e+00
3.839187230625004110e-01 2.155100689489036991e+00 1.134749670078237571e+00
3.843768599635296601e-01 2.157076256733652109e+00 1.135519350883652523e+00
3.848349968645589092e-01 2.159053634968332691e+00 1.136289720883501886e+00
3.852931337655881583e-01 2.161032825853201444e+00 1.137060787281731988e+00
3.857512706666173519e-01 2.163013831049903413e+00 1.137832557289277791e+00
3.862094075676466010e-01 2.164996652221606865e+00 1.138605038124109958e+00
3.866675444686758500e-01 2.166981291033005075e+00 1.139378237011286155e+00
3.871256813697050991e-01 2.168967749150316759e+00 1.140152161183003221e+00
3.875838182707342927e-01 2.170956028241287417e+00 1.140926817878643140e+00
3.880419551717635418e-01 2.172946129975193319e+00 1.141702214344828548e+00
3.885000920727927909e-01 2.174938056022839294e+00 1.142478357835470026e+00
3.889582289738220400e-01 2.176931808056561835e+00 1.143255255611816290e+00
3.894163658748512891e-01 2.178927387750231759e+00 1.144032914942506585e+00
3.898745027758804826e-01 2.180924796779252439e+00 1.144811343103620871e+00
3.903326396769097317e-01 2.182924036820564684e+00 1.145590547378729562e+00
3.907907765779389808e-01 2.184925109552645850e+00 1.146370535058945483e+00
3.912489134789682299e-01 2.186928016655512508e+00 1.147151313442973164e+00
3.917070503799974235e-01 2.188932759810719553e+00 1.147932889837161685e+00
3.921651872810266726e-01 2.190939340701365978e+00 1.148715271555554418e+00
3.926233241820559217e-01 2.192947761012091767e+00 1.149498465919939649e+00
3.930814610830851707e-01 2.194958022429081890e+00 1.150282480259903206e+00
3.935395979841144198e-01 2.196970126640066301e+00 1.151067321912877750e+00
3.939977348851436134e-01 2.198984075334323052e+00 1.151852998224195623e+00
3.944558717861728625e-01 2.200999870202678288e+00 1.152639516547139253e+00
3.949140086872021116e-01 2.203017512937508471e+00 1.153426884242993111e+00
3.953721455882313607e-01 2.205037005232740821e+00 1.154215108681093893e+00
3.958302824892605543e-01 2.207058348783855983e+00 1.155004197238883146e+00
3.962884193902898033e-01 2.209081545287888471e+00 1.155794157301959224e+00
3.967465562913190524e-01 2.211106596443428440e+00 1.156584996264127030e+00
3.972046931923483015e-01 2.213133503950623471e+00 1.157376721527451968e+00
3.976628300933775506e-01 2.215162269511179449e+00 1.158169340502310352e+00
3.981209669944067442e-01 2.217192894828361904e+00 1.158962860607440470e+00
3.985791038954359933e-01 2.219225381606998226e+00 1.159757289269997660e+00
3.990372407964652424e-01 2.221259731553478556e+00 1.160552633925601818e+00
3.994953776974944915e-01 2.223295946375757115e+00 1.161348902018393581e+00
3.999535145985236850e-01 2.225334027783353097e+00 1.162146101001084064e+00
4.004116514995529341e-01 2.227373977487354662e+00 1.162944238335007041e+00
4.008697884005821832e-01 2.229415797200417160e+00 1.163743321490172900e+00
4.013279253016114323e-01 2.231459488636765354e+00 1.164543357945319046e+00
4.017860622026406814e-01 2.233505053512196969e+00 1.165344355187963643e+00
4.022441991036698750e-01 2.235552493544080921e+00 1.166146320714456674e+00
4.027023360046991241e-01 2.237601810451362638e+00 1.166949262030035017e+00
4.031604729057283731e-01 2.239653005954560960e+00 1.167753186648871733e+00
4.036186098067576222e-01 2.241706081775773463e+00 1.168558102094132023e+00
4.040767467077868158e-01 2.243761039638675125e+00 1.169364015898023412e+00
4.045348836088160649e-01 2.245817881268522775e+00 1.170170935601849926e+00
4.049930205098453140e-01 2.247876608392152864e+00 1.170978868756064939e+00
4.054511574108745631e-01 2.249937222737986353e+00 1.171787822920324240e+00
4.059092943119038122e-01 2.251999726036027827e+00 1.172597805663537995e+00
4.063674312129330057e-01 2.254064120017866824e+00 1.173408824563925812e+00
4.068255681139622548e-01 2.256130406416682721e+00 1.174220887209068032e+00
4.072837050149915039e-01 2.258198586967242072e+00 1.175034001195960798e+00
4.077418419160207530e-01 2.260268663405900824e+00 1.175848174131068236e+00
4.081999788170499466e-01 2.262340637470608318e+00 1.176663413630375521e+00
4.086581157180791957e-01 2.264414510900906841e+00 1.177479727319444391e+00
4.091162526191084448e-01 2.266490285437932517e+00 1.178297122833465327e+00
4.095743895201376938e-01 2.268567962824417528e+00 1.179115607817310618e+00
4.100325264211669429e-01 2.270647544804692775e+00 1.179935189925590322e+00
4.104906633221961365e-01 2.272729033124686548e+00 1.180755876822703332e+00
4.109488002232253856e-01 2.274812429531928970e+00 1.181577676182893999e+00
4.114069371242546347e-01 2.276897735775551990e+00 1.182400595690304534e+00
4.118650740252838838e-01 2.278984953606289832e+00 1.183224643039029633e+00
4.123232109263130774e-01 2.281074084776482103e+00 1.184049825933170430e+00
4.127813478273423264e-01 2.283165131040076457e+00 1.184876152086889567e+00
4.132394847283715755e-01 2.285258094152625929e+00 1.185703629224464040e+00
4.136976216294008246e-01 2.287352975871294269e+00 1.186532265080340931e+00
4.141557585304300737e-01 2.289449777954855492e+00 1.187362067399191812e+00
4.146138954314592673e-01 2.291548502163695655e+00 1.188193043935966031e+00
4.150720323324885164e-01 2.293649150259815972e+00 1.189025202455948227e+00
4.155301692335177655e-01 2.295751724006830585e+00 1.189858550734808951e+00
4.159883061345470145e-01 2.297856225169972344e+00 1.190693096558664177e+00
4.164464430355762081e-01 2.299962655516091026e+00 1.191528847724126372e+00
4.169045799366054572e-01 2.302071016813656446e+00 1.192365812038361783e+00
4.173627168376347063e-01 2.304181310832760676e+00 1.193203997319145282e+00
4.178208537386639554e-01 2.306293539345116272e+00 1.194043411394913878e+00
4.182789906396932045e-01 2.308407704124061155e+00 1.194884062104824229e+00
4.187371275407223981e-01 2.310523806944559055e+00 1.195725957298807263e+00
4.191952644417516471e-01 2.312641849583200848e+00 1.196569104837623243e+00
4.196534013427808962e-01 2.314761833818204995e+00 1.197413512592917062e+00
4.201115382438101453e-01 2.316883761429420652e+00 1.198259188447275303e+00
4.205696751448393389e-01 2.319007634198328560e+00 1.199106140294280198e+00
4.210278120458685880e-01 2.321133453908043265e+00 1.199954376038566917e+00
4.214859489468978371e-01 2.323261222343312227e+00 1.200803903595879296e+00
4.219440858479270862e-01 2.325390941290520708e+00 1.201654730893124023e+00
4.224022227489563353e-01 2.327522612537689994e+00 1.202506865868429253e+00
4.228603596499855288e-01 2.329656237874481395e+00 1.203360316471199232e+00
4.233184965510147779e-01 2.331791819092197127e+00 1.204215090662171583e+00
4.237766334520440270e-01 2.333929357983780317e+00 1.205071196413472601e+00
4.242347703530732761e-01 2.336068856343818556e+00 1.205928641708674309e+00
4.246929072541025252e-01 2.338210315968543895e+00 1.206787434542851534e+00
4.251510441551317188e-01 2.340353738655835514e+00 1.207647582922636964e+00
4.256091810561609678e-01 2.342499126205221049e+00 1.208509094866279776e+00
4.260673179571902169e-01 2.344646480417876599e+00 1.209371978403701586e+00
4.265254548582194660e-01 2.346795803096629829e+00 1.210236241576552851e+00
4.269835917592486596e-01 2.348947096045961747e+00 1.211101892438271266e+00
4.274417286602779087e-01 2.351100361072007150e+00 1.211968939054137273e+00
4.278998655613071578e-01 2.353255599982555957e+00 1.212837389501332463e+00
4.283580024623364069e-01 2.355412814587055426e+00 1.213707251868996861e+00
4.288161393633656560e-01 2.357572006696612377e+00 1.214578534258285325e+00
4.292742762643948495e-01 2.359733178123992747e+00 1.215451244782426166e+00
4.297324131654240986e-01 2.361896330683625145e+00 1.216325391566779102e+00
4.301905500664533477e-01 2.364061466191600847e+00 1.217200982748890770e+00
4.306486869674825968e-01 2.366228586465676464e+00 1.218078026478554676e+00
4.311068238685117904e-01 2.368397693325273501e+00 1.218956530917868708e+00
4.315649607695410395e-01 2.370568788591483678e+00 1.219836504241292197e+00
4.320230976705702886e-01 2.372741874087066272e+00 1.220717954635705205e+00
4.324812345715995376e-01 2.374916951636452556e+00 1.221600890300466480e+00
4.329393714726287867e-01 2.377094023065744466e+00 1.222485319447469854e+00
4.333975083736579803e-01 2.379273090202720375e+00 1.223371250301206858e+00
4.338556452746872294e-01 2.381454154876832430e+00 1.224258691098820240e+00
4.343137821757164785e-01 2.383637218919210543e+00 1.225147650090166351e+00
4.347719190767457276e-01 2.385822284162662843e+00 1.226038135537872220e+00
4.352300559777749211e-01 2.388009352441677891e+00 1.226930155717394166e+00
4.356881928788041702e-01 2.390198425592425568e+00 1.227823718917078200e+00
4.361463297798334193e-01 2.392389505452759746e+00 1.228718833438217750e+00
4.366044666808626684e-01 2.394582593862218278e+00 1.229615507595112067e+00
4.370626035818919175e-01 2.396777692662024783e+00 1.230513749715127503e+00
4.375207404829211111e-01 2.398974803695092195e+00 1.231413568138756354e+00
4.379788773839503602e-01 2.401173928806022317e+00 1.232314971219674593e+00
4.384370142849796093e-01 2.403375069841106715e+00 1.233217967324803155e+00
4.388951511860088583e-01 2.405578228648331152e+00 1.234122564834367219e+00
4.393532880870380519e-01 2.407783407077374260e+00 1.235028772141955500e+00
4.398114249880673010e-01 2.409990606979610650e+00 1.235936597654580416e+00
4.402695618890965501e-01 2.412199830208112683e+00 1.236846049792739821e+00
4.407276987901257992e-01 2.414411078617650031e+00 1.237757136990471629e+00
4.411858356911550483e-01 2.416624354064694113e+00 1.238669867695422200e+00
4.416439725921842419e-01 2.418839658407416771e+00 1.239584250368898299e+00
4.421021094932134909e-01 2.421056993505694255e+00 1.240500293485934158e+00
4.425602463942427400e-01 2.423276361221107233e+00 1.241418005535348090e+00
4.430183832952719891e-01 2.425497763416943453e+00 1.242337395019804447e+00
4.434765201963011827e-01 2.427721201958198183e+00 1.243258470455874454e+00
4.439346570973304318e-01 2.429946678711575991e+00 1.244181240374096165e+00
4.443927939983596809e-01 2.432174195545493856e+00 1.245105713319037299e+00
4.448509308993889300e-01 2.434403754330080272e+00 1.246031897849354753e+00
4.453090678004181791e-01 2.436635356937178365e+00 1.246959802537854323e+00
4.457672047014473726e-01 2.438869005240347665e+00 1.247889435971556882e+00
4.462253416024766217e-01 2.441104701114864994e+00 1.248820806751755441e+00
4.466834785035058708e-01 2.443342446437726245e+00 1.249753923494077323e+00
4.471416154045351199e-01 2.445582243087647711e+00 1.250688794828547445e+00
4.475997523055643135e-01 2.447824092945067420e+00 1.251625429399648937e+00
4.480578892065935626e-01 2.450067997892148686e+00 1.252563835866385533e+00
4.485160261076228116e-01 2.452313959812778776e+00 1.253504022902343085e+00
4.489741630086520607e-01 2.454561980592572468e+00 1.254445999195751726e+00
4.494322999096813098e-01 2.456812062118872930e+00 1.255389773449548274e+00
4.498904368107105034e-01 2.459064206280753506e+00 1.256335354381438840e+00
4.503485737117397525e-01 2.461318414969019486e+00 1.257282750723961673e+00
4.508067106127690016e-01 2.463574690076208995e+00 1.258231971224547774e+00
4.512648475137982507e-01 2.465833033496595661e+00 1.259183024645585736e+00
4.517229844148274442e-01 2.468093447126188611e+00 1.260135919764483914e+00
4.521811213158566933e-01 2.470355932862735582e+00 1.261090665373732822e+00
4.526392582168859424e-01 2.472620492605724696e+00 1.262047270280968636e+00
4.530973951179151915e-01 2.474887128256384461e+00 1.263005743309037365e+00
4.535555320189444406e-01 2.477155841717685547e+00 1.263966093296055027e+00
4.540136689199736342e-01 2.479426634894344339e+00 1.264928329095475368e+00
4.544718058210028833e-01 2.481699509692823380e+00 1.265892459576150486e+00
4.549299427220321324e-01 2.483974468021331372e+00 1.266858493622394333e+00
4.553880796230613814e-01 2.486251511789828061e+00 1.267826440134049326e+00
4.558462165240905750e-01 2.488530642910022461e+00 1.268796308026546527e+00
4.563043534251198241e-01 2.490811863295377293e+00 1.269768106230972915e+00
4.567624903261490732e-01 2.493095174861108543e+00 1.270741843694133344e+00
4.572206272271783223e-01 2.495380579524188125e+00 1.271717529378616485e+00
4.576787641282075714e-01 2.497668079203345215e+00 1.272695172262857000e+00
4.581369010292367649e-01 2.499957675819067582e+00 1.273674781341203044e+00
4.585950379302660140e-01 2.502249371293604252e+00 1.274656365623978882e+00
4.590531748312952631e-01 2.504543167550965510e+00 1.275639934137550169e+00
4.595113117323245122e-01 2.506839066516926007e+00 1.276625495924388787e+00
4.599694486333537058e-01 2.509137070119025203e+00 1.277613060043137683e+00
4.604275855343829549e-01 2.511437180286570481e+00 1.278602635568678370e+00
4.608857224354122040e-01 2.513739398950636694e+00 1.279594231592191766e+00
4.613438593364414531e-01 2.516043728044068839e+00 1.280587857221227033e+00
4.618019962374707021e-01 2.518350169501485158e+00 1.281583521579766849e+00
4.622601331384998957e-01 2.520658725259275812e+00 1.282581233808292254e+00
4.627182700395291448e-01 2.522969397255606872e+00 1.283581003063847925e+00
4.631764069405583939e-01 2.525282187430420766e+00 1.284582838520110126e+00
4.636345438415876430e-01 2.527597097725438502e+00 1.285586749367451098e+00
4.640926807426168366e-01 2.529914130084160551e+00 1.286592744813005451e+00
4.645508176436460857e-01 2.532233286451870402e+00 1.287600834080737666e+00
4.650089545446753347e-01 2.534554568775632788e+00 1.288611026411506932e+00
4.654670914457045838e-01 2.536877979004298123e+00 1.289623331063135314e+00
4.659252283467338329e-01 2.539203519088504279e+00 1.290637757310473921e+00
4.663833652477630265e-01 2.541531190980675703e+00 1.291654314445469076e+00
4.668415021487922756e-01 2.543860996635027849e+00 1.292673011777230263e+00
4.672996390498215247e-01 2.546192938007566742e+00 1.293693858632097182e+00
4.677577759508507738e-01 2.548527017056092081e+00 1.294716864353707253e+00
4.682159128518799673e-01 2.550863235740197243e+00 1.295742038303061339e+00
4.686740497529092164e-01 2.553201596021273723e+00 1.296769389858594579e+00
4.691321866539384655e-01 2.555542099862509797e+00 1.297798928416240116e+00
4.695903235549677146e-01 2.557884749228893195e+00 1.298830663389500817e+00
4.700484604559969637e-01 2.560229546087213315e+00 1.299864604209514329e+00
4.705065973570261573e-01 2.562576492406062556e+00 1.300900760325122807e+00
4.709647342580554064e-01 2.564925590155838542e+00 1.301939141202940853e+00
4.714228711590846554e-01 2.567276841308743673e+00 1.302979756327423688e+00
4.718810080601139045e-01 2.569630247838789128e+00 1.304022615200935098e+00
4.723391449611430981e-01 2.571985811721795301e+00 1.305067727343817374e+00
4.727972818621723472e-01 2.574343534935394917e+00 1.306115102294460595e+00
4.732554187632015963e-01 2.576703419459032585e+00 1.307164749609369014e+00
4.737135556642308454e-01 2.579065467273967016e+00 1.308216678863232119e+00
4.741716925652600945e-01 2.581429680363274581e+00 1.309270899648994568e+00
4.746298294662892880e-01 2.583796060711847531e+00 1.310327421577923257e+00
4.750879663673185371e-01 2.586164610306399769e+00 1.311386254279679031e+00
4.755461032683477862e-01 2.588535331135465078e+00 1.312447407402385080e+00
4.760042401693770353e-01 2.590908225189400227e+00 1.313510890612697324e+00
4.764623770704062289e-01 2.593283294460387189e+00 1.314576713595874802e+00
4.769205139714354780e-01 2.595660540942434036e+00 1.315644886055848506e+00
4.773786508724647271e-01 2.598039966631375819e+00 1.316715417715292658e+00
4.778367877734939762e-01 2.600421573524878127e+00 1.317788318315695539e+00
4.782949246745232252e-01 2.602805363622437085e+00 1.318863597617428329e+00
4.787530615755524188e-01 2.605191338925382460e+00 1.319941265399818375e+00
4.792111984765816679e-01 2.607579501436878111e+00 1.321021331461217141e+00
4.796693353776109170e-01 2.609969853161924647e+00 1.322103805619073702e+00
4.801274722786401661e-01 2.612362396107360318e+00 1.323188697710004913e+00
4.805856091796693597e-01 2.614757132281862351e+00 1.324276017589866017e+00
4.810437460806986087e-01 2.617154063695950938e+00 1.325365775133823476e+00
4.815018829817278578e-01 2.619553192361988359e+00 1.326457980236426248e+00
4.819600198827571069e-01 2.621954520294181190e+00 1.327552642811676620e+00
4.824181567837863560e-01 2.624358049508582980e+00 1.328649772793102812e+00
4.828762936848155496e-01 2.626763782023094684e+00 1.329749380133831371e+00
4.833344305858447987e-01 2.629171719857469114e+00 1.330851474806659329e+00
4.837925674868740478e-01 2.631581865033308265e+00 1.331956066804125705e+00
4.842507043879032969e-01 2.633994219574068207e+00 1.333063166138585220e+00
4.847088412889324904e-01 2.636408785505059527e+00 1.334172782842280025e+00
4.851669781899617395e-01 2.638825564853449990e+00 1.335284926967413188e+00
4.856251150909909886e-01 2.641244559648265877e+00 1.336399608586221754e+00
4.860832519920202377e-01 2.643665771920392871e+00 1.337516837791049573e+00
4.865413888930494868e-01 2.646089203702577830e+00 1.338636624694420574e+00
4.869995257940786804e-01 2.648514857029431901e+00 1.339758979429112040e+00
4.874576626951079295e-01 2.650942733937431406e+00 1.340883912148229662e+00
4.879157995961371785e-01 2.653372836464919171e+00 1.342011433025279477e+00
4.883739364971664276e-01 2.655805166652106308e+00 1.343141552254243143e+00
4.888320733981956212e-01 2.658239726541074432e+00 1.344274280049650550e+00
4.892902102992248703e-01 2.660676518175777439e+00 1.345409626646657308e+00
4.897483472002541194e-01 2.663115543602042834e+00 1.346547602301114255e+00
4.902064841012833685e-01 2.665556804867572627e+00 1.347688217289646939e+00
4.906646210023126176e-01 2.668000304021946878e+00 1.348831481909726904e+00
4.911227579033418111e-01 2.670446043116624146e+00 1.349977406479749398e+00
4.915808948043710602e-01 2.672894024204943708e+00 1.351126001339105542e+00
4.920390317054003093e-01 2.675344249342126890e+00 1.352277276848260268e+00
4.924971686064295584e-01 2.677796720585279733e+00 1.353431243388826477e+00
4.929553055074587520e-01 2.680251439993392548e+00 1.354587911363639652e+00
4.934134424084880011e-01 2.682708409627344803e+00 1.355747291196836457e+00
4.938715793095172502e-01 2.685167631549903788e+00 1.356909393333927127e+00
4.943297162105464992e-01 2.687629107825729058e+00 1.358074228241874515e+00
4.947878531115757483e-01 2.690092840521371098e+00 1.359241806409168696e+00
4.952459900126049419e-01 2.692558831705276212e+00 1.360412138345903799e+00
4.957041269136341910e-01 2.695027083447786520e+00 1.361585234583855941e+00
4.961622638146634401e-01 2.697497597821142179e+00 1.362761105676556950e+00
4.966204007156926892e-01 2.699970376899481828e+00 1.363939762199374073e+00
4.970785376167218828e-01 2.702445422758846583e+00 1.365121214749585032e+00
4.975366745177511318e-01 2.704922737477180483e+00 1.366305473946457960e+00
4.979948114187803809e-01 2.707402323134332267e+00 1.367492550431326226e+00
4.984529483198096300e-01 2.709884181812057591e+00 1.368682454867667264e+00
4.989110852208388791e-01 2.712368315594019474e+00 1.369875197941180289e+00
4.993692221218680727e-01 2.714854726565791410e+00 1.371070790359864233e+00
4.998273590228973218e-01 2.717343416814860024e+00 1.372269242854095239e+00
5.002854959239265709e-01 2.719834388430624195e+00 1.373470566176706154e+00
5.007436328249558199e-01 2.722327643504398154e+00 1.374674771103064241e+00
5.012017697259850690e-01 2.724823184129413267e+00 1.375881868431149568e+00
5.016599066270143181e-01 2.727321012400820255e+00 1.377091868981635159e+00
5.021180435280435672e-01 2.729821130415690078e+00 1.378304783597964045e+00
5.025761804290727053e-01 2.732323540273016160e+00 1.379520623146430314e+00
5.030343173301019544e-01 2.734828244073716164e+00 1.380739398516257710e+00
5.034924542311312035e-01 2.737335243920633765e+00 1.381961120619678907e+00
5.039505911321604525e-01 2.739844541918539544e+00 1.383185800392015663e+00
5.044087280331897016e-01 2.742356140174134982e+00 1.384413448791758761e+00
5.048668649342189507e-01 2.744870040796050681e+00 1.385644076800647495e+00
5.053250018352481998e-01 2.747386245894852141e+00 1.386877695423750056e+00
5.057831387362774489e-01 2.749904757583038428e+00 1.388114315689545908e+00
5.062412756373066980e-01 2.752425577975045723e+00 1.389353948650003501e+00
5.066994125383358361e-01 2.754948709187247768e+00 1.390596605380661988e+00
5.071575494393650851e-01 2.757474153337959866e+00 1.391842296980714710e+00
5.076156863403943342e-01 2.760001912547437541e+00 1.393091034573085807e+00
5.080738232414235833e-01 2.762531988937880989e+00 1.394342829304516140e+00
5.085319601424528324e-01 2.765064384633435068e+00 1.395597692345641683e+00
5.089900970434820815e-01 2.767599101760192415e+00 1.396855634891076559e+00
5.094482339445113306e-01 2.770136142446194327e+00 1.398116668159494980e+00
5.099063708455405797e-01 2.772675508821432544e+00 1.399380803393713180e+00
5.103645077465698288e-01 2.775217203017852796e+00 1.400648051860772014e+00
5.108226446475989668e-01 2.777761227169352143e+00 1.401918424852018230e+00
5.112807815486282159e-01 2.780307583411788297e+00 1.403191933683189729e+00
5.117389184496574650e-01 2.782856273882972520e+00 1.404468589694494618e+00
5.121970553506867141e-01 2.785407300722678947e+00 1.405748404250698469e+00
5.126551922517159632e-01 2.787960666072640592e+00 1.407031388741204259e+00
5.131133291527452123e-01 2.790516372076556006e+00 1.408317554580137632e+00
5.135714660537744614e-01 2.793074420880087505e+00 1.409606913206429724e+00
5.140296029548037104e-01 2.795634814630864717e+00 1.410899476083901316e+00
5.144877398558329595e-01 2.798197555478486365e+00 1.412195254701347213e+00
5.149458767568620976e-01 2.800762645574520260e+00 1.413494260572619288e+00
5.154040136578913467e-01 2.803330087072509524e+00 1.414796505236712409e+00
5.158621505589205958e-01 2.805899882127968592e+00 1.416102000257847937e+00
5.163202874599498449e-01 2.808472032898388537e+00 1.417410757225558982e+00
5.167784243609790940e-01 2.811046541543238853e+00 1.418722787754774561e+00
5.172365612620083430e-01 2.813623410223968335e+00 1.420038103485906866e+00
5.176946981630375921e-01 2.816202641104005977e+00 1.421356716084933414e+00
5.181528350640668412e-01 2.818784236348766292e+00 1.422678637243486754e+00
5.186109719650960903e-01 2.821368198125647098e+00 1.424003878678936186e+00
5.190691088661252284e-01 2.823954528604032621e+00 1.425332452134476346e+00
5.195272457671544775e-01 2.826543229955297942e+00 1.426664369379212927e+00
5.199853826681837266e-01 2.829134304352806772e+00 1.427999642208248154e+00
5.204435195692129756e-01 2.831727753971915895e+00 1.429338282442768282e+00
5.209016564702422247e-01 2.834323580989975611e+00 1.430680301930129961e+00
5.213597933712714738e-01 2.836921787586333288e+00 1.432025712543947282e+00
5.218179302723007229e-01 2.839522375942332477e+00 1.433374526184179487e+00
5.222760671733299720e-01 2.842125348241317795e+00 1.434726754777217117e+00
5.227342040743592211e-01 2.844730706668634479e+00 1.436082410275971721e+00
5.231923409753883591e-01 2.847338453411631054e+00 1.437441504659960234e+00
5.236504778764176082e-01 2.849948590659662440e+00 1.438804049935397789e+00
5.241086147774468573e-01 2.852561120604089506e+00 1.440170058135282094e+00
5.245667516784761064e-01 2.855176045438281296e+00 1.441539541319481810e+00
5.250248885795053555e-01 2.857793367357618131e+00 1.442912511574828471e+00
5.254830254805346046e-01 2.860413088559493833e+00 1.444288981015202200e+00
5.259411623815638537e-01 2.863035211243314393e+00 1.445668961781621853e+00
5.263992992825931028e-01 2.865659737610504187e+00 1.447052466042334729e+00
5.268574361836223519e-01 2.868286669864504201e+00 1.448439505992905385e+00
5.273155730846514899e-01 2.870916010210775138e+00 1.449830093856305124e+00
5.277737099856807390e-01 2.873547760856801414e+00 1.451224241883003696e+00
5.282318468867099881e-01 2.876181924012088498e+00 1.452621962351056117e+00
5.286899837877392372e-01 2.878818501888169124e+00 1.454023267566197264e+00
5.291481206887684863e-01 2.881457496698602849e+00 1.455428169861927801e+00
5.296062575897977354e-01 2.884098910658976944e+00 1.456836681599608108e+00
5.300643944908269845e-01 2.886742745986912606e+00 1.458248815168548873e+00
5.305225313918562335e-01 2.889389004902060520e+00 1.459664582986101244e+00
5.309806682928854826e-01 2.892037689626109298e+00 1.461083997497748310e+00
5.314388051939146207e-01 2.894688802382781478e+00 1.462507071177198359e+00
5.318969420949438698e-01 2.897342345397840191e+00 1.463933816526474807e+00
5.323550789959731189e-01 2.899998320899087823e+00 1.465364246076008126e+00
5.328132158970023680e-01 2.902656731116369571e+00 1.466798372384731319e+00
5.332713527980316170e-01 2.905317578281572999e+00 1.468236208040167190e+00
5.337294896990608661e-01 2.907980864628634254e+00 1.469677765658526258e+00
5.341876266000901152e-01 2.910646592393535403e+00 1.471123057884796248e+00
5.346457635011193643e-01 2.913314763814308872e+00 1.472572097392836232e+00
5.351039004021486134e-01 2.915985381131038778e+00 1.474024896885470781e+00
5.355620373031777515e-01 2.918658446585861821e+00 1.475481469094582998e+00
5.360201742042070006e-01 2.921333962422972164e+00 1.476941826781207556e+00
5.364783111052362496e-01 2.924011930888618771e+00 1.478405982735626178e+00
5.369364480062654987e-01 2.926692354231111182e+00 1.479873949777461561e+00
5.373945849072947478e-01 2.929375234700819508e+00 1.481345740755770635e+00
5.378527218083239969e-01 2.932060574550176657e+00 1.482821368549140706e+00
5.383108587093532460e-01 2.934748376033680994e+00 1.484300846065784274e+00
5.387689956103824951e-01 2.937438641407896345e+00 1.485784186243633176e+00
5.392271325114117442e-01 2.940131372931456433e+00 1.487271402050435620e+00
5.396852694124408822e-01 2.942826572865063550e+00 1.488762506483849890e+00
5.401434063134701313e-01 2.945524243471495662e+00 1.490257512571542931e+00
5.406015432144993804e-01 2.948224387015601966e+00 1.491756433371283386e+00
5.410596801155286295e-01 2.950927005764308664e+00 1.493259281971039965e+00
5.415178170165578786e-01 2.953632101986620739e+00 1.494766071489077586e+00
5.419759539175871277e-01 2.956339677953622402e+00 1.496276815074053745e+00
5.424340908186163768e-01 2.959049735938479753e+00 1.497791525905115773e+00
5.428922277196456259e-01 2.961762278216443889e+00 1.499310217191998751e+00
5.433503646206748749e-01 2.964477307064849576e+00 1.500832902175122552e+00
5.438085015217040130e-01 2.967194824763119687e+00 1.502359594125688425e+00
5.442666384227332621e-01 2.969914833592769643e+00 1.503890306345780026e+00
5.447247753237625112e-01 2.972637335837402084e+00 1.505425052168457789e+00
5.451829122247917603e-01 2.975362333782715307e+00 1.506963844957860399e+00
5.456410491258210094e-01 2.978089829716502823e+00 1.508506698109303379e+00
5.460991860268502585e-01 2.980819825928654243e+00 1.510053625049374570e+00
5.465573229278795075e-01 2.983552324711159276e+00 1.511604639236037606e+00
5.470154598289087566e-01 2.986287328358108617e+00 1.513159754158729609e+00
5.474735967299380057e-01 2.989024839165695280e+00 1.514718983338460667e+00
5.479317336309671438e-01 2.991764859432217705e+00 1.516282340327913758e+00
5.483898705319963929e-01 2.994507391458081536e+00 1.517849838711544663e+00
5.488480074330256420e-01 2.997252437545800952e+00 1.519421492105684113e+00
5.493061443340548911e-01 3.000000000000000444e+00 1.520997314158635705e+00
