# tau=beta*t, lambda=exp[(gamma_dot/beta)*tau], sigma_norm=sigma/mu
# tau lambda sigma_over_mu
0.000000000000000000e+00 1.000000000000000000e+00 0.000000000000000000e+00
9.162738020584733703e-03 1.000916693709138716e+00 2.034402482505054399e-02
1.832547604116946741e-02 1.001834227745634021e+00 4.044611947417910136e-02
2.748821406175420284e-02 1.002752602879808386e+00 6.030896666889275226e-02
3.665095208233893481e-02 1.003671819882690830e+00 7.993521943997193568e-02
4.581369010292366678e-02 1.004591879526017140e+00 9.932750145723769075e-02
5.497642812350840569e-02 1.005512782582230535e+00 1.184884073556476819e-01
6.413916614409313766e-02 1.006434529824482338e+00 1.374205030577548559e-01
7.330190416467786962e-02 1.007357122026632634e+00 1.561263260925712937e-01
8.246464218526260159e-02 1.008280559963250500e+00 1.746083859108639724e-01
9.162738020584733356e-02 1.009204844409615776e+00 1.928691641969667303e-01
1.007901182264320655e-01 1.010129976141718400e+00 2.109111151770650672e-01
1.099528562470168114e-01 1.011055955936260187e+00 2.287366659240924194e-01
1.191155942676015433e-01 1.011982784570654159e+00 2.463482166591774991e-01
1.282783322881862753e-01 1.012910462823026991e+00 2.637481410497909962e-01
1.374410703087710073e-01 1.013838991472217677e+00 2.809387865044961630e-01
1.466038083293557392e-01 1.014768371297779748e+00 2.979224744644787259e-01
1.557665463499404712e-01 1.015698603079981499e+00 3.147015006917916469e-01
1.649292843705252032e-01 1.016629687599805987e+00 3.312781355543792938e-01
1.740920223911099352e-01 1.017561625638952583e+00 3.476546243079558507e-01
1.832547604116946671e-01 1.018494417979836753e+00 3.638331873747073231e-01
1.924174984322793991e-01 1.019428065405591832e+00 3.798160206189231669e-01
2.015802364528641311e-01 1.020362568700068806e+00 3.956052956195214576e-01
2.107429744734488630e-01 1.021297928647836750e+00 4.112031599395470916e-01
2.199057124940336228e-01 1.022234146034184832e+00 4.266117373926941458e-01
2.290684505146183547e-01 1.023171221645121198e+00 4.418331283068049342e-01
2.382311885352030867e-01 1.024109156267375198e+00 4.568694097844887003e-01
2.473939265557878187e-01 1.025047950688396936e+00 4.717226359607923358e-01
2.565566645763725506e-01 1.025987605696358607e+00 4.863948382580285945e-01
2.657194025969572548e-01 1.026928122080154715e+00 5.008880256377487017e-01
2.748821406175420146e-01 1.027869500629403410e+00 5.152041848499229193e-01
2.840448786381267188e-01 1.028811742134446039e+00 5.293452806793195187e-01
2.932076166587114785e-01 1.029754847386348704e+00 5.433132561891695911e-01
3.023703546792962382e-01 1.030698817176902926e+00 5.571100329621033742e-01
3.115330926998809424e-01 1.031643652298625868e+00 5.707375113383960086e-01
3.206958307204657022e-01 1.032589353544761002e+00 5.841975706515676325e-01
3.298585687410504064e-01 1.033535921709279215e+00 5.974920694613659045e-01
3.390213067616351661e-01 1.034483357586879038e+00 6.106228457841391677e-01
3.481840447822198703e-01 1.035431661972987749e+00 6.235917173206583231e-01
3.573467828028046300e-01 1.036380835663761601e+00 6.364004816813895182e-01
3.665095208233893342e-01 1.037330879456086485e+00 6.490509166092643945e-01
3.756722588439740940e-01 1.038281794147579262e+00 6.615447801999768673e-01
3.848349968645587982e-01 1.039233580536587764e+00 6.738838111198129921e-01
3.939977348851435579e-01 1.040186239422191461e+00 6.860697288210623190e-01
4.031604729057282621e-01 1.041139771604202569e+00 6.981042337550358301e-01
4.123232109263130218e-01 1.042094177883166273e+00 7.099890075827038904e-01
4.214859489468977261e-01 1.043049459060362061e+00 7.217257133830017324e-01
4.306486869674824858e-01 1.044005615937803277e+00 7.333159958587942562e-01
4.398114249880672455e-01 1.044962649318238901e+00 7.447614815405763089e-01
4.489741630086519497e-01 1.045920560005153988e+00 7.560637789878893456e-01
4.581369010292367094e-01 1.046879348802769671e+00 7.672244789884916649e-01
4.672996390498214136e-01 1.047839016516044497e+00 7.782451547553257409e-01
4.764623770704061734e-01 1.048799563950675084e+00 7.891273621212898659e-01
4.856251150909908776e-01 1.049760991913096131e+00 7.998726397318306480e-01
4.947878531115756373e-01 1.050723301210482186e+00 8.104825092354158711e-01
5.039505911321603415e-01 1.051686492650747429e+00 8.209584754718642907e-01
5.131133291527451012e-01 1.052650567042546559e+00 8.313020266585923190e-01
5.222760671733298610e-01 1.053615525195275904e+00 8.415146345747905876e-01
5.314388051939145097e-01 1.054581367919073198e+00 8.515977547435406025e-01
5.406015432144992694e-01 1.055548096024819804e+00 8.615528266119253376e-01
5.497642812350840291e-01 1.056515710324139157e+00 8.713812737291042332e-01
5.589270192556687888e-01 1.057484211629399651e+00 8.810845039224465269e-01
5.680897572762534375e-01 1.058453600753713753e+00 8.906639094716716221e-01
5.772524952968381973e-01 1.059423878510939998e+00 9.001208672810807609e-01
5.864152333174229570e-01 1.060395045715682549e+00 9.094567390498473625e-01
5.955779713380077167e-01 1.061367103183292082e+00 9.186728714404279739e-01
6.047407093585924764e-01 1.062340051729866897e+00 9.277705962451042732e-01
6.139034473791771251e-01 1.063313892172254027e+00 9.367512305506682235e-01
6.230661853997618849e-01 1.064288625328048132e+00 9.456160769012622591e-01
6.322289234203466446e-01 1.065264252015594382e+00 9.543664234594394502e-01
6.413916614409314043e-01 1.066240773053987567e+00 9.630035441654025696e-01
6.505543994615160530e-01 1.067218189263073436e+00 9.715286988944904500e-01
6.597171374821008127e-01 1.068196501463449355e+00 9.799431336129108550e-01
6.688798755026855725e-01 1.069175710476464980e+00 9.882480805317378492e-01
6.780426135232703322e-01 1.070155817124222697e+00 9.964447582591999808e-01
6.872053515438549809e-01 1.071136822229578733e+00 1.004534371951277816e+00
6.963680895644397406e-01 1.072118726616143602e+00 1.012518113460623592e+00
7.055308275850245003e-01 1.073101531108282547e+00 1.020397161483826531e+00
7.146935656056092601e-01 1.074085236531116649e+00 1.028172681707045566e+00
7.238563036261939088e-01 1.075069843710523720e+00 1.035845826950023696e+00
7.330190416467786685e-01 1.076055353473137854e+00 1.043417737308487858e+00
7.421817796673634282e-01 1.077041766646351872e+00 1.050889540294993152e+00
7.513445176879481879e-01 1.078029084058316212e+00 1.058262350978173227e+00
7.605072557085329477e-01 1.079017306537941145e+00 1.065537272120468781e+00
7.696699937291175964e-01 1.080006434914896563e+00 1.072715394314304849e+00
7.788327317497023561e-01 1.080996470019612410e+00 1.079797796116766184e+00
7.879954697702871158e-01 1.081987412683280692e+00 1.086785544182782504e+00
7.971582077908718755e-01 1.082979263737854803e+00 1.093679693396817143e+00
8.063209458114565242e-01 1.083972024016051083e+00 1.100481287003108433e+00
8.154836838320412840e-01 1.084965694351349041e+00 1.107191356734456678e+00
8.246464218526260437e-01 1.085960275577992240e+00 1.113810922939581394e+00
8.338091598732108034e-01 1.086955768530989186e+00 1.120340994709067672e+00
8.429718978937954521e-01 1.087952174046113774e+00 1.126782569999910777e+00
8.521346359143802118e-01 1.088949492959905729e+00 1.133136635758674071e+00
8.612973739349649716e-01 1.089947726109671944e+00 1.139404168043290921e+00
8.704601119555497313e-01 1.090946874333486916e+00 1.145586132143500580e+00
8.796228499761344910e-01 1.091946938470192974e+00 1.151683482699954020e+00
8.887855879967191397e-01 1.092947919359401832e+00 1.157697163821999942e+00
8.979483260173038994e-01 1.093949817841495031e+00 1.163628109204156047e+00
9.071110640378886592e-01 1.094952634757623944e+00 1.169477242241289350e+00
9.162738020584734189e-01 1.095956370949711101e+00 1.175245476142520396e+00
9.254365400790580676e-01 1.096961027260451305e+00 1.180933714043864269e+00
9.345992780996428273e-01 1.097966604533311408e+00 1.186542849119614385e+00
9.437620161202275870e-01 1.098973103612531643e+00 1.192073764692496374e+00
9.529247541408123467e-01 1.099980525343126070e+00 1.197527334342596284e+00
9.620874921613969954e-01 1.100988870570883238e+00 1.202904422015080188e+00
9.712502301819817552e-01 1.101998140142367300e+00 1.208205882126720754e+00
9.804129682025665149e-01 1.103008334904918453e+00 1.213432559671239197e+00
9.895757062231512746e-01 1.104019455706653607e+00 1.218585290323475734e+00
9.987384442437359233e-01 1.105031503396466608e+00 1.223664900542407841e+00
1.007901182264320683e+00 1.106044478824030453e+00 1.228672207673028760e+00
1.017063920284905443e+00 1.107058382839796185e+00 1.233608020047085363e+00
1.026226658305490202e+00 1.108073216294994667e+00 1.238473137082707121e+00
1.035389396326074962e+00 1.109088980041637473e+00 1.243268349382928406e+00
1.044552134346659722e+00 1.110105674932516884e+00 1.247994438833112785e+00
1.053714872367244482e+00 1.111123301821206777e+00 1.252652178697302832e+00
1.062877610387829019e+00 1.112141861562063738e+00 1.257242333713496141e+00
1.072040348408413779e+00 1.113161355010227727e+00 1.261765660187868621e+00
1.081203086428998539e+00 1.114181783021622074e+00 1.266222906087948630e+00
1.090365824449583299e+00 1.115203146452955041e+00 1.270614811134760380e+00
1.099528562470168058e+00 1.116225446161720258e+00 1.274942106893947047e+00
1.108691300490752818e+00 1.117248683006197396e+00 1.279205516865876247e+00
1.117854038511337578e+00 1.118272857845452606e+00 1.283405756574754975e+00
1.127016776531922337e+00 1.119297971539340297e+00 1.287543533656750672e+00
1.136179514552506875e+00 1.120324024948502251e+00 1.291619547947135738e+00
1.145342252573091635e+00 1.121351018934369614e+00 1.295634491566468594e+00
1.154504990593676395e+00 1.122378954359163128e+00 1.299589049005815955e+00
1.163667728614261154e+00 1.123407832085894009e+00 1.303483897211030973e+00
1.172830466634845914e+00 1.124437652978364399e+00 1.307319705666099674e+00
1.181993204655430674e+00 1.125468417901168472e+00 1.311097136475558367e+00
1.191155942676015433e+00 1.126500127719692879e+00 1.314816844446003774e+00
1.200318680696600193e+00 1.127532783300117414e+00 1.318479477166690561e+00
1.209481418717184953e+00 1.128566385509416570e+00 1.322085675089249346e+00
1.218644156737769491e+00 1.129600935215358426e+00 1.325636071606502098e+00
1.227806894758354250e+00 1.130636433286507758e+00 1.329131293130424440e+00
1.236969632778939010e+00 1.131672880592224484e+00 1.332571959169227105e+00
1.246132370799523770e+00 1.132710278002666549e+00 1.335958682403594056e+00
1.255295108820108529e+00 1.133748626388788372e+00 1.339292068762066412e+00
1.264457846840693289e+00 1.134787926622343734e+00 1.342572717495603474e+00
1.273620584861278049e+00 1.135828179575885111e+00 1.345801221251304636e+00
1.282783322881862809e+00 1.136869386122764780e+00 1.348978166145319957e+00
1.291946060902447346e+00 1.137911547137136159e+00 1.352104131834958034e+00
1.301108798923032106e+00 1.138954663493953134e+00 1.355179691589982083e+00
1.310271536943616866e+00 1.139998736068972285e+00 1.358205412363129749e+00
1.319434274964201625e+00 1.141043765738752880e+00 1.361181854859843110e+00
1.328597012984786385e+00 1.142089753380657768e+00 1.364109573607229287e+00
1.337759751005371145e+00 1.143136699872853601e+00 1.366989117022253897e+00
1.346922489025955905e+00 1.144184606094312828e+00 1.369821027479187769e+00
1.356085227046540664e+00 1.145233472924812812e+00 1.372605841376293823e+00
1.365247965067125424e+00 1.146283301244938269e+00 1.375344089201785414e+00
1.374410703087709962e+00 1.147334091936080380e+00 1.378036295599050609e+00
1.383573441108294722e+00 1.148385845880438572e+00 1.380682979431151924e+00
1.392736179128879481e+00 1.149438563961021176e+00 1.383284653844617740e+00
1.401898917149464241e+00 1.150492247061645879e+00 1.385841826332518290e+00
1.411061655170049001e+00 1.151546896066940162e+00 1.388354998796853312e+00
1.420224393190633760e+00 1.152602511862343082e+00 1.390824667610240706e+00
1.429387131211218520e+00 1.153659095334104823e+00 1.393251323676925280e+00
1.438549869231803280e+00 1.154716647369288474e+00 1.395635452493114714e+00
1.447712607252387818e+00 1.155775168855769808e+00 1.397977534206639616e+00
1.456875345272972577e+00 1.156834660682238614e+00 1.400278043675963424e+00
1.466038083293557337e+00 1.157895123738199805e+00 1.402537450528530405e+00
1.475200821314142097e+00 1.158956558913972978e+00 1.404756219218471491e+00
1.484363559334726856e+00 1.160018967100694631e+00 1.406934809083671967e+00
1.493526297355311616e+00 1.161082349190317498e+00 1.409073674402204768e+00
1.502689035375896376e+00 1.162146706075612546e+00 1.411173264448140729e+00
1.511851773396481136e+00 1.163212038650168312e+00 1.413234023546741325e+00
1.521014511417065895e+00 1.164278347808393566e+00 1.415256391129041891e+00
1.530177249437650433e+00 1.165345634445515977e+00 1.417240801785824900e+00
1.539339987458235193e+00 1.166413899457584558e+00 1.419187685321003922e+00
1.548502725478819952e+00 1.167483143741469220e+00 1.421097466804409404e+00
1.557665463499404712e+00 1.168553368194862774e+00 1.422970566623998678e+00
1.566828201519989472e+00 1.169624573716280036e+00 1.424807400537476676e+00
1.575990939540574232e+00 1.170696761205059833e+00 1.426608379723356856e+00
1.585153677561158991e+00 1.171769931561365663e+00 1.428373910831451488e+00
1.594316415581743751e+00 1.172844085686185922e+00 1.430104396032802594e+00
1.603479153602328289e+00 1.173919224481335011e+00 1.431800233069064232e+00
1.612641891622913048e+00 1.174995348849454224e+00 1.433461815301333875e+00
1.621804629643497808e+00 1.176072459694011973e+00 1.435089531758446890e+00
1.630967367664082568e+00 1.177150557919304674e+00 1.436683767184736560e+00
1.640130105684667328e+00 1.178229644430458523e+00 1.438244902087264521e+00
1.649292843705252087e+00 1.179309720133428829e+00 1.439773312782528292e+00
1.658455581725836847e+00 1.180390785935001352e+00 1.441269371442653657e+00
1.667618319746421607e+00 1.181472842742793405e+00 1.442733446141075682e+00
1.676781057767006367e+00 1.182555891465254083e+00 1.444165900897715238e+00
1.685943795787590904e+00 1.183639933011665368e+00 1.445567095723652828e+00
1.695106533808175664e+00 1.184724968292142577e+00 1.446937386665312353e+00
1.704269271828760424e+00 1.185810998217635692e+00 1.448277125848155489e+00
1.713432009849345183e+00 1.186898023699929361e+00 1.449586661519887132e+00
1.722594747869929943e+00 1.187986045651644451e+00 1.450866338093193875e+00
1.731757485890514703e+00 1.189075064986238051e+00 1.452116496187999983e+00
1.740920223911099463e+00 1.190165082618004577e+00 1.453337472673259523e+00
1.750082961931684222e+00 1.191256099462077334e+00 1.454529600708289738e+00
1.759245699952268982e+00 1.192348116434427396e+00 1.455693209783642805e+00
1.768408437972853520e+00 1.193441134451866281e+00 1.456828625761527718e+00
1.777571175993438279e+00 1.194535154432045720e+00 1.457936170915785423e+00
1.786733914014023039e+00 1.195630177293458773e+00 1.459016163971421198e+00
1.795896652034607799e+00 1.196726203955440271e+00 1.460068920143700710e+00
1.805059390055192559e+00 1.197823235338167702e+00 1.461094751176814421e+00
1.814222128075777318e+00 1.198921272362662549e+00 1.462093965382113003e+00
1.823384866096362078e+00 1.200020315950790062e+00 1.463066867675920868e+00
1.832547604116946838e+00 1.201120367025260816e+00 1.464013759616934474e+00
1.841710342137531375e+00 1.202221426509631375e+00 1.464934939443201856e+00
1.850873080158116135e+00 1.203323495328304737e+00 1.465830702108698702e+00
1.860035818178700895e+00 1.204426574406531003e+00 1.466701339319495201e+00
1.869198556199285655e+00 1.205530664670409147e+00 1.467547139569529646e+00
1.878361294219870414e+00 1.206635767046886354e+00 1.468368388175980810e+00
1.887524032240455174e+00 1.207741882463760241e+00 1.469165367314251291e+00
1.896686770261039934e+00 1.208849011849678190e+00 1.469938356052567396e+00
1.905849508281624693e+00 1.209957156134139344e+00 1.470687630386192435e+00
1.915012246302209453e+00 1.211066316247495056e+00 1.471413463271262545e+00
1.924174984322793991e+00 1.212176493120949106e+00 1.472116124658253256e+00
1.933337722343378751e+00 1.213287687686559035e+00 1.472795881525070127e+00
1.942500460363963510e+00 1.214399900877236815e+00 1.473452997909775908e+00
1.951663198384548270e+00 1.215513133626749731e+00 1.474087734942962413e+00
1.960825936405133030e+00 1.216627386869721050e+00 1.474700350879752708e+00
1.969988674425717790e+00 1.217742661541630467e+00 1.475291101131460891e+00
1.979151412446302549e+00 1.218858958578815654e+00 1.475860238296895055e+00
1.988314150466887309e+00 1.219976278918472268e+00 1.476408012193320740e+00
1.997476888487471847e+00 1.221094623498655274e+00 1.476934669887075335e+00
2.006639626508056828e+00 1.222213993258279841e+00 1.477440455723849189e+00
2.015802364528641366e+00 1.223334389137121114e+00 1.477925611358633429e+00
2.024965102549226348e+00 1.224455812075816219e+00 1.478390375785330058e+00
2.034127840569810886e+00 1.225578263015864477e+00 1.478834985366044519e+00
2.043290578590395423e+00 1.226701742899628522e+00 1.479259673860046975e+00
2.052453316610980405e+00 1.227826252670334073e+00 1.479664672452418728e+00
2.061616054631564943e+00 1.228951793272072601e+00 1.480050209782379556e+00
2.070778792652149924e+00 1.230078365649799998e+00 1.480416511971303972e+00
2.079941530672734462e+00 1.231205970749338796e+00 1.480763802650426841e+00
2.089104268693319444e+00 1.232334609517378832e+00 1.481092302988244569e+00
2.098267006713903982e+00 1.233464282901477471e+00 1.481402231717612095e+00
2.107429744734488963e+00 1.234594991850060719e+00 1.481693805162543010e+00
2.116592482755073501e+00 1.235726737312423884e+00 1.481967237264710358e+00
2.125755220775658039e+00 1.236859520238732690e+00 1.482222739609660778e+00
2.134917958796243020e+00 1.237993341580024165e+00 1.482460521452731328e+00
2.144080696816827558e+00 1.239128202288206193e+00 1.482680789744688754e+00
2.153243434837412540e+00 1.240264103316060185e+00 1.482883749157077657e+00
2.162406172857997078e+00 1.241401045617240850e+00 1.483069602107296214e+00
2.171568910878582059e+00 1.242539030146276424e+00 1.483238548783390121e+00
2.180731648899166597e+00 1.243678057858570885e+00 1.483390787168575198e+00
2.189894386919751135e+00 1.244818129710403731e+00 1.483526513065487773e+00
2.199057124940336116e+00 1.245959246658931319e+00 1.483645920120169714e+00
2.208219862960920654e+00 1.247101409662186855e+00 1.483749199845788791e+00
2.217382600981505636e+00 1.248244619679082401e+00 1.483836541646093465e+00
2.226545339002090174e+00 1.249388877669408426e+00 1.483908132838613669e+00
2.235708077022675155e+00 1.250534184593836029e+00 1.483964158677600897e+00
2.244870815043259693e+00 1.251680541413916270e+00 1.484004802376723164e+00
2.254033553063844675e+00 1.252827949092081949e+00 1.484030245131498837e+00
2.263196291084429213e+00 1.253976408591647829e+00 1.484040666141490439e+00
2.272359029105013750e+00 1.255125920876812184e+00 1.484036242632253311e+00
2.281521767125598732e+00 1.256276486912657031e+00 1.484017149877038033e+00
2.290684505146183270e+00 1.257428107665148787e+00 1.483983561218258140e+00
2.299847243166768251e+00 1.258580784101139827e+00 1.483935648088716919e+00
2.309009981187352789e+00 1.259734517188368264e+00 1.483873580032603501e+00
2.318172719207937771e+00 1.260889307895459943e+00 1.483797524726255368e+00
2.327335457228522309e+00 1.262045157191928002e+00 1.483707647998693036e+00
2.336498195249107290e+00 1.263202066048175087e+00 1.483604113851926698e+00
2.345660933269691828e+00 1.264360035435492469e+00 1.483487084481041274e+00
2.354823671290276366e+00 1.265519066326062703e+00 1.483356720294057629e+00
2.363986409310861347e+00 1.266679159692958967e+00 1.483213179931576420e+00
2.373149147331445885e+00 1.267840316510146836e+00 1.483056620286204774e+00
2.382311885352030867e+00 1.269002537752484283e+00 1.482887196521768480e+00
2.391474623372615405e+00 1.270165824395723009e+00 1.482705062092313231e+00
2.400637361393200386e+00 1.271330177416509777e+00 1.482510368760894481e+00
2.409800099413784924e+00 1.272495597792385746e+00 1.482303266618163917e+00
2.418962837434369906e+00 1.273662086501788915e+00 1.482083904100745864e+00
2.428125575454954443e+00 1.274829644524053673e+00 1.481852428009416300e+00
2.437288313475538981e+00 1.275998272839412584e+00 1.481608983527076262e+00
2.446451051496123963e+00 1.277167972428996379e+00 1.481353714236533836e+00
2.455613789516708501e+00 1.278338744274835515e+00 1.481086762138082769e+00
2.464776527537293482e+00 1.279510589359860839e+00 1.480808267666891886e+00
2.473939265557878020e+00 1.280683508667903370e+00 1.480518369710202897e+00
2.483102003578463002e+00 1.281857503183697178e+00 1.480217205624335675e+00
2.492264741599047539e+00 1.283032573892877837e+00 1.479904911251509025e+00
2.501427479619632521e+00 1.284208721781985751e+00 1.479581620936475606e+00
2.510590217640217059e+00 1.285385947838464382e+00 1.479247467542972538e+00
2.519752955660801597e+00 1.286564253050663353e+00 1.478902582469990401e+00
2.528915693681386578e+00 1.287743638407837787e+00 1.478547095667864797e+00
2.538078431701971116e+00 1.288924104900149636e+00 1.478181135654188960e+00
2.547241169722556098e+00 1.290105653518669016e+00 1.477804829529552721e+00
2.556403907743140635e+00 1.291288285255373980e+00 1.477418302993105392e+00
2.565566645763725617e+00 1.292472001103152301e+00 1.477021680357950340e+00
2.574729383784310155e+00 1.293656802055801691e+00 1.476615084566367697e+00
2.583892121804894693e+00 1.294842689108030687e+00 1.476198637204870101e+00
2.593054859825479674e+00 1.296029663255460429e+00 1.475772458519093000e+00
2.602217597846064212e+00 1.297217725494623997e+00 1.475336667428519988e+00
2.611380335866649194e+00 1.298406876822968181e+00 1.474891381541046931e+00
2.620543073887233732e+00 1.299597118238854376e+00 1.474436717167385336e+00
2.629705811907818713e+00 1.300788450741559021e+00 1.473972789335306732e+00
2.638868549928403251e+00 1.301980875331274046e+00 1.473499711803730294e+00
2.648031287948988233e+00 1.303174393009109311e+00 1.473017597076656360e+00
2.657194025969572770e+00 1.304369004777091501e+00 1.472526556416944077e+00
2.666356763990157308e+00 1.305564711638166342e+00 1.472026699859940724e+00
2.675519502010742290e+00 1.306761514596198603e+00 1.471518136226956264e+00
2.684682240031326828e+00 1.307959414655973651e+00 1.471000973138596457e+00
2.693844978051911809e+00 1.309158412823197670e+00 1.470475317027940099e+00
2.703007716072496347e+00 1.310358510104498775e+00 1.469941273153581029e+00
2.712170454093081329e+00 1.311559707507428119e+00 1.469398945612517826e+00
2.721333192113665866e+00 1.312762006040460117e+00 1.468848437352906933e+00
2.730495930134250848e+00 1.313965406712993778e+00 1.468289850186674572e+00
2.739658668154835386e+00 1.315169910535353592e+00 1.467723284801987216e+00
2.748821406175419924e+00 1.316375518518789978e+00 1.467148840775588159e+00
2.757984144196004905e+00 1.317582231675480609e+00 1.466566616584996208e+00
2.767146882216589443e+00 1.318790051018530418e+00 1.465976709620570473e+00
2.776309620237174425e+00 1.319998977561974041e+00 1.465379216197442380e+00
2.785472358257758962e+00 1.321209012320774701e+00 1.464774231567317564e+00
2.794635096278343944e+00 1.322420156310826655e+00 1.464161849930145864e+00
2.803797834298928482e+00 1.323632410548955196e+00 1.463542164445663873e+00
2.812960572319513464e+00 1.324845776052917756e+00 1.462915267244810025e+00
2.822123310340098001e+00 1.326060253841404579e+00 1.462281249441016451e+00
2.831286048360682539e+00 1.327275844934039828e+00 1.461640201141370943e+00
2.840448786381267521e+00 1.328492550351382917e+00 1.460992211457663448e+00
2.849611524401852058e+00 1.329710371114927625e+00 1.460337368517305334e+00
2.858774262422437040e+00 1.330929308247105425e+00 1.459675759474129642e+00
2.867937000443021578e+00 1.332149362771283929e+00 1.459007470519075644e+00
2.877099738463606560e+00 1.333370535711769778e+00 1.458332586890751292e+00
2.886262476484191097e+00 1.334592828093807748e+00 1.457651192885883074e+00
2.895425214504775635e+00 1.335816240943582978e+00 1.456963371869648860e+00
2.904587952525360617e+00 1.337040775288221406e+00 1.456269206285896400e+00
2.913750690545945154e+00 1.338266432155790220e+00 1.455568777667254121e+00
2.922913428566530136e+00 1.339493212575299186e+00 1.454862166645123800e+00
2.932076166587114674e+00 1.340721117576700872e+00 1.454149452959569322e+00
2.941238904607699656e+00 1.341950148190893088e+00 1.453430715469091528e+00
2.950401642628284193e+00 1.343180305449717560e+00 1.452706032160300476e+00
2.959564380648869175e+00 1.344411590385962363e+00 1.451975480157478238e+00
2.968727118669453713e+00 1.345644004033362595e+00 1.451239135732037111e+00
2.977889856690038251e+00 1.346877547426600374e+00 1.450497074311873247e+00
2.987052594710623232e+00 1.348112221601306615e+00 1.449749370490619693e+00
2.996215332731207770e+00 1.349348027594061694e+00 1.448996098036795299e+00
3.005378070751792752e+00 1.350584966442395896e+00 1.448237329902853920e+00
3.014540808772377289e+00 1.351823039184791186e+00 1.447473138234132817e+00
3.023703546792962271e+00 1.353062246860680773e+00 1.446703594377707125e+00
3.032866284813546809e+00 1.354302590510451099e+00 1.445928768891139748e+00
3.042029022834131791e+00 1.355544071175442511e+00 1.445148731551141541e+00
3.051191760854716328e+00 1.356786689897949483e+00 1.444363551362133347e+00
3.060354498875300866e+00 1.358030447721221945e+00 1.443573296564713671e+00
3.069517236895885848e+00 1.359275345689467063e+00 1.442778034644033314e+00
3.078679974916470385e+00 1.360521384847848125e+00 1.441977832338082077e+00
3.087842712937055367e+00 1.361768566242486989e+00 1.441172755645874881e+00
3.097005450957639905e+00 1.363016890920464297e+00 1.440362869835559279e+00
3.106168188978224887e+00 1.364266359929821038e+00 1.439548239452424605e+00
3.115330926998809424e+00 1.365516974319558319e+00 1.438728928326830081e+00
3.124493665019394406e+00 1.366768735139639368e+00 1.437904999582039656e+00
3.133656403039978944e+00 1.368021643440989532e+00 1.437076515641975361e+00
3.142819141060563481e+00 1.369275700275497609e+00 1.436243538238882733e+00
3.151981879081148463e+00 1.370530906696016737e+00 1.435406128420914751e+00
3.161144617101733001e+00 1.371787263756365283e+00 1.434564346559628500e+00
3.170307355122317983e+00 1.373044772511327505e+00 1.433718252357402134e+00
3.179470093142902520e+00 1.374303434016654446e+00 1.432867904854771890e+00
3.188632831163487502e+00 1.375563249329065485e+00 1.432013362437682957e+00
3.197795569184072040e+00 1.376824219506247893e+00 1.431154682844667070e+00
3.206958307204656577e+00 1.378086345606859275e+00 1.430291923173937274e+00
3.216121045225241559e+00 1.379349628690527130e+00 1.429425139890404539e+00
3.225283783245826097e+00 1.380614069817850620e+00 1.428554388832620869e+00
3.234446521266411079e+00 1.381879670050401243e+00 1.427679725219641815e+00
3.243609259286995616e+00 1.383146430450723274e+00 1.426801203657816153e+00
3.252771997307580598e+00 1.384414352082335320e+00 1.425918878147500735e+00
3.261934735328165136e+00 1.385683436009730540e+00 1.425032802089701622e+00
3.271097473348750118e+00 1.386953683298378648e+00 1.424143028292639057e+00
3.280260211369334655e+00 1.388225095014725019e+00 1.423249608978247593e+00
3.289422949389919193e+00 1.389497672226193581e+00 1.422352595788596297e+00
3.298585687410504175e+00 1.390771416001186367e+00 1.421452039792244548e+00
3.307748425431088712e+00 1.392046327409084849e+00 1.420547991490525463e+00
3.316911163451673694e+00 1.393322407520250383e+00 1.419640500823761364e+00
3.326073901472258232e+00 1.394599657406026427e+00 1.418729617177409530e+00
3.335236639492843214e+00 1.395878078138737655e+00 1.417815389388142000e+00
3.344399377513427751e+00 1.397157670791692174e+00 1.416897865749857655e+00
3.353562115534012733e+00 1.398438436439181976e+00 1.415977094019628346e+00
3.362724853554597271e+00 1.399720376156483592e+00 1.415053121423580640e+00
3.371887591575181808e+00 1.401003491019859659e+00 1.414125994662712715e+00
3.381050329595766790e+00 1.402287782106559133e+00 1.413195759918644656e+00
3.390213067616351328e+00 1.403573250494818403e+00 1.412262462859310785e+00
3.399375805636936310e+00 1.404859897263862401e+00 1.411326148644585610e+00
3.408538543657520847e+00 1.406147723493905710e+00 1.410386861931848035e+00
3.417701281678105829e+00 1.407436730266152347e+00 1.409444646881486740e+00
3.426864019698690367e+00 1.408726918662798200e+00 1.408499547162343601e+00
3.436026757719275349e+00 1.410018289767030808e+00 1.407551605957097829e+00
3.445189495739859886e+00 1.411310844663030917e+00 1.406600865967590153e+00
3.454352233760444424e+00 1.412604584435972921e+00 1.405647369420089499e+00
3.463514971781029406e+00 1.413899510172025975e+00 1.404691158070501933e+00
3.472677709801613943e+00 1.415195622958355104e+00 1.403732273209522319e+00
3.481840447822198925e+00 1.416492923883121868e+00 1.402770755667728242e+00
3.491003185842783463e+00 1.417791414035485031e+00 1.401806645820619757e+00
3.500165923863368445e+00 1.419091094505602557e+00 1.400839983593601623e+00
3.509328661883952982e+00 1.420391966384630722e+00 1.399870808466916250e+00
3.518491399904537964e+00 1.421694030764726779e+00 1.398899159480513354e+00
3.527654137925122502e+00 1.422997288739048960e+00 1.397925075238875658e+00
3.536816875945707039e+00 1.424301741401757582e+00 1.396948593915782855e+00
3.545979613966292021e+00 1.425607389848016160e+00 1.395969753259033386e+00
3.555142351986876559e+00 1.426914235173991630e+00 1.394988590595104050e+00
3.564305090007461541e+00 1.428222278476856122e+00 1.394005142833767419e+00
3.573467828028046078e+00 1.429531520854787630e+00 1.393019446472649303e+00
3.582630566048631060e+00 1.430841963406970896e+00 1.392031537601746027e+00
3.591793304069215598e+00 1.432153607233597858e+00 1.391041451907885307e+00
3.600956042089800135e+00 1.433466453435869425e+00 1.390049224679141160e+00
3.610118780110385117e+00 1.434780503115995476e+00 1.389054890809199083e+00
3.619281518130969655e+00 1.436095757377197080e+00 1.388058484801673043e+00
3.628444256151554637e+00 1.437412217323705610e+00 1.387060040774378056e+00
3.637606994172139174e+00 1.438729884060765407e+00 1.386059592463552148e+00
3.646769732192724156e+00 1.440048758694634001e+00 1.385057173228033900e+00
3.655932470213308694e+00 1.441368842332582556e+00 1.384052816053394919e+00
3.665095208233893675e+00 1.442690136082897423e+00 1.383046553556023461e+00
3.674257946254478213e+00 1.444012641054881252e+00 1.382038417987169199e+00
3.683420684275062751e+00 1.445336358358853213e+00 1.381028441236937132e+00
3.692583422295647733e+00 1.446661289106150328e+00 1.380016654838243984e+00
3.701746160316232270e+00 1.447987434409128582e+00 1.379003089970723739e+00
3.710908898336817252e+00 1.449314795381163590e+00 1.377987777464598551e+00
3.720071636357401790e+00 1.450643373136651260e+00 1.376970747804502126e+00
3.729234374377986772e+00 1.451973168791009572e+00 1.375952031133261144e+00
3.738397112398571309e+00 1.453304183460678578e+00 1.374931657255637374e+00
3.747559850419156291e+00 1.454636418263121955e+00 1.373909655642028493e+00
3.756722588439740829e+00 1.455969874316827894e+00 1.372886055432126273e+00
3.765885326460325366e+00 1.457304552741309767e+00 1.371860885438536348e+00
3.775048064480910348e+00 1.458640454657107011e+00 1.370834174150359575e+00
3.784210802501494886e+00 1.459977581185786688e+00 1.369805949736730311e+00
3.793373540522079868e+00 1.461315933449943483e+00 1.368776240050319171e+00
3.802536278542664405e+00 1.462655512573201255e+00 1.367745072630796699e+00
3.811699016563249387e+00 1.463996319680214375e+00 1.366712474708258851e+00
3.820861754583833925e+00 1.465338355896667499e+00 1.365678473206612953e+00
3.830024492604418906e+00 1.466681622349277792e+00 1.364643094746931462e+00
3.839187230625003444e+00 1.468026120165794701e+00 1.363606365650762875e+00
3.848349968645587982e+00 1.469371850475002184e+00 1.362568311943412214e+00
3.857512706666172964e+00 1.470718814406718256e+00 1.361528959357180657e+00
3.866675444686757501e+00 1.472067013091796994e+00 1.360488333334571864e+00
3.875838182707342483e+00 1.473416447662128981e+00 1.359446459031465215e+00
3.885000920727927021e+00 1.474767119250642633e+00 1.358403361320249969e+00
3.894163658748512002e+00 1.476119028991304427e+00 1.357359064792927228e+00
3.903326396769096540e+00 1.477472178019120674e+00 1.356313593764180592e+00
3.912489134789681078e+00 1.478826567470138409e+00 1.355266972274405735e+00
3.921651872810266060e+00 1.480182198481445610e+00 1.354219224092717333e+00
3.930814610830850597e+00 1.481539072191172757e+00 1.353170372719911807e+00
3.939977348851435579e+00 1.482897189738493937e+00 1.352120441391407413e+00
3.949140086872020117e+00 1.484256552263626849e+00 1.351069453080145255e+00
3.958302824892605098e+00 1.485617160907835022e+00 1.350017430499462101e+00
3.967465562913189636e+00 1.486979016813427812e+00 1.348964396105930552e+00
3.976628300933774618e+00 1.488342121123761963e+00 1.347910372102167464e+00
3.985791038954359156e+00 1.489706474983242490e+00 1.346855380439613281e+00
3.994953776974943693e+00 1.491072079537322903e+00 1.345799442821280278e+00
4.004116514995528675e+00 1.492438935932507205e+00 1.344742580704469948e+00
4.013279253016113657e+00 1.493807045316350557e+00 1.343684815303460178e+00
4.022441991036697750e+00 1.495176408837459059e+00 1.342626167592166242e+00
4.031604729057282732e+00 1.496547027645493300e+00 1.341566658306768689e+00
4.040767467077867714e+00 1.497918902891166137e+00 1.340506307948313491e+00
4.049930205098452696e+00 1.499292035726246697e+00 1.339445136785286872e+00
4.059092943119036789e+00 1.500666427303558814e+00 1.338383164856157492e+00
4.068255681139621771e+00 1.502042078776983702e+00 1.337320411971892664e+00
4.077418419160206753e+00 1.503418991301460395e+00 1.336256897718447911e+00
4.086581157180790846e+00 1.504797166032986189e+00 1.335192641459229224e+00
4.095743895201375828e+00 1.506176604128618424e+00 1.334127662337525111e+00
4.104906633221960810e+00 1.507557306746475367e+00 1.333061979278916231e+00
4.114069371242545792e+00 1.508939275045735995e+00 1.331995610993657930e+00
4.123232109263129885e+00 1.510322510186642875e+00 1.330928575979032136e+00
4.132394847283714867e+00 1.511707013330501725e+00 1.329860892521681714e+00
4.141557585304299849e+00 1.513092785639682969e+00 1.328792578699910187e+00
4.150720323324883942e+00 1.514479828277621953e+00 1.327723652385964570e+00
4.159883061345468924e+00 1.515868142408821617e+00 1.326654131248285795e+00
4.169045799366053906e+00 1.517257729198851823e+00 1.325584032753740926e+00
4.178208537386638888e+00 1.518648589814350691e+00 1.324513374169826063e+00
4.187371275407222981e+00 1.520040725423025929e+00 1.323442172566849484e+00
4.196534013427807963e+00 1.521434137193655944e+00 1.322370444820086144e+00
4.205696751448392945e+00 1.522828826296090510e+00 1.321298207611911524e+00
4.214859489468977927e+00 1.524224793901251429e+00 1.320225477433913053e+00
4.224022227489562020e+00 1.525622041181133870e+00 1.319152270588976217e+00
4.233184965510147002e+00 1.527020569308808140e+00 1.318078603193347353e+00
4.242347703530731984e+00 1.528420379458419243e+00 1.317004491178677128e+00
4.251510441551316077e+00 1.529821472805188209e+00 1.315929950294039141e+00
4.260673179571901059e+00 1.531223850525414099e+00 1.314854996107925889e+00
4.269835917592486041e+00 1.532627513796474217e+00 1.313779644010224512e+00
4.278998655613071023e+00 1.534032463796824342e+00 1.312703909214172349e+00
4.288161393633655116e+00 1.535438701706001607e+00 1.311627806758285608e+00
4.297324131654240098e+00 1.536846228704623840e+00 1.310551351508273399e+00
4.306486869674825080e+00 1.538255045974391111e+00 1.309474558158925772e+00
4.315649607695409173e+00 1.539665154698086624e+00 1.308397441235986225e+00
4.324812345715994155e+00 1.541076556059578717e+00 1.307320015097997112e+00
4.333975083736579137e+00 1.542489251243819748e+00 1.306242293938130405e+00
4.343137821757164119e+00 1.543903241436849205e+00 1.305164291785996689e+00
4.352300559777748212e+00 1.545318527825793486e+00 1.304086022509434173e+00
4.361463297798333194e+00 1.546735111598867007e+00 1.303007499816277281e+00
4.370626035818918176e+00 1.548152993945373757e+00 1.301928737256107915e+00
4.379788773839502269e+00 1.549572176055707740e+00 1.300849748221985624e+00
4.388951511860087251e+00 1.550992659121354755e+00 1.299770545952159351e+00
4.398114249880672233e+00 1.552414444334891730e+00 1.298691143531762959e+00
4.407276987901257215e+00 1.553837532889989825e+00 1.297611553894486791e+00
4.416439725921841308e+00 1.555261925981413551e+00 1.296531789824237446e+00
4.425602463942426290e+00 1.556687624805023873e+00 1.295451863956772920e+00
4.434765201963011272e+00 1.558114630557776881e+00 1.294371788781327082e+00
4.443927939983596254e+00 1.559542944437726453e+00 1.293291576642207286e+00
4.453090678004180347e+00 1.560972567644024256e+00 1.292211239740385320e+00
4.462253416024765329e+00 1.562403501376921744e+00 1.291130790135061490e+00
4.471416154045350311e+00 1.563835746837770380e+00 1.290050239745216709e+00
4.480578892065934404e+00 1.565269305229022967e+00 1.288969600351144384e+00
4.489741630086519386e+00 1.566704177754234539e+00 1.287888883595972089e+00
4.498904368107104368e+00 1.568140365618063248e+00 1.286808100987156589e+00
4.508067106127689350e+00 1.569577870026272137e+00 1.285727263897973094e+00
4.517229844148273443e+00 1.571016692185728481e+00 1.284646383568978534e+00
4.526392582168858425e+00 1.572456833304407331e+00 1.283565471109465728e+00
4.535555320189443407e+00 1.573898294591389746e+00 1.282484537498899346e+00
4.544718058210027500e+00 1.575341077256865896e+00 1.281403593588336109e+00
4.553880796230612482e+00 1.576785182512135286e+00 1.280322650101829218e+00
4.563043534251197464e+00 1.578230611569607422e+00 1.279241717637817244e+00
4.572206272271782446e+00 1.579677365642803588e+00 1.278160806670499472e+00
4.581369010292366539e+00 1.581125445946357289e+00 1.277079927551194594e+00
4.590531748312951521e+00 1.582574853696015582e+00 1.275999090509684297e+00
4.599694486333536503e+00 1.584025590108639969e+00 1.274918305655544648e+00
4.608857224354121485e+00 1.585477656402207502e+00 1.273837582979459482e+00
4.618019962374705578e+00 1.586931053795811453e+00 1.272756932354522252e+00
4.627182700395290560e+00 1.588385783509663085e+00 1.271676363537522336e+00
4.636345438415875542e+00 1.589841846765091882e+00 1.270595886170217348e+00
4.645508176436459635e+00 1.591299244784547096e+00 1.269515509780591245e+00
4.654670914457044617e+00 1.592757978791598417e+00 1.268435243784101329e+00
4.663833652477629599e+00 1.594218050010937304e+00 1.267355097484905935e+00
4.672996390498214581e+00 1.595679459668377875e+00 1.266275080077085891e+00
4.682159128518798674e+00 1.597142208990857792e+00 1.265195200645846896e+00
4.691321866539383656e+00 1.598606299206439818e+00 1.264115468168710787e+00
4.700484604559968638e+00 1.600071731544312037e+00 1.263035891516695264e+00
4.709647342580552731e+00 1.601538507234789410e+00 1.261956479455478730e+00
4.718810080601137713e+00 1.603006627509315107e+00 1.260877240646551600e+00
4.727972818621722695e+00 1.604476093600460729e+00 1.259798183648359160e+00
4.737135556642307677e+00 1.605946906741928082e+00 1.258719316917426889e+00
4.746298294662891770e+00 1.607419068168549181e+00 1.257640648809477568e+00
4.755461032683476752e+00 1.608892579116289134e+00 1.256562187580533063e+00
4.764623770704061734e+00 1.610367440822245033e+00 1.255483941388006786e+00
4.773786508724645827e+00 1.611843654524648617e+00 1.254405918291781497e+00
4.782949246745230809e+00 1.613321221462866717e+00 1.253328126255278230e+00
4.792111984765815791e+00 1.614800142877401923e+00 1.252250573146511892e+00
4.801274722786400773e+00 1.616280420009894137e+00 1.251173266739134649e+00
4.810437460806984866e+00 1.617762054103121239e+00 1.250096214713468656e+00
4.819600198827569848e+00 1.619245046401001087e+00 1.249019424657529687e+00
4.828762936848154830e+00 1.620729398148591072e+00 1.247942904068035652e+00
4.837925674868739812e+00 1.622215110592090337e+00 1.246866660351406475e+00
4.847088412889323905e+00 1.623702184978840002e+00 1.245790700824753516e+00
4.856251150909908887e+00 1.625190622557324938e+00 1.244715032716855685e+00
4.865413888930493869e+00 1.626680424577174655e+00 1.243639663169127330e+00
4.874576626951077962e+00 1.628171592289163749e+00 1.242564599236576139e+00
4.883739364971662944e+00 1.629664126945213676e+00 1.241489847888747278e+00
4.892902102992247926e+00 1.631158029798393638e+00 1.240415416010658634e+00
4.902064841012832908e+00 1.632653302102921034e+00 1.239341310403729857e+00
4.911227579033417001e+00 1.634149945114163449e+00 1.238267537786693184e+00
4.920390317054001983e+00 1.635647960088639108e+00 1.237194104796502714e+00
4.929553055074586965e+00 1.637147348284018200e+00 1.236121017989227466e+00
4.938715793095171058e+00 1.638648110959123327e+00 1.235048283840939121e+00
4.947878531115756040e+00 1.640150249373931723e+00 1.233975908748585981e+00
4.957041269136341022e+00 1.641653764789575254e+00 1.232903899030861616e+00
4.966204007156926004e+00 1.643158658468341971e+00 1.231832260929061063e+00
4.975366745177510097e+00 1.644664931673676778e+00 1.230761000607928368e+00
4.984529483198095079e+00 1.646172585670183208e+00 1.229690124156496145e+00
4.993692221218680061e+00 1.647681621723623868e+00 1.228619637588913127e+00
5.002854959239265042e+00 1.649192041100921768e+00 1.227549546845265960e+00
5.012017697259849136e+00 1.650703845070160547e+00 1.226479857792390993e+00
5.021180435280434118e+00 1.652217034900587578e+00 1.225410576224675419e+00
5.030343173301019100e+00 1.653731611862613082e+00 1.224341707864851303e+00
5.039505911321603193e+00 1.655247577227811240e+00 1.223273258364782512e+00
5.048668649342188175e+00 1.656764932268923296e+00 1.222205233306237648e+00
5.057831387362773157e+00 1.658283678259856009e+00 1.221137638201662323e+00
5.066994125383358138e+00 1.659803816475684535e+00 1.220070478494935884e+00
5.076156863403942232e+00 1.661325348192652207e+00 1.219003759562124589e+00
5.085319601424527214e+00 1.662848274688173200e+00 1.217937486712223460e+00
5.094482339445112196e+00 1.664372597240832308e+00 1.216871665187892582e+00
5.103645077465696289e+00 1.665898317130385831e+00 1.215806300166183185e+00
5.112807815486281271e+00 1.667425435637764242e+00 1.214741396759258185e+00
5.121970553506866253e+00 1.668953954045071297e+00 1.213676960015102280e+00
5.131133291527451235e+00 1.670483873635586924e+00 1.212612994918225384e+00
5.140296029548035328e+00 1.672015195693766332e+00 1.211549506390360964e+00
5.149458767568620310e+00 1.673547921505243341e+00 1.210486499291150153e+00
5.158621505589205292e+00 1.675082052356829720e+00 1.209423978418826762e+00
5.167784243609789385e+00 1.676617589536516295e+00 1.208361948510889183e+00
5.176946981630374367e+00 1.678154534333476056e+00 1.207300414244764752e+00
5.186109719650959349e+00 1.679692888038062160e+00 1.206239380238471215e+00
5.195272457671544331e+00 1.681232651941811929e+00 1.205178851051266875e+00
5.204435195692128424e+00 1.682773827337445516e+00 1.204118831184294969e+00
5.213597933712713406e+00 1.684316415518869237e+00 1.203059325081222708e+00
5.222760671733298388e+00 1.685860417781174680e+00 1.202000337128869889e+00
5.231923409753883369e+00 1.687405835420640932e+00 1.200941871657833504e+00
5.241086147774467463e+00 1.688952669734735013e+00 1.199883932943105469e+00
5.250248885795052445e+00 1.690500922022114105e+00 1.198826525204680582e+00
5.259411623815637427e+00 1.692050593582625106e+00 1.197769652608162927e+00
5.268574361836221520e+00 1.693601685717306626e+00 1.196713319265359399e+00
5.277737099856806502e+00 1.695154199728390765e+00 1.195657529234873895e+00
5.286899837877391484e+00 1.696708136919302001e+00 1.194602286522688184e+00
5.296062575897976465e+00 1.698263498594660525e+00 1.193547595082742330e+00
5.305225313918560559e+00 1.699820286060282237e+00 1.192493458817501795e+00
5.314388051939145541e+00 1.701378500623180301e+00 1.191439881578527649e+00
5.323550789959730523e+00 1.702938143591565590e+00 1.190386867167033014e+00
5.332713527980314616e+00 1.704499216274848461e+00 1.189334419334435511e+00
5.341876266000899598e+00 1.706061719983639646e+00 1.188282541782904156e+00
5.351039004021484580e+00 1.707625656029751138e+00 1.187231238165902036e+00
5.360201742042069561e+00 1.709191025726197743e+00 1.186180512088718997e+00
5.369364480062653655e+00 1.710757830387197309e+00 1.185130367109003435e+00
5.378527218083238637e+00 1.712326071328173160e+00 1.184080806737282776e+00
5.387689956103823619e+00 1.713895749865754103e+00 1.183031834437482832e+00
5.396852694124407712e+00 1.715466867317775757e+00 1.181983453627440950e+00
5.406015432144992694e+00 1.717039425003281883e+00 1.180935667679409606e+00
5.415178170165577676e+00 1.718613424242525944e+00 1.179888479920559341e+00
5.424340908186162658e+00 1.720188866356970436e+00 1.178841893633476356e+00
5.433503646206746751e+00 1.721765752669290439e+00 1.177795912056646355e+00
5.442666384227331733e+00 1.723344084503372953e+00 1.176750538384946143e+00
5.451829122247916715e+00 1.724923863184318895e+00 1.175705775770119477e+00
5.460991860268501696e+00 1.726505090038443324e+00 1.174661627321252233e+00
5.470154598289085790e+00 1.728087766393277880e+00 1.173618096105241149e+00
5.479317336309670772e+00 1.729671893577570341e+00 1.172575185147258559e+00
5.488480074330255754e+00 1.731257472921287066e+00 1.171532897431210696e+00
5.497642812350839847e+00 1.732844505755613440e+00 1.170491235900192439e+00
5.506805550371424829e+00 1.734432993412955426e+00 1.169450203456935622e+00
5.515968288392009811e+00 1.736022937226939789e+00 1.168409802964252897e+00
5.525131026412594792e+00 1.737614338532416536e+00 1.167370037245478942e+00
5.534293764433178886e+00 1.739207198665458254e+00 1.166330909084902334e+00
5.543456502453763868e+00 1.740801518963363881e+00 1.165292421228197206e+00
5.552619240474348850e+00 1.742397300764656931e+00 1.164254576382847350e+00
5.561781978494932943e+00 1.743994545409088159e+00 1.163217377218568993e+00
5.570944716515517925e+00 1.745593254237637115e+00 1.162180826367721798e+00
5.580107454536102907e+00 1.747193428592511921e+00 1.161144926425726753e+00
5.589270192556687888e+00 1.748795069817151493e+00 1.160109679951466966e+00
5.598432930577271982e+00 1.750398179256225539e+00 1.159075089467695108e+00
5.607595668597856964e+00 1.752002758255637893e+00 1.158041157461427328e+00
5.616758406618441946e+00 1.753608808162524735e+00 1.157007886384340933e+00
5.625921144639026927e+00 1.755216330325257701e+00 1.155975278653160743e+00
5.635083882659611021e+00 1.756825326093444550e+00 1.154943336650046337e+00
5.644246620680196003e+00 1.758435796817930274e+00 1.153912062722971310e+00
5.653409358700780984e+00 1.760047743850797763e+00 1.152881459186102076e+00
5.662572096721365078e+00 1.761661168545369582e+00 1.151851528320170681e+00
5.671734834741950060e+00 1.763276072256209304e+00 1.150822272372839850e+00
5.680897572762535042e+00 1.764892456339121507e+00 1.149793693559074237e+00
5.690060310783120023e+00 1.766510322151154222e+00 1.148765794061495482e+00
5.699223048803704117e+00 1.768129671050598706e+00 1.147738576030741697e+00
5.708385786824289099e+00 1.769750504396992552e+00 1.146712041585819408e+00
5.717548524844874080e+00 1.771372823551118580e+00 1.145686192814454163e+00
5.726711262865458174e+00 1.772996629875007057e+00 1.144661031773434257e+00
5.735874000886043156e+00 1.774621924731937916e+00 1.143636560488953346e+00
5.745036738906628138e+00 1.776248709486439425e+00 1.142612780956947738e+00
5.754199476927213119e+00 1.777876985504291740e+00 1.141589695143430561e+00
5.763362214947797213e+00 1.779506754152526016e+00 1.140567304984823727e+00
5.772524952968382195e+00 1.781138016799427515e+00 1.139545612388281670e+00
5.781687690988967177e+00 1.782770774814535608e+00 1.138524619232018864e+00
5.790850429009551270e+00 1.784405029568644663e+00 1.137504327365626677e+00
5.800013167030136252e+00 1.786040782433806040e+00 1.136484738610390899e+00
5.809175905050721234e+00 1.787678034783328318e+00 1.135465854759604598e+00
5.818338643071306215e+00 1.789316787991779956e+00 1.134447677578877212e+00
5.827501381091890309e+00 1.790957043434988183e+00 1.133430208806442741e+00
5.836664119112475291e+00 1.792598802490042997e+00 1.132413450153459289e+00
5.845826857133060273e+00 1.794242066535295388e+00 1.131397403304311045e+00
5.854989595153645254e+00 1.795886836950360665e+00 1.130382069916904930e+00
5.864152333174229348e+00 1.797533115116118019e+00 1.129367451622961704e+00
5.873315071194814330e+00 1.799180902414713623e+00 1.128353550028307284e+00
5.882477809215399311e+00 1.800830200229559974e+00 1.127340366713159403e+00
5.891640547235983405e+00 1.802481009945337442e+00 1.126327903232410721e+00
5.900803285256568387e+00 1.804133332947996493e+00 1.125316161115910152e+00
5.909966023277153369e+00 1.805787170624757687e+00 1.124305141868739089e+00
5.919128761297738350e+00 1.807442524364113012e+00 1.123294846971488292e+00
5.928291499318322444e+00 1.809099395555827217e+00 1.122285277880525900e+00
5.937454237338907426e+00 1.810757785590940250e+00 1.121276436028269652e+00
5.946616975359492407e+00 1.812417695861765488e+00 1.120268322823450013e+00
5.955779713380076501e+00 1.814079127761893950e+00 1.119260939651373299e+00
5.964942451400661483e+00 1.815742082686193193e+00 1.118254287874183461e+00
5.974105189421246465e+00 1.817406562030810413e+00 1.117248368831117000e+00
5.983267927441831446e+00 1.819072567193171563e+00 1.116243183838757425e+00
5.992430665462415540e+00 1.820740099571984461e+00 1.115238734191288161e+00
6.001593403483000522e+00 1.822409160567238784e+00 1.114235021160739691e+00
6.010756141503585503e+00 1.824079751580207853e+00 1.113232045997237574e+00
6.019918879524170485e+00 1.825751874013448850e+00 1.112229809929243585e+00
6.029081617544754579e+00 1.827425529270805260e+00 1.111228314163798858e+00
6.038244355565339561e+00 1.829100718757407540e+00 1.110227559886759918e+00
6.047407093585924542e+00 1.830777443879673783e+00 1.109227548263035157e+00
6.056569831606508636e+00 1.832455706045311272e+00 1.108228280436817981e+00
6.065732569627093618e+00 1.834135506663318482e+00 1.107229757531817738e+00
6.074895307647678599e+00 1.835816847143984853e+00 1.106231980651486202e+00
6.084058045668263581e+00 1.837499728898893014e+00 1.105234950879244504e+00
6.093220783688847675e+00 1.839184153340918781e+00 1.104238669278705176e+00
6.102383521709432657e+00 1.840870121884234267e+00 1.103243136893893528e+00
6.111546259730017638e+00 1.842557635944307215e+00 1.102248354749465031e+00
6.120708997750601732e+00 1.844246696937902774e+00 1.101254323850923367e+00
6.129871735771186714e+00 1.845937306283085944e+00 1.100261045184829367e+00
6.139034473791771696e+00 1.847629465399220239e+00 1.099268519719017956e+00
6.148197211812356677e+00 1.849323175706971245e+00 1.098276748402802205e+00
6.157359949832940771e+00 1.851018438628306173e+00 1.097285732167183170e+00
6.166522687853525753e+00 1.852715255586496745e+00 1.096295471925052167e+00
6.175685425874110734e+00 1.854413628006118531e+00 1.095305968571394395e+00
6.184848163894694828e+00 1.856113557313052720e+00 1.094317222983487881e+00
6.194010901915279810e+00 1.857815044934489013e+00 1.093329236021101991e+00
6.203173639935864792e+00 1.859518092298923841e+00 1.092342008526692831e+00
6.212336377956449773e+00 1.861222700836164146e+00 1.091355541325596645e+00
6.221499115977033867e+00 1.862928871977326706e+00 1.090369835226221218e+00
6.230661853997618849e+00 1.864636607154841474e+00 1.089384891020235502e+00
6.239824592018203830e+00 1.866345907802450244e+00 1.088400709482756135e+00
6.248987330038788812e+00 1.868056775355209753e+00 1.087417291372534622e+00
6.258150068059372906e+00 1.869769211249492136e+00 1.086434637432137862e+00
6.267312806079957888e+00 1.871483216922986026e+00 1.085452748388131550e+00
6.276475544100542869e+00 1.873198793814698115e+00 1.084471624951258262e+00
6.285638282121126963e+00 1.874915943364954263e+00 1.083491267816615977e+00
6.294801020141711945e+00 1.876634667015401048e+00 1.082511677663831273e+00
6.303963758162296926e+00 1.878354966209005994e+00 1.081532855157236295e+00
6.313126496182881908e+00 1.880076842390059344e+00 1.080554800946036398e+00
6.322289234203466002e+00 1.881800297004175837e+00 1.079577515664483567e+00
6.331451972224050984e+00 1.883525331498295152e+00 1.078600999932041615e+00
6.340614710244635965e+00 1.885251947320683241e+00 1.077625254353553608e+00
6.349777448265220059e+00 1.886980145920933660e+00 1.076650279519406173e+00
6.358940186285805041e+00 1.888709928749969125e+00 1.075676076005691151e+00
6.368102924306390022e+00 1.890441297260042175e+00 1.074702644374367244e+00
6.377265662326975004e+00 1.892174252904736731e+00 1.073729985173418999e+00
6.386428400347559098e+00 1.893908797138968758e+00 1.072758098937013571e+00
6.395591138368144080e+00 1.895644931418988710e+00 1.071786986185655932e+00
6.404753876388729061e+00 1.897382657202381528e+00 1.070816647426343859e+00
6.413916614409313155e+00 1.899121975948067975e+00 1.069847083152719147e+00
6.423079352429898137e+00 1.900862889116306853e+00 1.068878293845219929e+00
6.432242090450483119e+00 1.902605398168695228e+00 1.067910279971226339e+00
6.441404828471068100e+00 1.904349504568169982e+00 1.066943041985211504e+00
6.450567566491652194e+00 1.906095209779009148e+00 1.065976580328884538e+00
6.459730304512237176e+00 1.907842515266833239e+00 1.065010895431335536e+00
6.468893042532822157e+00 1.909591422498605917e+00 1.064045987709178576e+00
6.478055780553407139e+00 1.911341932942635768e+00 1.063081857566693156e+00
6.487218518573991233e+00 1.913094048068577413e+00 1.062118505395961421e+00
6.496381256594576215e+00 1.914847769347432838e+00 1.061155931577009159e+00
6.505543994615161196e+00 1.916603098251552062e+00 1.060194136477939919e+00
6.514706732635745290e+00 1.918360036254635137e+00 1.059233120455070676e+00
6.523869470656330272e+00 1.920118584831733033e+00 1.058272883853065949e+00
6.533032208676915253e+00 1.921878745459248750e+00 1.057313427005069917e+00
6.542194946697500235e+00 1.923640519614938871e+00 1.056354750232835205e+00
6.551357684718084329e+00 1.925403908777914230e+00 1.055396853846855887e+00
6.560520422738669311e+00 1.927168914428642355e+00 1.054439738146490280e+00
6.569683160759254292e+00 1.928935538048947018e+00 1.053483403420092390e+00
6.578845898779838386e+00 1.930703781122010687e+00 1.052527849945133376e+00
6.588008636800423368e+00 1.932473645132375850e+00 1.051573077988326332e+00
6.597171374821008349e+00 1.934245131565945242e+00 1.050619087805750196e+00
6.606334112841593331e+00 1.936018241909984061e+00 1.049665879642968092e+00
6.615496850862177425e+00 1.937792977653120863e+00 1.048713453735149459e+00
6.624659588882762407e+00 1.939569340285348886e+00 1.047761810307187069e+00
6.633822326903347388e+00 1.941347331298026946e+00 1.046810949573814931e+00
6.642985064923932370e+00 1.943126952183881206e+00 1.045860871739722864e+00
6.652147802944516464e+00 1.944908204437006072e+00 1.044911576999673075e+00
6.661310540965101445e+00 1.946691089552865961e+00 1.043963065538612511e+00
6.670473278985686427e+00 1.948475609028295752e+00 1.043015337531784326e+00
6.679636017006270521e+00 1.950261764361502337e+00 1.042068393144840455e+00
6.688798755026855503e+00 1.952049557052066397e+00 1.041122232533949310e+00
6.697961493047440484e+00 1.953838988600943294e+00 1.040176855845906356e+00
6.707124231068025466e+00 1.955630060510463952e+00 1.039232263218240027e+00
6.716286969088609560e+00 1.957422774284336420e+00 1.038288454779318304e+00
6.725449707109194541e+00 1.959217131427648084e+00 1.037345430648454858e+00
6.734612445129779523e+00 1.961013133446864787e+00 1.036403190936010521e+00
6.743775183150363617e+00 1.962810781849834152e+00 1.035461735743498757e+00
6.752937921170948599e+00 1.964610078145785810e+00 1.034521065163685360e+00
6.762100659191533580e+00 1.966411023845332728e+00 1.033581179280689932e+00
6.771263397212118562e+00 1.968213620460472990e+00 1.032642078170085354e+00
6.780426135232702656e+00 1.970017869504590236e+00 1.031703761898995486e+00
6.789588873253287638e+00 1.971823772492456106e+00 1.030766230526193761e+00
6.798751611273872619e+00 1.973631330940230244e+00 1.029829484102197767e+00
6.807914349294456713e+00 1.975440546365462291e+00 1.028893522669366511e+00
6.817077087315041695e+00 1.977251420287093220e+00 1.027958346261991895e+00
6.826239825335626676e+00 1.979063954225456223e+00 1.027023954906394865e+00
6.835402563356211658e+00 1.980878149702278046e+00 1.026090348621015558e+00
6.844565301376795752e+00 1.982694008240680539e+00 1.025157527416505676e+00
6.853728039397380734e+00 1.984511531365181991e+00 1.024225491295816637e+00
6.862890777417965715e+00 1.986330720601698019e+00 1.023294240254292387e+00
6.872053515438550697e+00 1.988151577477542675e+00 1.022363774279752890e+00
6.881216253459134791e+00 1.989974103521430671e+00 1.021434093352585837e+00
6.890378991479719772e+00 1.991798300263477817e+00 1.020505197445830792e+00
6.899541729500304754e+00 1.993624169235202803e+00 1.019577086525263798e+00
6.908704467520888848e+00 1.995451711969527864e+00 1.018649760549484196e+00
6.917867205541473830e+00 1.997280930000780552e+00 1.017723219469996332e+00
6.927029943562058811e+00 1.999111824864695297e+00 1.016797463231291720e+00
6.936192681582643793e+00 2.000944398098413846e+00 1.015872491770933861e+00
6.945355419603227887e+00 2.002778651240487040e+00 1.014948305019635288e+00
6.954518157623812868e+00 2.004614585830876816e+00 1.014024902901340397e+00
6.963680895644397850e+00 2.006452203410955537e+00 1.013102285333302710e+00
6.972843633664981944e+00 2.008291505523509990e+00 1.012180452226163929e+00
6.982006371685566926e+00 2.010132493712740498e+00 1.011259403484031427e+00
6.991169109706151907e+00 2.011975169524262252e+00 1.010339139004555298e+00
7.000331847726736889e+00 2.013819534505108866e+00 1.009419658679002740e+00
7.009494585747320983e+00 2.015665590203730595e+00 1.008500962392333111e+00
7.018657323767905964e+00 2.017513338169997894e+00 1.007583050023274307e+00
7.027820061788490946e+00 2.019362779955201859e+00 1.006665921444392708e+00
7.036982799809075928e+00 2.021213917112056002e+00 1.005749576522168232e+00
7.046145537829660022e+00 2.023066751194696256e+00 1.004834015117065160e+00
7.055308275850245003e+00 2.024921283758684076e+00 1.003919237083602756e+00
7.064471013870829985e+00 2.026777516361006892e+00 1.003005242270425645e+00
7.073633751891414079e+00 2.028635450560079434e+00 1.002092030520373545e+00
7.082796489911999060e+00 2.030495087915743735e+00 1.001179601670550090e+00
7.091959227932584042e+00 2.032356429989273128e+00 1.000267955552389676e+00
7.101121965953169024e+00 2.034219478343372245e+00 9.993570919917256212e-01
7.110284703973753118e+00 2.036084234542177018e+00 9.984470108088566720e-01
7.119447441994338099e+00 2.037950700151258676e+00 9.975377118186112835e-01
7.128610180014923081e+00 2.039818876737622411e+00 9.966291948304146775e-01
7.137772918035507175e+00 2.041688765869710043e+00 9.957214596483526803e-01
7.146935656056092157e+00 2.043560369117402242e+00 9.948145060712332288e-01
7.156098394076677138e+00 2.045433688052017640e+00 9.939083338926517630e-01
7.165261132097262120e+00 2.047308724246315492e+00 9.930029429010532871e-01
7.174423870117846214e+00 2.049185479274497013e+00 9.920983328797923217e-01
7.183586608138431195e+00 2.051063954712206705e+00 9.911945036071947435e-01
7.192749346159016177e+00 2.052944152136532807e+00 9.902914548566182917e-01
7.201912084179600271e+00 2.054826073126009511e+00 9.893891863965122990e-01
7.211074822200185253e+00 2.056709719260618296e+00 9.884876979904753114e-01
7.220237560220770234e+00 2.058595092121789261e+00 9.875869893973144853e-01
7.229400298241355216e+00 2.060482193292401565e+00 9.866870603711034304e-01
7.238563036261939310e+00 2.062371024356785210e+00 9.857879106612389419e-01
7.247725774282524291e+00 2.064261586900723255e+00 9.848895400124966226e-01
7.256888512303109273e+00 2.066153882511452267e+00 9.839919481650882815e-01
7.266051250323694255e+00 2.068047912777663200e+00 9.830951348547150026e-01
7.275213988344278349e+00 2.069943679289503624e+00 9.821990998126246541e-01
7.284376726364863330e+00 2.071841183638579942e+00 9.813038427656627372e-01
7.293539464385448312e+00 2.073740427417956500e+00 9.804093634363274523e-01
7.302702202406032406e+00 2.075641412222156923e+00 9.795156615428241009e-01
7.311864940426617387e+00 2.077544139647168997e+00 9.786227367991136017e-01
7.321027678447202369e+00 2.079448611290442006e+00 9.777305889149668916e-01
7.330190416467787351e+00 2.081354828750889396e+00 9.768392175960159962e-01
7.339353154488371445e+00 2.083262793628890996e+00 9.759486225438041007e-01
7.348515892508956426e+00 2.085172507526293462e+00 9.750588034558345107e-01
7.357678630529541408e+00 2.087083972046412050e+00 9.741697600256217227e-01
7.366841368550125502e+00 2.088997188794031068e+00 9.732814919427403844e-01
7.376004106570710483e+00 2.090912159375407420e+00 9.723939988928720357e-01
7.385166844591295465e+00 2.092828885398268390e+00 9.715072805578558457e-01
7.394329582611880447e+00 2.094747368471817417e+00 9.706213366157322442e-01
7.403492320632464541e+00 2.096667610206730537e+00 9.697361667407939922e-01
7.412655058653049522e+00 2.098589612215162159e+00 9.688517706036284816e-01
7.421817796673634504e+00 2.100513376110743735e+00 9.679681478711668063e-01
7.430980534694218598e+00 2.102438903508586421e+00 9.670852982067272841e-01
7.440143272714803580e+00 2.104366196025281521e+00 9.662032212700609746e-01
7.449306010735388561e+00 2.106295255278902268e+00 9.653219167173963111e-01
7.458468748755973543e+00 2.108226082889005149e+00 9.644413842014817329e-01
7.467631486776557637e+00 2.110158680476631687e+00 9.635616233716314261e-01
7.476794224797142618e+00 2.112093049664309330e+00 9.626826338737649591e-01
7.485956962817727600e+00 2.114029192076052333e+00 9.618044153504538007e-01
7.495119700838312582e+00 2.115967109337364427e+00 9.609269674409595119e-01
7.504282438858896676e+00 2.117906803075238376e+00 9.600502897812783765e-01
7.513445176879481657e+00 2.119848274918159969e+00 9.591743820041798152e-01
7.522607914900066639e+00 2.121791526496106250e+00 9.582992437392496843e-01
7.531770652920650733e+00 2.123736559440549065e+00 9.574248746129283560e-01
7.540933390941235714e+00 2.125683375384456397e+00 9.565512742485515751e-01
7.550096128961820696e+00 2.127631975962291921e+00 9.556784422663900935e-01
7.559258866982405678e+00 2.129582362810019447e+00 9.548063782836870850e-01
7.568421605002989772e+00 2.131534537565100251e+00 9.539350819146987792e-01
7.577584343023574753e+00 2.133488501866498410e+00 9.530645527707310993e-01
7.586747081044159735e+00 2.135444257354679465e+00 9.521947904601775203e-01
7.595909819064743829e+00 2.137401805671612642e+00 9.513257945885564837e-01
7.605072557085328810e+00 2.139361148460773965e+00 9.504575647585485898e-01
7.614235295105913792e+00 2.141322287367144028e+00 9.495901005700324582e-01
7.623398033126498774e+00 2.143285224037212000e+00 9.487234016201216980e-01
7.632560771147082868e+00 2.145249960118976951e+00 9.478574675031996577e-01
7.641723509167667849e+00 2.147216497261948298e+00 9.469922978109542866e-01
7.650886247188252831e+00 2.149184837117147584e+00 9.461278921324147717e-01
7.660048985208837813e+00 2.151154981337109362e+00 9.452642500539850667e-01
7.669211723229421906e+00 2.153126931575883418e+00 9.444013711594776428e-01
7.678374461250006888e+00 2.155100689489036547e+00 9.435392550301476833e-01
7.687537199270591870e+00 2.157076256733652109e+00 9.426779012447266126e-01
7.696699937291175964e+00 2.159053634968332247e+00 9.418173093794552919e-01
7.705862675311760945e+00 2.161032825853201000e+00 9.409574790081162154e-01
7.715025413332345927e+00 2.163013831049902969e+00 9.400984097020653740e-01
7.724188151352930909e+00 2.164996652221606865e+00 9.392401010302663389e-01
7.733350889373515002e+00 2.166981291033005075e+00 9.383825525593194605e-01
7.742513627394099984e+00 2.168967749150316315e+00 9.375257638534945093e-01
7.751676365414684966e+00 2.170956028241287417e+00 9.366697344747612064e-01
7.760839103435269060e+00 2.172946129975192875e+00 9.358144639828198663e-01
7.770001841455854041e+00 2.174938056022838850e+00 9.349599519351321497e-01
7.779164579476439023e+00 2.176931808056561835e+00 9.341061978869498184e-01
7.788327317497024005e+00 2.178927387750231315e+00 9.332532013913459323e-01
7.797490055517608099e+00 2.180924796779251995e+00 9.324009619992433828e-01
7.806652793538193080e+00 2.182924036820564240e+00 9.315494792594427587e-01
7.815815531558778062e+00 2.184925109552645850e+00 9.306987527186528775e-01
7.824978269579362156e+00 2.186928016655512064e+00 9.298487819215193184e-01
7.834141007599947137e+00 2.188932759810719553e+00 9.289995664106496243e-01
7.843303745620532119e+00 2.190939340701365978e+00 9.281511057266442766e-01
7.852466483641117101e+00 2.192947761012091767e+00 9.273033994081225639e-01
7.861629221661701195e+00 2.194958022429081002e+00 9.264564469917496714e-01
7.870791959682286176e+00 2.196970126640065857e+00 9.256102480122636589e-01
7.879954697702871158e+00 2.198984075334322608e+00 9.247648020025029947e-01
7.889117435723456140e+00 2.200999870202677844e+00 9.239201084934312025e-01
7.898280173744040233e+00 2.203017512937508027e+00 9.230761670141640618e-01
7.907442911764625215e+00 2.205037005232740821e+00 9.222329770919943659e-01
7.916605649785210197e+00 2.207058348783855983e+00 9.213905382524187893e-01
7.925768387805794291e+00 2.209081545287888027e+00 9.205488500191613133e-01
7.934931125826379272e+00 2.211106596443427996e+00 9.197079119141989834e-01
7.944093863846964254e+00 2.213133503950623027e+00 9.188677234577864450e-01
7.953256601867549236e+00 2.215162269511179005e+00 9.180282841684802575e-01
7.962419339888133329e+00 2.217192894828361460e+00 9.171895935631630969e-01
7.971582077908718311e+00 2.219225381606997782e+00 9.163516511570669598e-01
7.980744815929303293e+00 2.221259731553478112e+00 9.155144564637974769e-01
7.989907553949887387e+00 2.223295946375756671e+00 9.146780089953568949e-01
7.999070291970472368e+00 2.225334027783353097e+00 9.138423082621660587e-01
8.008233029991057350e+00 2.227373977487354662e+00 9.130073537730897248e-01
8.017395768011642332e+00 2.229415797200416716e+00 9.121731450354563231e-01
8.026558506032227314e+00 2.231459488636764910e+00 9.113396815550817154e-01
8.035721244052812295e+00 2.233505053512196525e+00 9.105069628362917333e-01
8.044883982073395501e+00 2.235552493544080921e+00 9.096749883819418292e-01
8.054046720093980483e+00 2.237601810451362194e+00 9.088437576934413897e-01
8.063209458114565464e+00 2.239653005954560516e+00 9.080132702707728320e-01
8.072372196135150446e+00 2.241706081775773018e+00 9.071835256125134750e-01
8.081534934155735428e+00 2.243761039638675125e+00 9.063545232158577436e-01
8.090697672176320410e+00 2.245817881268522775e+00 9.055262625766349327e-01
8.099860410196905391e+00 2.247876608392152864e+00 9.046987431893322995e-01
8.109023148217488597e+00 2.249937222737985909e+00 9.038719645471137154e-01
8.118185886238073579e+00 2.251999726036026939e+00 9.030459261418406491e-01
8.127348624258658560e+00 2.254064120017866824e+00 9.022206274640898194e-01
8.136511362279243542e+00 2.256130406416682721e+00 9.013960680031766204e-01
8.145674100299828524e+00 2.258198586967241628e+00 9.005722472471704432e-01
8.154836838320413506e+00 2.260268663405900824e+00 8.997491646829161027e-01
8.163999576340998487e+00 2.262340637470608318e+00 8.989268197960516016e-01
8.173162314361581693e+00 2.264414510900906397e+00 8.981052120710278919e-01
8.182325052382166675e+00 2.266490285437932073e+00 8.972843409911264168e-01
8.191487790402751656e+00 2.268567962824417084e+00 8.964642060384774291e-01
8.200650528423336638e+00 2.270647544804692330e+00 8.956448066940794206e-01
8.209813266443921620e+00 2.272729033124686104e+00 8.948261424378148865e-01
8.218976004464506602e+00 2.274812429531928970e+00 8.940082127484693109e-01
8.228138742485091583e+00 2.276897735775551546e+00 8.931910171037497070e-01
8.237301480505674789e+00 2.278984953606288943e+00 8.923745549802990507e-01
8.246464218526259771e+00 2.281074084776482103e+00 8.915588258537158195e-01
8.255626956546844752e+00 2.283165131040076457e+00 8.907438291985699808e-01
8.264789694567429734e+00 2.285258094152625929e+00 8.899295644884205325e-01
8.273952432588014716e+00 2.287352975871294269e+00 8.891160311958300477e-01
8.283115170608599698e+00 2.289449777954855492e+00 8.883032287923838810e-01
8.292277908629184680e+00 2.291548502163695655e+00 8.874911567487042685e-01
8.301440646649767885e+00 2.293649150259815084e+00 8.866798145344674253e-01
8.310603384670352867e+00 2.295751724006830141e+00 8.858692016184175344e-01
8.319766122690937848e+00 2.297856225169971900e+00 8.850593174683860642e-01
8.328928860711522830e+00 2.299962655516090582e+00 8.842501615513033153e-01
8.338091598732107812e+00 2.302071016813656446e+00 8.834417333332165168e-01
8.347254336752692794e+00 2.304181310832760232e+00 8.826340322793037041e-01
8.356417074773277776e+00 2.306293539345115828e+00 8.818270578538889293e-01
8.365579812793862757e+00 2.308407704124061155e+00 8.810208095204566936e-01
8.374742550814445963e+00 2.310523806944559055e+00 8.802152867416679349e-01
8.383905288835030944e+00 2.312641849583200404e+00 8.794104889793740165e-01
8.393068026855615926e+00 2.314761833818204551e+00 8.786064156946287174e-01
8.402230764876200908e+00 2.316883761429420652e+00 8.778030663477063289e-01
8.411393502896785890e+00 2.319007634198328560e+00 8.770004403981137564e-01
8.420556240917370872e+00 2.321133453908043265e+00 8.761985373046032866e-01
8.429718978937955853e+00 2.323261222343312227e+00 8.753973565251885747e-01
8.438881716958539059e+00 2.325390941290520264e+00 8.745968975171566351e-01
8.448044454979124041e+00 2.327522612537689550e+00 8.737971597370817189e-01
8.457207192999709022e+00 2.329656237874481395e+00 8.729981426408387479e-01
8.466369931020294004e+00 2.331791819092196683e+00 8.721998456836166369e-01
8.475532669040878986e+00 2.333929357983779873e+00 8.714022683199307284e-01
8.484695407061463968e+00 2.336068856343818112e+00 8.706054100036357823e-01
8.493858145082048949e+00 2.338210315968543895e+00 8.698092701879387434e-01
8.503020883102632155e+00 2.340353738655835070e+00 8.690138483254123969e-01
8.512183621123217137e+00 2.342499126205220605e+00 8.682191438680048057e-01
8.521346359143802118e+00 2.344646480417875711e+00 8.674251562670554083e-01
8.530509097164387100e+00 2.346795803096629385e+00 8.666318849733044560e-01
8.539671835184972082e+00 2.348947096045961747e+00 8.658393294369057802e-01
8.548834573205557064e+00 2.351100361072006706e+00 8.650474891074393380e-01
8.557997311226142045e+00 2.353255599982555513e+00 8.642563634339222034e-01
8.567160049246725251e+00 2.355412814587054982e+00 8.634659518648203358e-01
8.576322787267310233e+00 2.357572006696611933e+00 8.626762538480602371e-01
8.585485525287895214e+00 2.359733178123992303e+00 8.618872688310402763e-01
8.594648263308480196e+00 2.361896330683625145e+00 8.610989962606415693e-01
8.603811001329065178e+00 2.364061466191600847e+00 8.603114355832398585e-01
8.612973739349650160e+00 2.366228586465676020e+00 8.595245862447163931e-01
8.622136477370235141e+00 2.368397693325273501e+00 8.587384476904673658e-01
8.631299215390818347e+00 2.370568788591483234e+00 8.579530193654172354e-01
8.640461953411403329e+00 2.372741874087065828e+00 8.571683007140268318e-01
8.649624691431988310e+00 2.374916951636451667e+00 8.563842911803053459e-01
8.658787429452573292e+00 2.377094023065744022e+00 8.556009902078205442e-01
8.667950167473158274e+00 2.379273090202719931e+00 8.548183972397085384e-01
8.677112905493743256e+00 2.381454154876831986e+00 8.540365117186851096e-01
8.686275643514328237e+00 2.383637218919210099e+00 8.532553330870535913e-01
8.695438381534911443e+00 2.385822284162662399e+00 8.524748607867177475e-01
8.704601119555496425e+00 2.388009352441677446e+00 8.516950942591886564e-01
8.713763857576081406e+00 2.390198425592425568e+00 8.509160329455967009e-01
8.722926595596666388e+00 2.392389505452759746e+00 8.501376762866998948e-01
8.732089333617251370e+00 2.394582593862217834e+00 8.493600237228943195e-01
8.741252071637836352e+00 2.396777692662024783e+00 8.485830746942226721e-01
8.750414809658421333e+00 2.398974803695092195e+00 8.478068286403841469e-01
8.759577547679004539e+00 2.401173928806021429e+00 8.470312850007429839e-01
8.768740285699589521e+00 2.403375069841106271e+00 8.462564432143385718e-01
8.777903023720174502e+00 2.405578228648330708e+00 8.454823027198935526e-01
8.787065761740759484e+00 2.407783407077373816e+00 8.447088629558233697e-01
8.796228499761344466e+00 2.409990606979610650e+00 8.439361233602445944e-01
8.805391237781929448e+00 2.412199830208112239e+00 8.431640833709832528e-01
8.814553975802514429e+00 2.414411078617650031e+00 8.423927424255850394e-01
8.823716713823099411e+00 2.416624354064693669e+00 8.416220999613218678e-01
8.832879451843682617e+00 2.418839658407415882e+00 8.408521554152019739e-01
8.842042189864267598e+00 2.421056993505693811e+00 8.400829082239761325e-01
8.851204927884852580e+00 2.423276361221106789e+00 8.393143578241483160e-01
8.860367665905437562e+00 2.425497763416943009e+00 8.385465036519829107e-01
8.869530403926022544e+00 2.427721201958197739e+00 8.377793451435111560e-01
8.878693141946607525e+00 2.429946678711575547e+00 8.370128817345418026e-01
8.887855879967192507e+00 2.432174195545493411e+00 8.362471128606667747e-01
8.897018617987775713e+00 2.434403754330079384e+00 8.354820379572706068e-01
8.906181356008360694e+00 2.436635356937177921e+00 8.347176564595368831e-01
8.915344094028945676e+00 2.438869005240347221e+00 8.339539678024563418e-01
8.924506832049530658e+00 2.441104701114864994e+00 8.331909714208342033e-01
8.933669570070115640e+00 2.443342446437726245e+00 8.324286667492980518e-01
8.942832308090700622e+00 2.445582243087647267e+00 8.316670532223051637e-01
8.951995046111285603e+00 2.447824092945067420e+00 8.309061302741490573e-01
8.961157784131868809e+00 2.450067997892148242e+00 8.301458973389669316e-01
8.970320522152453790e+00 2.452313959812778332e+00 8.293863538507474376e-01
8.979483260173038772e+00 2.454561980592572024e+00 8.286274992433371178e-01
8.988645998193623754e+00 2.456812062118872486e+00 8.278693329504474008e-01
8.997808736214208736e+00 2.459064206280753062e+00 8.271118544056615951e-01
9.006971474234793718e+00 2.461318414969019486e+00 8.263550630424414400e-01
9.016134212255378699e+00 2.463574690076208995e+00 8.255989582941346550e-01
9.025296950275961905e+00 2.465833033496595217e+00 8.248435395939799353e-01
9.034459688296546886e+00 2.468093447126188167e+00 8.240888063751152792e-01
9.043622426317131868e+00 2.470355932862735582e+00 8.233347580705830948e-01
9.052785164337716850e+00 2.472620492605724696e+00 8.225813941133381935e-01
9.061947902358301832e+00 2.474887128256384017e+00 8.218287139362520088e-01
9.071110640378886814e+00 2.477155841717685103e+00 8.210767169721212566e-01
9.080273378399471795e+00 2.479426634894344339e+00 8.203254026536714871e-01
9.089436116420055001e+00 2.481699509692822936e+00 8.195747704135664113e-01
9.098598854440639982e+00 2.483974468021330928e+00 8.188248196844103433e-01
9.107761592461224964e+00 2.486251511789827617e+00 8.180755498987568597e-01
9.116924330481809946e+00 2.488530642910022461e+00 8.173269604891146844e-01
9.126087068502394928e+00 2.490811863295377293e+00 8.165790508879513521e-01
9.135249806522979910e+00 2.493095174861108099e+00 8.158318205277018675e-01
9.144412544543564891e+00 2.495380579524187681e+00 8.150852688407717039e-01
9.153575282564148097e+00 2.497668079203344327e+00 8.143393952595444629e-01
9.162738020584733079e+00 2.499957675819066694e+00 8.135941992163864267e-01
9.171900758605318060e+00 2.502249371293603364e+00 8.128496801436527752e-01
9.181063496625903042e+00 2.504543167550965066e+00 8.121058374736919161e-01
9.190226234646488024e+00 2.506839066516925563e+00 8.113626706388532561e-01
9.199388972667073006e+00 2.509137070119025203e+00 8.106201790714895328e-01
9.208551710687657987e+00 2.511437180286570037e+00 8.098783622039636976e-01
9.217714448708242969e+00 2.513739398950636250e+00 8.091372194686545782e-01
9.226877186728826175e+00 2.516043728044068395e+00 8.083967502979608755e-01
9.236039924749411156e+00 2.518350169501484714e+00 8.076569541243076022e-01
9.245202662769996138e+00 2.520658725259275368e+00 8.069178303801491925e-01
9.254365400790581120e+00 2.522969397255606427e+00 8.061793784979767175e-01
9.263528138811166102e+00 2.525282187430420322e+00 8.054415979103212164e-01
9.272690876831751083e+00 2.527597097725438058e+00 8.047044880497595809e-01
9.281853614852336065e+00 2.529914130084160551e+00 8.039680483489183294e-01
9.291016352872919271e+00 2.532233286451869514e+00 8.032322782404792694e-01
9.300179090893504252e+00 2.534554568775631900e+00 8.024971771571836054e-01
9.309341828914089234e+00 2.536877979004297679e+00 8.017627445318376012e-01
9.318504566934674216e+00 2.539203519088503835e+00 8.010289797973154657e-01
9.327667304955259198e+00 2.541531190980675259e+00 8.002958823865659044e-01
9.336830042975844179e+00 2.543860996635027405e+00 7.995634517326152269e-01
9.345992780996429161e+00 2.546192938007566298e+00 7.988316872685717884e-01
9.355155519017012367e+00 2.548527017056091637e+00 7.981005884276308748e-01
9.364318257037597348e+00 2.550863235740197243e+00 7.973701546430796983e-01
9.373480995058182330e+00 2.553201596021273723e+00 7.966403853482999509e-01
9.382643733078767312e+00 2.555542099862509797e+00 7.959112799767735780e-01
9.391806471099352294e+00 2.557884749228892751e+00 7.951828379620863307e-01
9.400969209119937275e+00 2.560229546087213315e+00 7.944550587379319850e-01
9.410131947140522257e+00 2.562576492406062556e+00 7.937279417381165603e-01
9.419294685161105463e+00 2.564925590155837654e+00 7.930014863965618721e-01
9.428457423181690444e+00 2.567276841308742785e+00 7.922756921473103064e-01
9.437620161202275426e+00 2.569630247838788240e+00 7.915505584245282611e-01
9.446782899222860408e+00 2.571985811721794857e+00 7.908260846625102536e-01
9.455945637243445390e+00 2.574343534935394917e+00 7.901022702956823629e-01
9.465108375264030371e+00 2.576703419459032141e+00 7.893791147586075585e-01
9.474271113284615353e+00 2.579065467273967016e+00 7.886566174859862555e-01
9.483433851305198559e+00 2.581429680363273693e+00 7.879347779126645301e-01
9.492596589325783540e+00 2.583796060711846643e+00 7.872135954736334540e-01
9.501759327346368522e+00 2.586164610306398881e+00 7.864930696040354219e-01
9.510922065366953504e+00 2.588535331135464190e+00 7.857731997391670387e-01
9.520084803387538486e+00 2.590908225189399783e+00 7.850539853144824498e-01
9.529247541408123467e+00 2.593283294460387189e+00 7.843354257655974493e-01
9.538410279428708449e+00 2.595660540942433592e+00 7.836175205282918110e-01
9.547573017449291655e+00 2.598039966631374931e+00 7.829002690385142849e-01
9.556735755469876636e+00 2.600421573524877239e+00 7.821836707323844839e-01
9.565898493490461618e+00 2.602805363622436641e+00 7.814677250461967706e-01
9.575061231511046600e+00 2.605191338925382016e+00 7.807524314164249191e-01
9.584223969531631582e+00 2.607579501436877667e+00 7.800377892797230039e-01
9.593386707552216563e+00 2.609969853161924203e+00 7.793237980729302850e-01
9.602549445572801545e+00 2.612362396107359874e+00 7.786104572330732054e-01
9.611712183593386527e+00 2.614757132281862351e+00 7.778977661973707214e-01
9.620874921613969732e+00 2.617154063695950494e+00 7.771857244032348566e-01
9.630037659634554714e+00 2.619553192361987470e+00 7.764743312882751436e-01
9.639200397655139696e+00 2.621954520294180302e+00 7.757635862903010660e-01
9.648363135675724678e+00 2.624358049508582091e+00 7.750534888473266104e-01
9.657525873696309660e+00 2.626763782023094684e+00 7.743440383975705998e-01
9.666688611716894641e+00 2.629171719857468670e+00 7.736352343794622444e-01
9.675851349737479623e+00 2.631581865033307821e+00 7.729270762316423626e-01
9.685014087758062828e+00 2.633994219574067319e+00 7.722195633929669345e-01
9.694176825778647810e+00 2.636408785505059083e+00 7.715126953025094325e-01
9.703339563799232792e+00 2.638825564853449990e+00 7.708064713995644857e-01
9.712502301819817774e+00 2.641244559648265877e+00 7.701008911236499888e-01
9.721665039840402756e+00 2.643665771920392427e+00 7.693959539145098780e-01
9.730827777860987737e+00 2.646089203702577386e+00 7.686916592121170178e-01
9.739990515881572719e+00 2.648514857029431901e+00 7.679880064566753095e-01
9.749153253902155924e+00 2.650942733937430962e+00 7.672849950886240222e-01
9.758315991922740906e+00 2.653372836464918727e+00 7.665826245486376811e-01
9.767478729943325888e+00 2.655805166652105864e+00 7.658808942776310635e-01
9.776641467963910870e+00 2.658239726541073988e+00 7.651798037167607536e-01
9.785804205984495852e+00 2.660676518175777439e+00 7.644793523074270292e-01
9.794966944005080833e+00 2.663115543602042390e+00 7.637795394912781921e-01
9.804129682025665815e+00 2.665556804867572183e+00 7.630803647102109011e-01
9.813292420046249021e+00 2.668000304021945990e+00 7.623818274063737244e-01
9.822455158066834002e+00 2.670446043116623258e+00 7.616839270221693603e-01
9.831617896087418984e+00 2.672894024204942820e+00 7.609866630002571908e-01
9.840780634108003966e+00 2.675344249342126446e+00 7.602900347835549466e-01
9.849943372128588948e+00 2.677796720585279289e+00 7.595940418152418161e-01
9.859106110149173929e+00 2.680251439993392104e+00 7.588986835387606655e-01
9.868268848169758911e+00 2.682708409627344359e+00 7.582039593978189274e-01
9.877431586190342117e+00 2.685167631549903344e+00 7.575098688363928190e-01
9.886594324210927098e+00 2.687629107825728170e+00 7.568164112987283421e-01
9.895757062231512080e+00 2.690092840521370654e+00 7.561235862293431698e-01
9.904919800252097062e+00 2.692558831705275768e+00 7.554313930730303106e-01
9.914082538272682044e+00 2.695027083447786520e+00 7.547398312748582194e-01
9.923245276293267025e+00 2.697497597821141735e+00 7.540489002801741281e-01
9.932408014313852007e+00 2.699970376899481384e+00 7.533585995346061548e-01
9.941570752334435213e+00 2.702445422758845694e+00 7.526689284840647476e-01
9.950733490355020194e+00 2.704922737477180039e+00 7.519798865747447936e-01
9.959896228375605176e+00 2.707402323134331823e+00 7.512914732531279505e-01
9.969058966396190158e+00 2.709884181812056703e+00 7.506036879659844230e-01
9.978221704416775140e+00 2.712368315594018586e+00 7.499165301603752942e-01
9.987384442437360121e+00 2.714854726565791410e+00 7.492299992836527478e-01
9.996547180457945103e+00 2.717343416814860024e+00 7.485440947834645087e-01
1.000570991847853008e+01 2.719834388430624195e+00 7.478588161077539542e-01
1.001487265649911329e+01 2.722327643504397265e+00 7.471741627047622236e-01
1.002403539451969827e+01 2.724823184129412823e+00 7.464901340230301052e-01
1.003319813254028325e+01 2.727321012400819811e+00 7.458067295114007011e-01
1.004236087056086824e+01 2.729821130415689634e+00 7.451239486190192052e-01
1.005152360858145322e+01 2.732323540273016160e+00 7.444417907953368996e-01
1.006068634660203820e+01 2.734828244073716164e+00 7.437602554901113772e-01
1.006984908462262318e+01 2.737335243920633765e+00 7.430793421534085397e-01
1.007901182264320639e+01 2.739844541918539100e+00 7.423990502356052623e-01
1.008817456066379137e+01 2.742356140174134094e+00 7.417193791873883946e-01
1.009733729868437635e+01 2.744870040796050237e+00 7.410403284597602003e-01
1.010650003670496133e+01 2.747386245894851253e+00 7.403618975040369143e-01
1.011566277472554631e+01 2.749904757583037984e+00 7.396840857718511852e-01
1.012482551274613130e+01 2.752425577975045279e+00 7.390068927151549616e-01
1.013398825076671628e+01 2.754948709187247768e+00 7.383303177862183819e-01
1.014315098878729948e+01 2.757474153337958978e+00 7.376543604376344376e-01
1.015231372680788446e+01 2.760001912547437097e+00 7.369790201223174186e-01
1.016147646482846945e+01 2.762531988937880101e+00 7.363042962935070213e-01
1.017063920284905443e+01 2.765064384633434180e+00 7.356301884047676820e-01
1.017980194086963941e+01 2.767599101760191527e+00 7.349566959099919083e-01
1.018896467889022439e+01 2.770136142446193439e+00 7.342838182634002786e-01
1.019812741691080937e+01 2.772675508821432100e+00 7.336115549195429963e-01
1.020729015493139258e+01 2.775217203017851464e+00 7.329399053333031100e-01
1.021645289295197756e+01 2.777761227169351699e+00 7.322688689598946254e-01
1.022561563097256254e+01 2.780307583411787409e+00 7.315984452548668360e-01
1.023477836899314752e+01 2.782856273882972076e+00 7.309286336741038781e-01
1.024394110701373251e+01 2.785407300722678059e+00 7.302594336738275071e-01
1.025310384503431749e+01 2.787960666072640148e+00 7.295908447105959871e-01
1.026226658305490247e+01 2.790516372076555118e+00 7.289228662413091975e-01
1.027142932107548567e+01 2.793074420880086617e+00 7.282554977232054139e-01
1.028059205909607066e+01 2.795634814630864273e+00 7.275887386138660817e-01
1.028975479711665564e+01 2.798197555478485476e+00 7.269225883712155944e-01
1.029891753513724062e+01 2.800762645574520260e+00 7.262570464535218484e-01
1.030808027315782560e+01 2.803330087072509524e+00 7.255921123193993516e-01
1.031724301117841058e+01 2.805899882127968592e+00 7.249277854278085576e-01
1.032640574919899557e+01 2.808472032898388537e+00 7.242640652380578636e-01
1.033556848721957877e+01 2.811046541543238408e+00 7.236009512098050545e-01
1.034473122524016375e+01 2.813623410223967447e+00 7.229384428030576348e-01
1.035389396326074873e+01 2.816202641104005533e+00 7.222765394781744952e-01
1.036305670128133372e+01 2.818784236348765848e+00 7.216152406958667997e-01
1.037221943930191870e+01 2.821368198125646209e+00 7.209545459171989856e-01
1.038138217732250368e+01 2.823954528604032621e+00 7.202944546035903173e-01
1.039054491534308866e+01 2.826543229955297942e+00 7.196349662168156636e-01
1.039970765336367187e+01 2.829134304352806328e+00 7.189760802190059419e-01
1.040887039138425685e+01 2.831727753971915451e+00 7.183177960726498945e-01
1.041803312940484183e+01 2.834323580989975166e+00 7.176601132405951988e-01
1.042719586742542681e+01 2.836921787586332400e+00 7.170030311860490224e-01
1.043635860544601179e+01 2.839522375942331589e+00 7.163465493725783562e-01
1.044552134346659678e+01 2.842125348241316907e+00 7.156906672641126788e-01
1.045468408148718176e+01 2.844730706668634035e+00 7.150353843249437347e-01
1.046384681950776674e+01 2.847338453411631054e+00 7.143807000197265333e-01
1.047300955752834994e+01 2.849948590659661996e+00 7.137266138134805704e-01
1.048217229554893493e+01 2.852561120604088618e+00 7.130731251715904939e-01
1.049133503356951991e+01 2.855176045438280408e+00 7.124202335598068814e-01
1.050049777159010489e+01 2.857793367357617687e+00 7.117679384442480162e-01
1.050966050961068987e+01 2.860413088559492945e+00 7.111162392913995545e-01
1.051882324763127485e+01 2.863035211243313949e+00 7.104651355681158575e-01
1.052798598565185983e+01 2.865659737610503743e+00 7.098146267416212130e-01
1.053714872367244304e+01 2.868286669864502869e+00 7.091647122795107228e-01
1.054631146169302802e+01 2.870916010210774250e+00 7.085153916497497484e-01
1.055547419971361300e+01 2.873547760856800526e+00 7.078666643206761311e-01
1.056463693773419799e+01 2.876181924012088054e+00 7.072185297610006360e-01
1.057379967575478297e+01 2.878818501888168679e+00 7.065709874398081736e-01
1.058296241377536795e+01 2.881457496698601961e+00 7.059240368265572441e-01
1.059212515179595293e+01 2.884098910658976500e+00 7.052776773910817143e-01
1.060128788981653614e+01 2.886742745986911718e+00 7.046319086035917056e-01
1.061045062783712112e+01 2.889389004902060076e+00 7.039867299346739271e-01
1.061961336585770610e+01 2.892037689626108854e+00 7.033421408552915643e-01
1.062877610387829108e+01 2.894688802382781478e+00 7.026981408367870552e-01
1.063793884189887606e+01 2.897342345397840191e+00 7.020547293508810904e-01
1.064710157991946105e+01 2.899998320899087823e+00 7.014119058696737241e-01
1.065626431794004603e+01 2.902656731116369571e+00 7.007696698656452616e-01
1.066542705596062923e+01 2.905317578281572555e+00 7.001280208116567039e-01
1.067458979398121421e+01 2.907980864628633810e+00 6.994869581809506354e-01
1.068375253200179920e+01 2.910646592393534959e+00 6.988464814471515574e-01
1.069291527002238418e+01 2.913314763814308428e+00 6.982065900842668871e-01
1.070207800804296916e+01 2.915985381131038334e+00 6.975672835666872906e-01
1.071124074606355414e+01 2.918658446585861821e+00 6.969285613691870163e-01
1.072040348408413912e+01 2.921333962422972164e+00 6.962904229669257816e-01
1.072956622210472233e+01 2.924011930888617883e+00 6.956528678354475526e-01
1.073872896012530731e+01 2.926692354231110738e+00 6.950158954506824305e-01
1.074789169814589229e+01 2.929375234700819064e+00 6.943795052889465413e-01
1.075705443616647727e+01 2.932060574550176213e+00 6.937436968269432569e-01
1.076621717418706226e+01 2.934748376033680106e+00 6.931084695417630837e-01
1.077537991220764724e+01 2.937438641407895901e+00 6.924738229108844401e-01
1.078454265022823222e+01 2.940131372931455545e+00 6.918397564121744336e-01
1.079370538824881542e+01 2.942826572865063106e+00 6.912062695238890830e-01
1.080286812626940041e+01 2.945524243471495218e+00 6.905733617246737621e-01
1.081203086428998539e+01 2.948224387015601078e+00 6.899410324935638661e-01
1.082119360231057037e+01 2.950927005764308220e+00 6.893092813099858107e-01
1.083035634033115535e+01 2.953632101986620295e+00 6.886781076537561441e-01
1.083951907835174033e+01 2.956339677953621514e+00 6.880475110050839893e-01
1.084868181637232532e+01 2.959049735938479309e+00 6.874174908445688237e-01
1.085784455439291030e+01 2.961762278216443001e+00 6.867880466532044759e-01
1.086700729241349350e+01 2.964477307064848244e+00 6.861591779123757950e-01
1.087617003043407848e+01 2.967194824763119243e+00 6.855308841038623147e-01
1.088533276845466347e+01 2.969914833592768755e+00 6.849031647098364761e-01
1.089449550647524845e+01 2.972637335837401640e+00 6.842760192128650720e-01
1.090365824449583343e+01 2.975362333782714863e+00 6.836494470959095793e-01
1.091282098251641841e+01 2.978089829716501935e+00 6.830234478423263811e-01
1.092198372053700339e+01 2.980819825928653355e+00 6.823980209358671001e-01
1.093114645855758660e+01 2.983552324711158388e+00 6.817731658606792644e-01
1.094030919657817158e+01 2.986287328358107729e+00 6.811488821013063077e-01
1.094947193459875656e+01 2.989024839165694836e+00 6.805251691426885685e-01
1.095863467261934154e+01 2.991764859432217705e+00 6.799020264701631788e-01
1.096779741063992653e+01 2.994507391458081536e+00 6.792794535694643976e-01
1.097696014866051151e+01 2.997252437545800952e+00 6.786574499267239435e-01
1.098612288668109649e+01 3.000000000000000444e+00 6.780360150284717724e-01
