# tau=beta*t, lambda=exp[(gamma_dot/beta)*tau], sigma_norm=sigma/mu
# tau lambda sigma_over_mu
0.000000000000000000e+00 1.000000000000000000e+00 0.000000000000000000e+00
1.832547604116947131e-03 1.000916693709138716e+00 5.792927083109503453e-03
3.665095208233894262e-03 1.001834227745634021e+00 1.156075200336469967e-02
5.497642812350841610e-03 1.002752602879808386e+00 1.730357240687227516e-02
7.330190416467788524e-03 1.003671819882690830e+00 2.302148555462266155e-02
9.162738020584735438e-03 1.004591879526017140e+00 2.871458832409543721e-02
1.099528562470168322e-02 1.005512782582230535e+00 3.438297721085772918e-02
1.282783322881862927e-02 1.006434529824482338e+00 4.002674833015609779e-02
1.466038083293557705e-02 1.007357122026632634e+00 4.564599741850317721e-02
1.649292843705252309e-02 1.008280559963250500e+00 5.124081983525171496e-02
1.832547604116947088e-02 1.009204844409615776e+00 5.681131056417291353e-02
2.015802364528641866e-02 1.010129976141718400e+00 6.235756421501171404e-02
2.199057124940336644e-02 1.011055955936260187e+00 6.787967502505105888e-02
2.382311885352031422e-02 1.011982784570654159e+00 7.337773686065331147e-02
2.565566645763725853e-02 1.012910462823026991e+00 7.885184321881393010e-02
2.748821406175420631e-02 1.013838991472217677e+00 8.430208722868617888e-02
2.932076166587115409e-02 1.014768371297779748e+00 8.972856165311854371e-02
3.115330926998810188e-02 1.015698603079981499e+00 9.513135889017584890e-02
3.298585687410504619e-02 1.016629687599805987e+00 1.005105709746491882e-01
3.481840447822199397e-02 1.017561625638952583e+00 1.058662895795719344e-01
3.665095208233894175e-02 1.018494417979836753e+00 1.111986060177152374e-01
3.848349968645588953e-02 1.019428065405591832e+00 1.165076112430898647e-01
4.031604729057283731e-02 1.020362568700068806e+00 1.217933958524305277e-01
4.214859489468978510e-02 1.021297928647836750e+00 1.270560500866762255e-01
4.398114249880673288e-02 1.022234146034184832e+00 1.322956638324531697e-01
4.581369010292368066e-02 1.023171221645121198e+00 1.375123266235338537e-01
4.764623770704062844e-02 1.024109156267375198e+00 1.427061276423081393e-01
4.947878531115756928e-02 1.025047950688396936e+00 1.478771557212327503e-01
5.131133291527451706e-02 1.025987605696358607e+00 1.530254993442841382e-01
5.314388051939146485e-02 1.026928122080154715e+00 1.581512466483993018e-01
5.497642812350841263e-02 1.027869500629403410e+00 1.632544854249159683e-01
5.680897572762536041e-02 1.028811742134446039e+00 1.683353031209958717e-01
5.864152333174230819e-02 1.029754847386348704e+00 1.733937868410543592e-01
6.047407093585925597e-02 1.030698817176903148e+00 1.784300233481783682e-01
6.230661853997620375e-02 1.031643652298625868e+00 1.834440990655294701e-01
6.413916614409315153e-02 1.032589353544761002e+00 1.884361000777599326e-01
6.597171374821009238e-02 1.033535921709279215e+00 1.934061121324031907e-01
6.780426135232704710e-02 1.034483357586879038e+00 1.983542206412686471e-01
6.963680895644398794e-02 1.035431661972987749e+00 2.032805106818295349e-01
7.146935656056094266e-02 1.036380835663761601e+00 2.081850669986005098e-01
7.330190416467788350e-02 1.037330879456086485e+00 2.130679740045125781e-01
7.513445176879483822e-02 1.038281794147579262e+00 2.179293157822826954e-01
7.696699937291177906e-02 1.039233580536587764e+00 2.227691760857736791e-01
7.879954697702871991e-02 1.040186239422191461e+00 2.275876383413499571e-01
8.063209458114567463e-02 1.041139771604202569e+00 2.323847856492285979e-01
8.246464218526261547e-02 1.042094177883166273e+00 2.371607007848222926e-01
8.429718978937957019e-02 1.043049459060362061e+00 2.419154662000793377e-01
8.612973739349651103e-02 1.044005615937803277e+00 2.466491640248112960e-01
8.796228499761346575e-02 1.044962649318238901e+00 2.513618760680240150e-01
8.979483260173040660e-02 1.045920560005153988e+00 2.560536838192365439e-01
9.162738020584736132e-02 1.046879348802769671e+00 2.607246684497935840e-01
9.345992780996430216e-02 1.047839016516044497e+00 2.653749108141756907e-01
9.529247541408125688e-02 1.048799563950675084e+00 2.700044914513038963e-01
9.712502301819819772e-02 1.049760991913096131e+00 2.746134905858317321e-01
9.895757062231513856e-02 1.050723301210482186e+00 2.792019881294444672e-01
1.007901182264320933e-01 1.051686492650747429e+00 2.837700636821381406e-01
1.026226658305490341e-01 1.052650567042546559e+00 2.883177965335027571e-01
1.044552134346659888e-01 1.053615525195275904e+00 2.928452656639971008e-01
1.062877610387829297e-01 1.054581367919073198e+00 2.973525497462148337e-01
1.081203086428998844e-01 1.055548096024819804e+00 3.018397271461545905e-01
1.099528562470168253e-01 1.056515710324139157e+00 3.063068759244669814e-01
1.117854038511337800e-01 1.057484211629399651e+00 3.107540738377178036e-01
1.136179514552507208e-01 1.058453600753713753e+00 3.151813983396268837e-01
1.154504990593676755e-01 1.059423878510939998e+00 3.195889265823159131e-01
1.172830466634846164e-01 1.060395045715682549e+00 3.239767354175394631e-01
1.191155942676015572e-01 1.061367103183292082e+00 3.283449013979149456e-01
1.209481418717185119e-01 1.062340051729866897e+00 3.326935007781518516e-01
1.227806894758354528e-01 1.063313892172254027e+00 3.370226095162711655e-01
1.246132370799524075e-01 1.064288625328048132e+00 3.413323032748132868e-01
1.264457846840693622e-01 1.065264252015594382e+00 3.456226574220560566e-01
1.282783322881863031e-01 1.066240773053987567e+00 3.498937470332116328e-01
1.301108798923032439e-01 1.067218189263073436e+00 3.541456468916282518e-01
1.319434274964201848e-01 1.068196501463449355e+00 3.583784314899824963e-01
1.337759751005371534e-01 1.069175710476464980e+00 3.625921750314685665e-01
1.356085227046540942e-01 1.070155817124222697e+00 3.667869514309787249e-01
1.374410703087710350e-01 1.071136822229578733e+00 3.709628343162840181e-01
1.392736179128879759e-01 1.072118726616143602e+00 3.751198970292040635e-01
1.411061655170049167e-01 1.073101531108282547e+00 3.792582126267758924e-01
1.429387131211218853e-01 1.074085236531116649e+00 3.833778538824157422e-01
1.447712607252388262e-01 1.075069843710523720e+00 3.874788932870781855e-01
1.466038083293557670e-01 1.076055353473137854e+00 3.915614030504038778e-01
1.484363559334727078e-01 1.077041766646351872e+00 3.956254551018731913e-01
1.502689035375896764e-01 1.078029084058316434e+00 3.996711210919424717e-01
1.521014511417066173e-01 1.079017306537941145e+00 4.036984723931832386e-01
1.539339987458235581e-01 1.080006434914896563e+00 4.077075801014189427e-01
1.557665463499404990e-01 1.080996470019612410e+00 4.116985150368429602e-01
1.575990939540574398e-01 1.081987412683280692e+00 4.156713477451505212e-01
1.594316415581744084e-01 1.082979263737854803e+00 4.196261484986504309e-01
1.612641891622913493e-01 1.083972024016051083e+00 4.235629872973797339e-01
1.630967367664082901e-01 1.084965694351349041e+00 4.274819338702118277e-01
1.649292843705252309e-01 1.085960275577992240e+00 4.313830576759589697e-01
1.667618319746421995e-01 1.086955768530989186e+00 4.352664279044712314e-01
1.685943795787591404e-01 1.087952174046113774e+00 4.391321134777296797e-01
1.704269271828760812e-01 1.088949492959905729e+00 4.429801830509333960e-01
1.722594747869930221e-01 1.089947726109671944e+00 4.468107050135872171e-01
1.740920223911099907e-01 1.090946874333486916e+00 4.506237474905783746e-01
1.759245699952269315e-01 1.091946938470192974e+00 4.544193783432512457e-01
1.777571175993438723e-01 1.092947919359402054e+00 4.581976651704799397e-01
1.795896652034608132e-01 1.093949817841495031e+00 4.619586753097289500e-01
1.814222128075777540e-01 1.094952634757623944e+00 4.657024758381203000e-01
1.832547604116947226e-01 1.095956370949711101e+00 4.694291335734832038e-01
1.850873080158116635e-01 1.096961027260451305e+00 4.731387150754110538e-01
1.869198556199286043e-01 1.097966604533311408e+00 4.768312866463048083e-01
1.887524032240455452e-01 1.098973103612531643e+00 4.805069143324179892e-01
1.905849508281625138e-01 1.099980525343126070e+00 4.841656639248930749e-01
1.924174984322794546e-01 1.100988870570883238e+00 4.878076009607956176e-01
1.942500460363963954e-01 1.101998140142367300e+00 4.914327907241442528e-01
1.960825936405133363e-01 1.103008334904918453e+00 4.950412982469346024e-01
1.979151412446302771e-01 1.104019455706653607e+00 4.986331883101602358e-01
1.997476888487472457e-01 1.105031503396466608e+00 5.022085254448248604e-01
2.015802364528641866e-01 1.106044478824030453e+00 5.057673739329615614e-01
2.034127840569811274e-01 1.107058382839796185e+00 5.093097978086312816e-01
2.052453316610980683e-01 1.108073216294994667e+00 5.128358608589307366e-01
2.070778792652150369e-01 1.109088980041637473e+00 5.163456266249910609e-01
2.089104268693319777e-01 1.110105674932516884e+00 5.198391584029694590e-01
2.107429744734489185e-01 1.111123301821206777e+00 5.233165192450399683e-01
2.125755220775658594e-01 1.112141861562063738e+00 5.267777719603796704e-01
2.144080696816828280e-01 1.113161355010227727e+00 5.302229791161515715e-01
2.162406172857997688e-01 1.114181783021622074e+00 5.336522030384771575e-01
2.180731648899167097e-01 1.115203146452955041e+00 5.370655058134137239e-01
2.199057124940336505e-01 1.116225446161720258e+00 5.404629492879226005e-01
2.217382600981505913e-01 1.117248683006197396e+00 5.438445950708316046e-01
2.235708077022675599e-01 1.118272857845452828e+00 5.472105045337979368e-01
2.254033553063845008e-01 1.119297971539340297e+00 5.505607388122624180e-01
2.272359029105014416e-01 1.120324024948502251e+00 5.538953588064042810e-01
2.290684505146183825e-01 1.121351018934369614e+00 5.572144251820871919e-01
2.309009981187353511e-01 1.122378954359163128e+00 5.605179983718046044e-01
2.327335457228522919e-01 1.123407832085894009e+00 5.638061385756195643e-01
2.345660933269692328e-01 1.124437652978364399e+00 5.670789057620998497e-01
2.363986409310861736e-01 1.125468417901168472e+00 5.703363596692518911e-01
2.382311885352031144e-01 1.126500127719692879e+00 5.735785598054478074e-01
2.400637361393200830e-01 1.127532783300117414e+00 5.768055654503484453e-01
2.418962837434370239e-01 1.128566385509416570e+00 5.800174356558275290e-01
2.437288313475539647e-01 1.129600935215358426e+00 5.832142292468812661e-01
2.455613789516709056e-01 1.130636433286507758e+00 5.863960048225475008e-01
2.473939265557878742e-01 1.131672880592224706e+00 5.895628207568098800e-01
2.492264741599048150e-01 1.132710278002666549e+00 5.927147351995026847e-01
2.510590217640217836e-01 1.133748626388788372e+00 5.958518060772137748e-01
2.528915693681387244e-01 1.134787926622343734e+00 5.989740910941800944e-01
2.547241169722556653e-01 1.135828179575885111e+00 6.020816477331800698e-01
2.565566645763726061e-01 1.136869386122765002e+00 6.051745332564234525e-01
2.583892121804895470e-01 1.137911547137136159e+00 6.082528047064361676e-01
2.602217597846064878e-01 1.138954663493953134e+00 6.113165189069439398e-01
2.620543073887234287e-01 1.139998736068972285e+00 6.143657324637470385e-01
2.638868549928403695e-01 1.141043765738752880e+00 6.174005017655974648e-01
2.657194025969573103e-01 1.142089753380657768e+00 6.204208829850677009e-01
2.675519502010743067e-01 1.143136699872853601e+00 6.234269320794160185e-01
2.693844978051912475e-01 1.144184606094312828e+00 6.264187047914540063e-01
2.712170454093081884e-01 1.145233472924813034e+00 6.293962566504009981e-01
2.730495930134251292e-01 1.146283301244938269e+00 6.323596429727420531e-01
2.748821406175420701e-01 1.147334091936080380e+00 6.353089188630813844e-01
2.767146882216590109e-01 1.148385845880438572e+00 6.382441392149880155e-01
2.785472358257759518e-01 1.149438563961021398e+00 6.411653587118432140e-01
2.803797834298928926e-01 1.150492247061645879e+00 6.440726318276781548e-01
2.822123310340098334e-01 1.151546896066940162e+00 6.469660128280162459e-01
2.840448786381268298e-01 1.152602511862343082e+00 6.498455557707049079e-01
2.858774262422437706e-01 1.153659095334105045e+00 6.527113145067451327e-01
2.877099738463607115e-01 1.154716647369288474e+00 6.555633426811189324e-01
2.895425214504776523e-01 1.155775168855769808e+00 6.584016937336161224e-01
2.913750690545945932e-01 1.156834660682238614e+00 6.612264208996504466e-01
2.932076166587115340e-01 1.157895123738199805e+00 6.640375772110782560e-01
2.950401642628284749e-01 1.158956558913972978e+00 6.668352154970101919e-01
2.968727118669454157e-01 1.160018967100694631e+00 6.696193883846234263e-01
2.987052594710623565e-01 1.161082349190317498e+00 6.723901482999652401e-01
3.005378070751793529e-01 1.162146706075612546e+00 6.751475474687576028e-01
3.023703546792962937e-01 1.163212038650168312e+00 6.778916379171945339e-01
3.042029022834132346e-01 1.164278347808393566e+00 6.806224714727430181e-01
3.060354498875301754e-01 1.165345634445515977e+00 6.833400997649293762e-01
3.078679974916471163e-01 1.166413899457584558e+00 6.860445742261335189e-01
3.097005450957640571e-01 1.167483143741469442e+00 6.887359460923728749e-01
3.115330926998809979e-01 1.168553368194862774e+00 6.914142664040856534e-01
3.133656403039979388e-01 1.169624573716280036e+00 6.940795860069105538e-01
3.151981879081148796e-01 1.170696761205059833e+00 6.967319555524618124e-01
3.170307355122318760e-01 1.171769931561365663e+00 6.993714254991034718e-01
3.188632831163488168e-01 1.172844085686185922e+00 7.019980461127185434e-01
3.206958307204657577e-01 1.173919224481335233e+00 7.046118674674751725e-01
3.225283783245826985e-01 1.174995348849454224e+00 7.072129394465886953e-01
3.243609259286996394e-01 1.176072459694011973e+00 7.098013117430858054e-01
3.261934735328165802e-01 1.177150557919304896e+00 7.123770338605551755e-01
3.280260211369335210e-01 1.178229644430458745e+00 7.149401551139051847e-01
3.298585687410504619e-01 1.179309720133428829e+00 7.174907246301138741e-01
3.316911163451674582e-01 1.180390785935001574e+00 7.200287913489759051e-01
3.335236639492843991e-01 1.181472842742793627e+00 7.225544040238442989e-01
3.353562115534013399e-01 1.182555891465254083e+00 7.250676112223751746e-01
3.371887591575182808e-01 1.183639933011665368e+00 7.275684613272642709e-01
3.390213067616352216e-01 1.184724968292142577e+00 7.300570025369792493e-01
3.408538543657521624e-01 1.185810998217635692e+00 7.325332828664955498e-01
3.426864019698691033e-01 1.186898023699929361e+00 7.349973501480218108e-01
3.445189495739860441e-01 1.187986045651644451e+00 7.374492520317270650e-01
3.463514971781029850e-01 1.189075064986238051e+00 7.398890359864618294e-01
3.481840447822199813e-01 1.190165082618004799e+00 7.423167493004790840e-01
3.500165923863369222e-01 1.191256099462077334e+00 7.447324390821494777e-01
3.518491399904538630e-01 1.192348116434427396e+00 7.471361522606763117e-01
3.536816875945708039e-01 1.193441134451866281e+00 7.495279355868041948e-01
3.555142351986877447e-01 1.194535154432045720e+00 7.519078356335279212e-01
3.573467828028046855e-01 1.195630177293458773e+00 7.542758987967966844e-01
3.591793304069216264e-01 1.196726203955440271e+00 7.566321712962147394e-01
3.610118780110385672e-01 1.197823235338167702e+00 7.589766991757408432e-01
3.628444256151555081e-01 1.198921272362662549e+00 7.613095283043851413e-01
3.646769732192725044e-01 1.200020315950790062e+00 7.636307043768988390e-01
3.665095208233894453e-01 1.201120367025261038e+00 7.659402729144683120e-01
3.683420684275063861e-01 1.202221426509631597e+00 7.682382792653974501e-01
3.701746160316233270e-01 1.203323495328304737e+00 7.705247686057959955e-01
3.720071636357402678e-01 1.204426574406531003e+00 7.727997859402584435e-01
3.738397112398572086e-01 1.205530664670409147e+00 7.750633761025439439e-01
3.756722588439741495e-01 1.206635767046886354e+00 7.773155837562503168e-01
3.775048064480910903e-01 1.207741882463760241e+00 7.795564533954884023e-01
3.793373540522080312e-01 1.208849011849678190e+00 7.817860293455507481e-01
3.811699016563250275e-01 1.209957156134139566e+00 7.840043557635801852e-01
3.830024492604419684e-01 1.211066316247495056e+00 7.862114766392325205e-01
3.848349968645589092e-01 1.212176493120949106e+00 7.884074357953414491e-01
3.866675444686758500e-01 1.213287687686559035e+00 7.905922768885731422e-01
3.885000920727927909e-01 1.214399900877236815e+00 7.927660434100856079e-01
3.903326396769097317e-01 1.215513133626749731e+00 7.949287786861807259e-01
3.921651872810266726e-01 1.216627386869721050e+00 7.970805258789563918e-01
3.939977348851436134e-01 1.217742661541630467e+00 7.992213279869520015e-01
3.958302824892605543e-01 1.218858958578815654e+00 8.013512278457961546e-01
3.976628300933775506e-01 1.219976278918472268e+00 8.034702681288481418e-01
3.994953776974944915e-01 1.221094623498655496e+00 8.055784913478390985e-01
4.013279253016114323e-01 1.222213993258279841e+00 8.076759398535067191e-01
4.031604729057283731e-01 1.223334389137121114e+00 8.097626558362335247e-01
4.049930205098453140e-01 1.224455812075816219e+00 8.118386813266753599e-01
4.068255681139622548e-01 1.225578263015864700e+00 8.139040581963941090e-01
4.086581157180791957e-01 1.226701742899628522e+00 8.159588281584807534e-01
4.104906633221961365e-01 1.227826252670334295e+00 8.180030327681837576e-01
4.123232109263130774e-01 1.228951793272072601e+00 8.200367134235267974e-01
4.141557585304300737e-01 1.230078365649799998e+00 8.220599113659308177e-01
4.159883061345470145e-01 1.231205970749338796e+00 8.240726676808285411e-01
4.178208537386639554e-01 1.232334609517378832e+00 8.260750232982788654e-01
4.196534013427808962e-01 1.233464282901477471e+00 8.280670189935797065e-01
4.214859489468978371e-01 1.234594991850060719e+00 8.300486953878740692e-01
4.233184965510147779e-01 1.235726737312423884e+00 8.320200929487582275e-01
4.251510441551317188e-01 1.236859520238732912e+00 8.339812519908864630e-01
4.269835917592486596e-01 1.237993341580024165e+00 8.359322126765683647e-01
4.288161393633656560e-01 1.239128202288206193e+00 8.378730150163729018e-01
4.306486869674825968e-01 1.240264103316060407e+00 8.398036988697217264e-01
4.324812345715995376e-01 1.241401045617240850e+00 8.417243039454821441e-01
4.343137821757164785e-01 1.242539030146276424e+00 8.436348698025616377e-01
4.361463297798334193e-01 1.243678057858570885e+00 8.455354358504939549e-01
4.379788773839503602e-01 1.244818129710403953e+00 8.474260413500281919e-01
4.398114249880673010e-01 1.245959246658931319e+00 8.493067254137104394e-01
4.416439725921842419e-01 1.247101409662186855e+00 8.511775270064667609e-01
4.434765201963011827e-01 1.248244619679082401e+00 8.530384849461831731e-01
4.453090678004181791e-01 1.249388877669408648e+00 8.548896379042815186e-01
4.471416154045351199e-01 1.250534184593836029e+00 8.567310244062931179e-01
4.489741630086520607e-01 1.251680541413916270e+00 8.585626828324351978e-01
4.508067106127690016e-01 1.252827949092081949e+00 8.603846514181746619e-01
4.526392582168859424e-01 1.253976408591647829e+00 8.621969682547995228e-01
4.544718058210028833e-01 1.255125920876812184e+00 8.639996712899837839e-01
4.563043534251198241e-01 1.256276486912657031e+00 8.657927983283497664e-01
4.581369010292367649e-01 1.257428107665149009e+00 8.675763870320271076e-01
4.599694486333537058e-01 1.258580784101139827e+00 8.693504749212132010e-01
4.618019962374707021e-01 1.259734517188368486e+00 8.711150993747289739e-01
4.636345438415876430e-01 1.260889307895459943e+00 8.728702976305692252e-01
4.654670914457045838e-01 1.262045157191928002e+00 8.746161067864592908e-01
4.672996390498215247e-01 1.263202066048175087e+00 8.763525638004002749e-01
4.691321866539384655e-01 1.264360035435492469e+00 8.780797054912158339e-01
4.709647342580554064e-01 1.265519066326062703e+00 8.797975685390990730e-01
4.727972818621723472e-01 1.266679159692958967e+00 8.815061894861530023e-01
4.746298294662892880e-01 1.267840316510146836e+00 8.832056047369318819e-01
4.764623770704062289e-01 1.269002537752484283e+00 8.848958505589775703e-01
4.782949246745232252e-01 1.270165824395723231e+00 8.865769630833565396e-01
4.801274722786401661e-01 1.271330177416509777e+00 8.882489783051924492e-01
4.819600198827571069e-01 1.272495597792385746e+00 8.899119320841993863e-01
4.837925674868740478e-01 1.273662086501788915e+00 8.915658601452078891e-01
4.856251150909909886e-01 1.274829644524053673e+00 8.932107980786941903e-01
4.874576626951079295e-01 1.275998272839412584e+00 8.948467813413044647e-01
4.892902102992248703e-01 1.277167972428996379e+00 8.964738452563770776e-01
4.911227579033418111e-01 1.278338744274835737e+00 8.980920250144641681e-01
4.929553055074587520e-01 1.279510589359860839e+00 8.997013556738479023e-01
4.947878531115757483e-01 1.280683508667903370e+00 9.013018721610585038e-01
4.966204007156926892e-01 1.281857503183697178e+00 9.028936092713891748e-01
4.984529483198096300e-01 1.283032573892878059e+00 9.044766016694052446e-01
5.002854959239265709e-01 1.284208721781985751e+00 9.060508838894565375e-01
5.021180435280435672e-01 1.285385947838464604e+00 9.076164903361847447e-01
5.039505911321604525e-01 1.286564253050663353e+00 9.091734552850284645e-01
5.057831387362774489e-01 1.287743638407837787e+00 9.107218128827273551e-01
5.076156863403943342e-01 1.288924104900149858e+00 9.122615971478245100e-01
5.094482339445113306e-01 1.290105653518669238e+00 9.137928419711646155e-01
5.112807815486282159e-01 1.291288285255373980e+00 9.153155811163924405e-01
5.131133291527452123e-01 1.292472001103152301e+00 9.168298482204492172e-01
5.149458767568620976e-01 1.293656802055801691e+00 9.183356767940639154e-01
5.167784243609790940e-01 1.294842689108030909e+00 9.198331002222464026e-01
5.186109719650960903e-01 1.296029663255460429e+00 9.213221517647770531e-01
5.204435195692129756e-01 1.297217725494623997e+00 9.228028645566932475e-01
5.222760671733299720e-01 1.298406876822968403e+00 9.242752716087764275e-01
5.241086147774468573e-01 1.299597118238854376e+00 9.257394058080327115e-01
5.259411623815638537e-01 1.300788450741559021e+00 9.271952999181788391e-01
5.277737099856807390e-01 1.301980875331274046e+00 9.286429865801171246e-01
5.296062575897977354e-01 1.303174393009109311e+00 9.300824983124174050e-01
5.314388051939146207e-01 1.304369004777091501e+00 9.315138675117888845e-01
5.332713527980316170e-01 1.305564711638166342e+00 9.329371264535573083e-01
5.351039004021486134e-01 1.306761514596198825e+00 9.343523072921343653e-01
5.369364480062654987e-01 1.307959414655973651e+00 9.357594420614878672e-01
5.387689956103824951e-01 1.309158412823197892e+00 9.371585626756125942e-01
5.406015432144993804e-01 1.310358510104498997e+00 9.385497009289923698e-01
5.424340908186163768e-01 1.311559707507428119e+00 9.399328884970662434e-01
5.442666384227332621e-01 1.312762006040460117e+00 9.413081569366927859e-01
5.460991860268502585e-01 1.313965406712994000e+00 9.426755376866061686e-01
5.479317336309671438e-01 1.315169910535353592e+00 9.440350620678780169e-01
5.497642812350841401e-01 1.316375518518790200e+00 9.453867612843741552e-01
5.515968288392011365e-01 1.317582231675480609e+00 9.467306664232072455e-01
5.534293764433180218e-01 1.318790051018530640e+00 9.480668084551924224e-01
5.552619240474350182e-01 1.319998977561974041e+00 9.493952182352961566e-01
5.570944716515519035e-01 1.321209012320774923e+00 9.507159265030881157e-01
5.589270192556688999e-01 1.322420156310826878e+00 9.520289638831865853e-01
5.607595668597857852e-01 1.323632410548955196e+00 9.533343608857042240e-01
5.625921144639027816e-01 1.324845776052917756e+00 9.546321479066949278e-01
5.644246620680196669e-01 1.326060253841404579e+00 9.559223552285917025e-01
5.662572096721366632e-01 1.327275844934040050e+00 9.572050130206501972e-01
5.680897572762536596e-01 1.328492550351382917e+00 9.584801513393861327e-01
5.699223048803705449e-01 1.329710371114927847e+00 9.597478001290119520e-01
5.717548524844875413e-01 1.330929308247105425e+00 9.610079892218722497e-01
5.735874000886044266e-01 1.332149362771283929e+00 9.622607483388768701e-01
5.754199476927214230e-01 1.333370535711769778e+00 9.635061070899322289e-01
5.772524952968383083e-01 1.334592828093807748e+00 9.647440949743710803e-01
5.790850429009553046e-01 1.335816240943583200e+00 9.659747413813815076e-01
5.809175905050721900e-01 1.337040775288221406e+00 9.671980755904315830e-01
5.827501381091891863e-01 1.338266432155790220e+00 9.684141267716952495e-01
5.845826857133061827e-01 1.339493212575299186e+00 9.696229239864753158e-01
5.864152333174230680e-01 1.340721117576701094e+00 9.708244961876225654e-01
5.882477809215400644e-01 1.341950148190893088e+00 9.720188722199579745e-01
5.900803285256569497e-01 1.343180305449717560e+00 9.732060808206890457e-01
5.919128761297739461e-01 1.344411590385962585e+00 9.743861506198261413e-01
5.937454237338908314e-01 1.345644004033362595e+00 9.755591101405953758e-01
5.955779713380078277e-01 1.346877547426600374e+00 9.767249877998557261e-01
5.974105189421247131e-01 1.348112221601306615e+00 9.778838119085040415e-01
5.992430665462417094e-01 1.349348027594061694e+00 9.790356106718897111e-01
6.010756141503587058e-01 1.350584966442396118e+00 9.801804121902196743e-01
6.029081617544755911e-01 1.351823039184791186e+00 9.813182444589644282e-01
6.047407093585925875e-01 1.353062246860680773e+00 9.824491353692647033e-01
6.065732569627094728e-01 1.354302590510451099e+00 9.835731127083318093e-01
6.084058045668264691e-01 1.355544071175442511e+00 9.846902041598507571e-01
6.102383521709433545e-01 1.356786689897949483e+00 9.858004373043779411e-01
6.120708997750603508e-01 1.358030447721222167e+00 9.869038396197414853e-01
6.139034473791772362e-01 1.359275345689467063e+00 9.880004384814357055e-01
6.157359949832942325e-01 1.360521384847848125e+00 9.890902611630174590e-01
6.175685425874112289e-01 1.361768566242486989e+00 9.901733348364978315e-01
6.194010901915281142e-01 1.363016890920464297e+00 9.912496865727350448e-01
6.212336377956451106e-01 1.364266359929821260e+00 9.923193433418242559e-01
6.230661853997619959e-01 1.365516974319558541e+00 9.933823320134852475e-01
6.248987330038789922e-01 1.366768735139639590e+00 9.944386793574507832e-01
6.267312806079958776e-01 1.368021643440989532e+00 9.954884120438509676e-01
6.285638282121128739e-01 1.369275700275497609e+00 9.965315566435973826e-01
6.303963758162297593e-01 1.370530906696016737e+00 9.975681396287656710e-01
6.322289234203467556e-01 1.371787263756365283e+00 9.985981873729754543e-01
6.340614710244637520e-01 1.373044772511327505e+00 9.996217261517710284e-01
6.358940186285806373e-01 1.374303434016654668e+00 1.000638782142998284e+00
6.377265662326976337e-01 1.375563249329065485e+00 1.001649381427180074e+00
6.395591138368145190e-01 1.376824219506247893e+00 1.002653549987892356e+00
6.413916614409315153e-01 1.378086345606859275e+00 1.003651313712137005e+00
6.432242090450484007e-01 1.379349628690527130e+00 1.004642698390713740e+00
6.450567566491653970e-01 1.380614069817850842e+00 1.005627729718589158e+00
6.468893042532822824e-01 1.381879670050401243e+00 1.006606433295265779e+00
6.487218518573992787e-01 1.383146430450723274e+00 1.007578834625152187e+00
6.505543994615162751e-01 1.384414352082335320e+00 1.008544959117924078e+00
6.523869470656331604e-01 1.385683436009730540e+00 1.009504832088892412e+00
6.542194946697501567e-01 1.386953683298378648e+00 1.010458478759364898e+00
6.560520422738670421e-01 1.388225095014725019e+00 1.011405924257006150e+00
6.578845898779840384e-01 1.389497672226193803e+00 1.012347193616200958e+00
6.597171374821009238e-01 1.390771416001186367e+00 1.013282311778408884e+00
6.615496850862179201e-01 1.392046327409084849e+00 1.014211303592524871e+00
6.633822326903349165e-01 1.393322407520250605e+00 1.015134193815232733e+00
6.652147802944518018e-01 1.394599657406026427e+00 1.016051007111360205e+00
6.670473278985687982e-01 1.395878078138737655e+00 1.016961768054231552e+00
6.688798755026856835e-01 1.397157670791692174e+00 1.017866501126019063e+00
6.707124231068026798e-01 1.398438436439181976e+00 1.018765230718094328e+00
6.725449707109195652e-01 1.399720376156483592e+00 1.019657981131374180e+00
6.743775183150365615e-01 1.401003491019859659e+00 1.020544776576670420e+00
6.762100659191534469e-01 1.402287782106559133e+00 1.021425641175034871e+00
6.780426135232704432e-01 1.403573250494818403e+00 1.022300598958103102e+00
6.798751611273874396e-01 1.404859897263862623e+00 1.023169673868438823e+00
6.817077087315043249e-01 1.406147723493905710e+00 1.024032889759875387e+00
6.835402563356213212e-01 1.407436730266152347e+00 1.024890270397855518e+00
6.853728039397382066e-01 1.408726918662798200e+00 1.025741839459770155e+00
6.872053515438552029e-01 1.410018289767031030e+00 1.026587620535297063e+00
6.890378991479720883e-01 1.411310844663031139e+00 1.027427637126737681e+00
6.908704467520890846e-01 1.412604584435973143e+00 1.028261912649349519e+00
6.927029943562059700e-01 1.413899510172025975e+00 1.029090470431683224e+00
6.945355419603229663e-01 1.415195622958355326e+00 1.029913333715912760e+00
6.963680895644399627e-01 1.416492923883121868e+00 1.030730525658166030e+00
6.982006371685568480e-01 1.417791414035485253e+00 1.031542069328856615e+00
7.000331847726738443e-01 1.419091094505602557e+00 1.032347987713010840e+00
7.018657323767907297e-01 1.420391966384630722e+00 1.033148303710593741e+00
7.036982799809077260e-01 1.421694030764726779e+00 1.033943040136838798e+00
7.055308275850246114e-01 1.422997288739048960e+00 1.034732219722567237e+00
7.073633751891416077e-01 1.424301741401757804e+00 1.035515865114515099e+00
7.091959227932584930e-01 1.425607389848016160e+00 1.036293998875654099e+00
7.110284703973754894e-01 1.426914235173991630e+00 1.037066643485511142e+00
7.128610180014924858e-01 1.428222278476856344e+00 1.037833821340489182e+00
7.146935656056093711e-01 1.429531520854787852e+00 1.038595554754184525e+00
7.165261132097263674e-01 1.430841963406971118e+00 1.039351865957704790e+00
7.183586608138432528e-01 1.432153607233598080e+00 1.040102777099981779e+00
7.201912084179602491e-01 1.433466453435869425e+00 1.040848310248089659e+00
7.220237560220771345e-01 1.434780503115995698e+00 1.041588487387554940e+00
7.238563036261941308e-01 1.436095757377197080e+00 1.042323330422669558e+00
7.256888512303110161e-01 1.437412217323705610e+00 1.043052861176801072e+00
7.275213988344280125e-01 1.438729884060765629e+00 1.043777101392703965e+00
7.293539464385450088e-01 1.440048758694634223e+00 1.044496072732823855e+00
7.311864940426618942e-01 1.441368842332582556e+00 1.045209796779608125e+00
7.330190416467788905e-01 1.442690136082897645e+00 1.045918295035810353e+00
7.348515892508957759e-01 1.444012641054881252e+00 1.046621588924794066e+00
7.366841368550127722e-01 1.445336358358853213e+00 1.047319699790837610e+00
7.385166844591296575e-01 1.446661289106150328e+00 1.048012648899434573e+00
7.403492320632466539e-01 1.447987434409128582e+00 1.048700457437596212e+00
7.421817796673635392e-01 1.449314795381163590e+00 1.049383146514149656e+00
7.440143272714805356e-01 1.450643373136651260e+00 1.050060737160038338e+00
7.458468748755975319e-01 1.451973168791009572e+00 1.050733250328617530e+00
7.476794224797144173e-01 1.453304183460678578e+00 1.051400706895951442e+00
7.495119700838314136e-01 1.454636418263122177e+00 1.052063127661108100e+00
7.513445176879482990e-01 1.455969874316828117e+00 1.052720533346453324e+00
7.531770652920652953e-01 1.457304552741309989e+00 1.053372944597943395e+00
7.550096128961821806e-01 1.458640454657107233e+00 1.054020381985416588e+00
7.568421605002991770e-01 1.459977581185786688e+00 1.054662866002882282e+00
7.586747081044160623e-01 1.461315933449943483e+00 1.055300417068812502e+00
7.605072557085330587e-01 1.462655512573201255e+00 1.055933055526428799e+00
7.623398033126500550e-01 1.463996319680214375e+00 1.056560801643989578e+00
7.641723509167669404e-01 1.465338355896667499e+00 1.057183675615074314e+00
7.660048985208839367e-01 1.466681622349277792e+00 1.057801697558871101e+00
7.678374461250008221e-01 1.468026120165794923e+00 1.058414887520457537e+00
7.696699937291178184e-01 1.469371850475002406e+00 1.059023265471084496e+00
7.715025413332347037e-01 1.470718814406718256e+00 1.059626851308458351e+00
7.733350889373517001e-01 1.472067013091797216e+00 1.060225664857019412e+00
7.751676365414685854e-01 1.473416447662128981e+00 1.060819725868221486e+00
7.770001841455855818e-01 1.474767119250642633e+00 1.061409054020810760e+00
7.788327317497025781e-01 1.476119028991304427e+00 1.061993668921103140e+00
7.806652793538194635e-01 1.477472178019120896e+00 1.062573590103257359e+00
7.824978269579364598e-01 1.478826567470138631e+00 1.063148837029552540e+00
7.843303745620533451e-01 1.480182198481445832e+00 1.063719429090661528e+00
7.861629221661703415e-01 1.481539072191172979e+00 1.064285385605922230e+00
7.879954697702872268e-01 1.482897189738493937e+00 1.064846725823609619e+00
7.898280173744042232e-01 1.484256552263626849e+00 1.065403468921207075e+00
7.916605649785211085e-01 1.485617160907835022e+00 1.065955634005675279e+00
7.934931125826381049e-01 1.486979016813427812e+00 1.066503240113719775e+00
7.953256601867551012e-01 1.488342121123762185e+00 1.067046306212058759e+00
7.971582077908719866e-01 1.489706474983242490e+00 1.067584851197690643e+00
7.989907553949889829e-01 1.491072079537323125e+00 1.068118893898156729e+00
8.008233029991058682e-01 1.492438935932507427e+00 1.068648453071808335e+00
8.026558506032228646e-01 1.493807045316350557e+00 1.069173547408066138e+00
8.044883982073397499e-01 1.495176408837459281e+00 1.069694195527687075e+00
8.063209458114567463e-01 1.496547027645493300e+00 1.070210415983020358e+00
8.081534934155736316e-01 1.497918902891166137e+00 1.070722227258271486e+00
8.099860410196906280e-01 1.499292035726246697e+00 1.071229647769759374e+00
8.118185886238076243e-01 1.500666427303558814e+00 1.071732695866174145e+00
8.136511362279245096e-01 1.502042078776983924e+00 1.072231389828835368e+00
8.154836838320415060e-01 1.503418991301460395e+00 1.072725747871946300e+00
8.173162314361583913e-01 1.504797166032986189e+00 1.073215788142851901e+00
8.191487790402753877e-01 1.506176604128618646e+00 1.073701528722287746e+00
8.209813266443922730e-01 1.507557306746475367e+00 1.074182987624639152e+00
8.228138742485092694e-01 1.508939275045736217e+00 1.074660182798188313e+00
8.246464218526261547e-01 1.510322510186643097e+00 1.075133132125367652e+00
8.264789694567431511e-01 1.511707013330501947e+00 1.075601853423008958e+00
8.283115170608601474e-01 1.513092785639682969e+00 1.076066364442592960e+00
8.301440646649770327e-01 1.514479828277622175e+00 1.076526682870497131e+00
8.319766122690940291e-01 1.515868142408821839e+00 1.076982826328243048e+00
8.338091598732109144e-01 1.517257729198851823e+00 1.077434812372741968e+00
8.356417074773279108e-01 1.518648589814350691e+00 1.077882658496541080e+00
8.374742550814447961e-01 1.520040725423026151e+00 1.078326382128065752e+00
8.393068026855617925e-01 1.521434137193656166e+00 1.078766000631865341e+00
8.411393502896786778e-01 1.522828826296090510e+00 1.079201531308852990e+00
8.429718978937956742e-01 1.524224793901251429e+00 1.079632991396549668e+00
8.448044454979126705e-01 1.525622041181134092e+00 1.080060398069321304e+00
8.466369931020295558e-01 1.527020569308808362e+00 1.080483768438621928e+00
8.484695407061465522e-01 1.528420379458419243e+00 1.080903119553228597e+00
8.503020883102634375e-01 1.529821472805188209e+00 1.081318468399481869e+00
8.521346359143804339e-01 1.531223850525414321e+00 1.081729831901521610e+00
8.539671835184973192e-01 1.532627513796474217e+00 1.082137226921522144e+00
8.557997311226143156e-01 1.534032463796824564e+00 1.082540670259926952e+00
8.576322787267313119e-01 1.535438701706001829e+00 1.082940178655683594e+00
8.594648263308481972e-01 1.536846228704623840e+00 1.083335768786476416e+00
8.612973739349651936e-01 1.538255045974391111e+00 1.083727457268959027e+00
8.631299215390820789e-01 1.539665154698086846e+00 1.084115260658983226e+00
8.649624691431990753e-01 1.541076556059578939e+00 1.084499195451833042e+00
8.667950167473159606e-01 1.542489251243819970e+00 1.084879278082450549e+00
8.686275643514329570e-01 1.543903241436849427e+00 1.085255524925667681e+00
8.704601119555498423e-01 1.545318527825793486e+00 1.085627952296430276e+00
8.722926595596668387e-01 1.546735111598867007e+00 1.085996576450027229e+00
8.741252071637838350e-01 1.548152993945373979e+00 1.086361413582317192e+00
8.759577547679007203e-01 1.549572176055707962e+00 1.086722479829950405e+00
8.777903023720177167e-01 1.550992659121354755e+00 1.087079791270594953e+00
8.796228499761346020e-01 1.552414444334891730e+00 1.087433363923159924e+00
8.814553975802515984e-01 1.553837532889989825e+00 1.087783213748017230e+00
8.832879451843684837e-01 1.555261925981413773e+00 1.088129356647223211e+00
8.851204927884854801e-01 1.556687624805024095e+00 1.088471808464739121e+00
8.869530403926023654e-01 1.558114630557777103e+00 1.088810584986651397e+00
8.887855879967193617e-01 1.559542944437726453e+00 1.089145701941389932e+00
8.906181356008363581e-01 1.560972567644024478e+00 1.089477174999946785e+00
8.924506832049532434e-01 1.562403501376921966e+00 1.089805019776092898e+00
8.942832308090702398e-01 1.563835746837770602e+00 1.090129251826594592e+00
8.961157784131871251e-01 1.565269305229023189e+00 1.090449886651429612e+00
8.979483260173041215e-01 1.566704177754234539e+00 1.090766939694000293e+00
8.997808736214210068e-01 1.568140365618063470e+00 1.091080426341349607e+00
9.016134212255380032e-01 1.569577870026272137e+00 1.091390361924372110e+00
9.034459688296548885e-01 1.571016692185728703e+00 1.091696761718028652e+00
9.052785164337718848e-01 1.572456833304407331e+00 1.091999640941554439e+00
9.071110640378888812e-01 1.573898294591389968e+00 1.092299014758671749e+00
9.089436116420057665e-01 1.575341077256866118e+00 1.092594898277800430e+00
9.107761592461227629e-01 1.576785182512135508e+00 1.092887306552264404e+00
9.126087068502396482e-01 1.578230611569607422e+00 1.093176254580501938e+00
9.144412544543566446e-01 1.579677365642803810e+00 1.093461757306271487e+00
9.162738020584735299e-01 1.581125445946357289e+00 1.093743829618859076e+00
9.181063496625905263e-01 1.582574853696015804e+00 1.094022486353284140e+00
9.199388972667074116e-01 1.584025590108639969e+00 1.094297742290502917e+00
9.217714448708244079e-01 1.585477656402207502e+00 1.094569612157615390e+00
9.236039924749414043e-01 1.586931053795811675e+00 1.094838110628064687e+00
9.254365400790582896e-01 1.588385783509663307e+00 1.095103252321844689e+00
9.272690876831752860e-01 1.589841846765092104e+00 1.095365051805695655e+00
9.291016352872921713e-01 1.591299244784547096e+00 1.095623523593311610e+00
9.309341828914091677e-01 1.592757978791598639e+00 1.095878682145535299e+00
9.327667304955260530e-01 1.594218050010937304e+00 1.096130541870560249e+00
9.345992780996430493e-01 1.595679459668377875e+00 1.096379117124129721e+00
9.364318257037599347e-01 1.597142208990858014e+00 1.096624422209732774e+00
9.382643733078769310e-01 1.598606299206440040e+00 1.096866471378802332e+00
9.400969209119939274e-01 1.600071731544312259e+00 1.097105278830913244e+00
9.419294685161108127e-01 1.601538507234789632e+00 1.097340858713973910e+00
9.437620161202278091e-01 1.603006627509315329e+00 1.097573225124425012e+00
9.455945637243446944e-01 1.604476093600460951e+00 1.097802392107431579e+00
9.474271113284616908e-01 1.605946906741928082e+00 1.098028373657076395e+00
9.492596589325785761e-01 1.607419068168549403e+00 1.098251183716553614e+00
9.510922065366955724e-01 1.608892579116289134e+00 1.098470836178359722e+00
9.529247541408124578e-01 1.610367440822245255e+00 1.098687344884484940e+00
9.547573017449294541e-01 1.611843654524648839e+00 1.098900723626602849e+00
9.565898493490464505e-01 1.613321221462866939e+00 1.099110986146261792e+00
9.584223969531633358e-01 1.614800142877402145e+00 1.099318146135072283e+00
9.602549445572803322e-01 1.616280420009894359e+00 1.099522217234895516e+00
9.620874921613972175e-01 1.617762054103121461e+00 1.099723213038031222e+00
9.639200397655142138e-01 1.619245046401001309e+00 1.099921147087403073e+00
9.657525873696310992e-01 1.620729398148591294e+00 1.100116032876746530e+00
9.675851349737480955e-01 1.622215110592090337e+00 1.100307883850793367e+00
9.694176825778649809e-01 1.623702184978840002e+00 1.100496713405456184e+00
9.712502301819819772e-01 1.625190622557325160e+00 1.100682534888011155e+00
9.730827777860989736e-01 1.626680424577174877e+00 1.100865361597283654e+00
9.749153253902158589e-01 1.628171592289163971e+00 1.101045206783828556e+00
9.767478729943328553e-01 1.629664126945213898e+00 1.101222083650113204e+00
9.785804205984497406e-01 1.631158029798393638e+00 1.101396005350697704e+00
9.804129682025667369e-01 1.632653302102921256e+00 1.101566984992415676e+00
9.822455158066836223e-01 1.634149945114163671e+00 1.101735035634552995e+00
9.840780634108006186e-01 1.635647960088639330e+00 1.101900170289029424e+00
9.859106110149175040e-01 1.637147348284018200e+00 1.102062401920572698e+00
9.877431586190345003e-01 1.638648110959123549e+00 1.102221743446900604e+00
9.895757062231514967e-01 1.640150249373931945e+00 1.102378207738894167e+00
9.914082538272683820e-01 1.641653764789575476e+00 1.102531807620776405e+00
9.932408014313853784e-01 1.643158658468342193e+00 1.102682555870285741e+00
9.950733490355022637e-01 1.644664931673677000e+00 1.102830465218853639e+00
9.969058966396192600e-01 1.646172585670183430e+00 1.102975548351775803e+00
9.987384442437361454e-01 1.647681621723624090e+00 1.103117817908387588e+00
1.000570991847853142e+00 1.649192041100921768e+00 1.103257286482236754e+00
1.002403539451970138e+00 1.650703845070160769e+00 1.103393966621254441e+00
1.004236087056087134e+00 1.652217034900587800e+00 1.103527870827929025e+00
1.006068634660203909e+00 1.653731611862613082e+00 1.103659011559473546e+00
1.007901182264320905e+00 1.655247577227811462e+00 1.103787401227999121e+00
1.009733729868437901e+00 1.656764932268923518e+00 1.103913052200683698e+00
1.011566277472554898e+00 1.658283678259856231e+00 1.104035976799939034e+00
1.013398825076671672e+00 1.659803816475684535e+00 1.104156187303581893e+00
1.015231372680788668e+00 1.661325348192652429e+00 1.104273695944999911e+00
1.017063920284905665e+00 1.662848274688173422e+00 1.104388514913319685e+00
1.018896467889022661e+00 1.664372597240832308e+00 1.104500656353569532e+00
1.020729015493139658e+00 1.665898317130386053e+00 1.104610132366852238e+00
1.022561563097256432e+00 1.667425435637764242e+00 1.104716955010502488e+00
1.024394110701373428e+00 1.668953954045071519e+00 1.104821136298256956e+00
1.026226658305490425e+00 1.670483873635586924e+00 1.104922688200414393e+00
1.028059205909607421e+00 1.672015195693766554e+00 1.105021622644001500e+00
1.029891753513724195e+00 1.673547921505243341e+00 1.105117951512933017e+00
1.031724301117841192e+00 1.675082052356829720e+00 1.105211686648176483e+00
1.033556848721958188e+00 1.676617589536516517e+00 1.105302839847910334e+00
1.035389396326075184e+00 1.678154534333476056e+00 1.105391422867687767e+00
1.037221943930192181e+00 1.679692888038062382e+00 1.105477447420594395e+00
1.039054491534308955e+00 1.681232651941811929e+00 1.105560925177409004e+00
1.040887039138425951e+00 1.682773827337445738e+00 1.105641867766761433e+00
1.042719586742542948e+00 1.684316415518869459e+00 1.105720286775292216e+00
1.044552134346659944e+00 1.685860417781174903e+00 1.105796193747809131e+00
1.046384681950776718e+00 1.687405835420640932e+00 1.105869600187443957e+00
1.048217229554893715e+00 1.688952669734735235e+00 1.105940517555810798e+00
1.050049777159010711e+00 1.690500922022114105e+00 1.106008957273159510e+00
1.051882324763127707e+00 1.692050593582625329e+00 1.106074930718532023e+00
1.053714872367244704e+00 1.693601685717307070e+00 1.106138449229917553e+00
1.055547419971361478e+00 1.695154199728390765e+00 1.106199524104405585e+00
1.057379967575478474e+00 1.696708136919302223e+00 1.106258166598340420e+00
1.059212515179595471e+00 1.698263498594660748e+00 1.106314387927473275e+00
1.061045062783712467e+00 1.699820286060282459e+00 1.106368199267114605e+00
1.062877610387829241e+00 1.701378500623180301e+00 1.106419611752286203e+00
1.064710157991946238e+00 1.702938143591565590e+00 1.106468636477872636e+00
1.066542705596063234e+00 1.704499216274848683e+00 1.106515284498770013e+00
1.068375253200180230e+00 1.706061719983639868e+00 1.106559566830038754e+00
1.070207800804297227e+00 1.707625656029751360e+00 1.106601494447051470e+00
1.072040348408414001e+00 1.709191025726197743e+00 1.106641078285640400e+00
1.073872896012530997e+00 1.710757830387197531e+00 1.106678329242248848e+00
1.075705443616647994e+00 1.712326071328173382e+00 1.106713258174075953e+00
1.077537991220764990e+00 1.713895749865754325e+00 1.106745875899226572e+00
1.079370538824881764e+00 1.715466867317775757e+00 1.106776193196854274e+00
1.081203086428998761e+00 1.717039425003282105e+00 1.106804220807312111e+00
1.083035634033115757e+00 1.718613424242525944e+00 1.106829969432293170e+00
1.084868181637232754e+00 1.720188866356970658e+00 1.106853449734979122e+00
1.086700729241349750e+00 1.721765752669290883e+00 1.106874672340182775e+00
1.088533276845466524e+00 1.723344084503373175e+00 1.106893647834492622e+00
1.090365824449583521e+00 1.724923863184319117e+00 1.106910386766415622e+00
1.092198372053700517e+00 1.726505090038443546e+00 1.106924899646520633e+00
1.094030919657817513e+00 1.728087766393277880e+00 1.106937196947579194e+00
1.095863467261934288e+00 1.729671893577570341e+00 1.106947289104708521e+00
1.097696014866051284e+00 1.731257472921287066e+00 1.106955186515512946e+00
1.099528562470168280e+00 1.732844505755613662e+00 1.106960899540222476e+00
1.101361110074285277e+00 1.734432993412955426e+00 1.106964438501835124e+00
1.103193657678402273e+00 1.736022937226940011e+00 1.106965813686254574e+00
1.105026205282519047e+00 1.737614338532416536e+00 1.106965035342429848e+00
1.106858752886636044e+00 1.739207198665458476e+00 1.106962113682494531e+00
1.108691300490753040e+00 1.740801518963364103e+00 1.106957058881903100e+00
1.110523848094870036e+00 1.742397300764657153e+00 1.106949881079569709e+00
1.112356395698986811e+00 1.743994545409088381e+00 1.106940590378004519e+00
1.114188943303103807e+00 1.745593254237637337e+00 1.106929196843449370e+00
1.116021490907220803e+00 1.747193428592512143e+00 1.106915710506015227e+00
1.117854038511337800e+00 1.748795069817151715e+00 1.106900141359815182e+00
1.119686586115454796e+00 1.750398179256225983e+00 1.106882499363101457e+00
1.121519133719571570e+00 1.752002758255638115e+00 1.106862794438399300e+00
1.123351681323688567e+00 1.753608808162524957e+00 1.106841036472638873e+00
1.125184228927805563e+00 1.755216330325257923e+00 1.106817235317291148e+00
1.127016776531922559e+00 1.756825326093444772e+00 1.106791400788498247e+00
1.128849324136039334e+00 1.758435796817930274e+00 1.106763542667208000e+00
1.130681871740156330e+00 1.760047743850797763e+00 1.106733670699304062e+00
1.132514419344273326e+00 1.761661168545369804e+00 1.106701794595737365e+00
1.134346966948390323e+00 1.763276072256209526e+00 1.106667924032657790e+00
1.136179514552507319e+00 1.764892456339121729e+00 1.106632068651543399e+00
1.138012062156624093e+00 1.766510322151154222e+00 1.106594238059329882e+00
1.139844609760741090e+00 1.768129671050598928e+00 1.106554441828542679e+00
1.141677157364858086e+00 1.769750504396992774e+00 1.106512689497421320e+00
1.143509704968975083e+00 1.771372823551118802e+00 1.106468990570051103e+00
1.145342252573091857e+00 1.772996629875007280e+00 1.106423354516490321e+00
1.147174800177208853e+00 1.774621924731938138e+00 1.106375790772895940e+00
1.149007347781325850e+00 1.776248709486439648e+00 1.106326308741652831e+00
1.150839895385442846e+00 1.777876985504291740e+00 1.106274917791497669e+00
1.152672442989559842e+00 1.779506754152526238e+00 1.106221627257647055e+00
1.154504990593676617e+00 1.781138016799427737e+00 1.106166446441921192e+00
1.156337538197793613e+00 1.782770774814535830e+00 1.106109384612870228e+00
1.158170085801910609e+00 1.784405029568644885e+00 1.106050451005897273e+00
1.160002633406027606e+00 1.786040782433806040e+00 1.105989654823384072e+00
1.161835181010144380e+00 1.787678034783328318e+00 1.105927005234812688e+00
1.163667728614261376e+00 1.789316787991779956e+00 1.105862511376889845e+00
1.165500276218378373e+00 1.790957043434988405e+00 1.105796182353669499e+00
1.167332823822495369e+00 1.792598802490043219e+00 1.105728027236674071e+00
1.169165371426612365e+00 1.794242066535295610e+00 1.105658055065016798e+00
1.170997919030729140e+00 1.795886836950360665e+00 1.105586274845522299e+00
1.172830466634846136e+00 1.797533115116118241e+00 1.105512695552849367e+00
1.174663014238963132e+00 1.799180902414713845e+00 1.105437326129607767e+00
1.176495561843080129e+00 1.800830200229560196e+00 1.105360175486480800e+00
1.178328109447196903e+00 1.802481009945337664e+00 1.105281252502344325e+00
1.180160657051313899e+00 1.804133332947996715e+00 1.105200566024384656e+00
1.181993204655430896e+00 1.805787170624757909e+00 1.105118124868217144e+00
1.183825752259547892e+00 1.807442524364113234e+00 1.105033937818006073e+00
1.185658299863664888e+00 1.809099395555827661e+00 1.104948013626579240e+00
1.187490847467781663e+00 1.810757785590940472e+00 1.104860361015548076e+00
1.189323395071898659e+00 1.812417695861765710e+00 1.104770988675422227e+00
1.191155942676015655e+00 1.814079127761894172e+00 1.104679905265726791e+00
1.192988490280132652e+00 1.815742082686193415e+00 1.104587119415117780e+00
1.194821037884249426e+00 1.817406562030810413e+00 1.104492639721497804e+00
1.196653585488366422e+00 1.819072567193171563e+00 1.104396474752130652e+00
1.198486133092483419e+00 1.820740099571984683e+00 1.104298633043756084e+00
1.200318680696600415e+00 1.822409160567239006e+00 1.104199123102704405e+00
1.202151228300717412e+00 1.824079751580208075e+00 1.104097953405008603e+00
1.203983775904834186e+00 1.825751874013448850e+00 1.103995132396519141e+00
1.205816323508951182e+00 1.827425529270805482e+00 1.103890668493016092e+00
1.207648871113068179e+00 1.829100718757407762e+00 1.103784570080321270e+00
1.209481418717185175e+00 1.830777443879674005e+00 1.103676845514410809e+00
1.211313966321301949e+00 1.832455706045311494e+00 1.103567503121526183e+00
1.213146513925418946e+00 1.834135506663318704e+00 1.103456551198285673e+00
1.214979061529535942e+00 1.835816847143985076e+00 1.103343998011794502e+00
1.216811609133652938e+00 1.837499728898893014e+00 1.103229851799756522e+00
1.218644156737769935e+00 1.839184153340919003e+00 1.103114120770581685e+00
1.220476704341886709e+00 1.840870121884234267e+00 1.102996813103497065e+00
1.222309251946003705e+00 1.842557635944307215e+00 1.102877936948656767e+00
1.224141799550120702e+00 1.844246696937902996e+00 1.102757500427248738e+00
1.225974347154237698e+00 1.845937306283086166e+00 1.102635511631603560e+00
1.227806894758354472e+00 1.847629465399220239e+00 1.102511978625302369e+00
1.229639442362471469e+00 1.849323175706971245e+00 1.102386909443284990e+00
1.231471989966588465e+00 1.851018438628306395e+00 1.102260312091954964e+00
1.233304537570705461e+00 1.852715255586496967e+00 1.102132194549288791e+00
1.235137085174822458e+00 1.854413628006118753e+00 1.102002564764940296e+00
1.236969632778939232e+00 1.856113557313052942e+00 1.101871430660346096e+00
1.238802180383056228e+00 1.857815044934489235e+00 1.101738800128832851e+00
1.240634727987173225e+00 1.859518092298924063e+00 1.101604681035721400e+00
1.242467275591290221e+00 1.861222700836164368e+00 1.101469081218429569e+00
1.244299823195406995e+00 1.862928871977326928e+00 1.101332008486579417e+00
1.246132370799523992e+00 1.864636607154841696e+00 1.101193470622099602e+00
1.247964918403640988e+00 1.866345907802450466e+00 1.101053475379327962e+00
1.249797466007757984e+00 1.868056775355209975e+00 1.100912030485115878e+00
1.251630013611874981e+00 1.869769211249492358e+00 1.100769143638931968e+00
1.253462561215991755e+00 1.871483216922986026e+00 1.100624822512960010e+00
1.255295108820108752e+00 1.873198793814698115e+00 1.100479074752205966e+00
1.257127656424225748e+00 1.874915943364954485e+00 1.100331907974597012e+00
1.258960204028342744e+00 1.876634667015401270e+00 1.100183329771081686e+00
1.260792751632459519e+00 1.878354966209005994e+00 1.100033347705733355e+00
1.262625299236576515e+00 1.880076842390059344e+00 1.099881969315848584e+00
1.264457846840693511e+00 1.881800297004176059e+00 1.099729202112046611e+00
1.266290394444810508e+00 1.883525331498295374e+00 1.099575053578372152e+00
1.268122942048927504e+00 1.885251947320683463e+00 1.099419531172390219e+00
1.269955489653044278e+00 1.886980145920933660e+00 1.099262642325289585e+00
1.271788037257161275e+00 1.888709928749969347e+00 1.099104394441976273e+00
1.273620584861278271e+00 1.890441297260042397e+00 1.098944794901177247e+00
1.275453132465395267e+00 1.892174252904736953e+00 1.098783851055533001e+00
1.277285680069512042e+00 1.893908797138968980e+00 1.098621570231699041e+00
1.279118227673629038e+00 1.895644931418988932e+00 1.098457959730439804e+00
1.280950775277746034e+00 1.897382657202381750e+00 1.098293026826728358e+00
1.282783322881863031e+00 1.899121975948068197e+00 1.098126778769838996e+00
1.284615870485980027e+00 1.900862889116307075e+00 1.097959222783446931e+00
1.286448418090096801e+00 1.902605398168695228e+00 1.097790366065721557e+00
1.288280965694213798e+00 1.904349504568169982e+00 1.097620215789423037e+00
1.290113513298330794e+00 1.906095209779009370e+00 1.097448779101995342e+00
1.291946060902447790e+00 1.907842515266833461e+00 1.097276063125662837e+00
1.293778608506564565e+00 1.909591422498605917e+00 1.097102074957523099e+00
1.295611156110681561e+00 1.911341932942635768e+00 1.096926821669641727e+00
1.297443703714798557e+00 1.913094048068577635e+00 1.096750310309144716e+00
1.299276251318915554e+00 1.914847769347433060e+00 1.096572547898312378e+00
1.301108798923032550e+00 1.916603098251552284e+00 1.096393541434672603e+00
1.302941346527149324e+00 1.918360036254635359e+00 1.096213297891090788e+00
1.304773894131266321e+00 1.920118584831733255e+00 1.096031824215865313e+00
1.306606441735383317e+00 1.921878745459248972e+00 1.095849127332817696e+00
1.308438989339500313e+00 1.923640519614939093e+00 1.095665214141382959e+00
1.310271536943617088e+00 1.925403908777914452e+00 1.095480091516701560e+00
1.312104084547734084e+00 1.927168914428642577e+00 1.095293766309711980e+00
1.313936632151851081e+00 1.928935538048947240e+00 1.095106245347237106e+00
1.315769179755968077e+00 1.930703781122010909e+00 1.094917535432079037e+00
1.317601727360085073e+00 1.932473645132376072e+00 1.094727643343103018e+00
1.319434274964201848e+00 1.934245131565945242e+00 1.094536575835333370e+00
1.321266822568318844e+00 1.936018241909984061e+00 1.094344339640036967e+00
1.323099370172435840e+00 1.937792977653121085e+00 1.094150941464814952e+00
1.324931917776552837e+00 1.939569340285349108e+00 1.093956387993690438e+00
1.326764465380669833e+00 1.941347331298027168e+00 1.093760685887196882e+00
1.328597012984786607e+00 1.943126952183881206e+00 1.093563841782464019e+00
1.330429560588903604e+00 1.944908204437006294e+00 1.093365862293307567e+00
1.332262108193020600e+00 1.946691089552866183e+00 1.093166754010315600e+00
1.334094655797137596e+00 1.948475609028295974e+00 1.092966523500934040e+00
1.335927203401254371e+00 1.950261764361502559e+00 1.092765177309554803e+00
1.337759751005371367e+00 1.952049557052066620e+00 1.092562721957600846e+00
1.339592298609488363e+00 1.953838988600943516e+00 1.092359163943612765e+00
1.341424846213605360e+00 1.955630060510464174e+00 1.092154509743332280e+00
1.343257393817722356e+00 1.957422774284336864e+00 1.091948765809790389e+00
1.345089941421839130e+00 1.959217131427648306e+00 1.091741938573390414e+00
1.346922489025956127e+00 1.961013133446865009e+00 1.091534034441991263e+00
1.348755036630073123e+00 1.962810781849834374e+00 1.091325059800994701e+00
1.350587584234190119e+00 1.964610078145785810e+00 1.091115021013426833e+00
1.352420131838306894e+00 1.966411023845332728e+00 1.090903924420021820e+00
1.354252679442423890e+00 1.968213620460472990e+00 1.090691776339307362e+00
1.356085227046540886e+00 1.970017869504590458e+00 1.090478583067683971e+00
1.357917774650657883e+00 1.971823772492456328e+00 1.090264350879511568e+00
1.359750322254774879e+00 1.973631330940230466e+00 1.090049086027188530e+00
1.361582869858891653e+00 1.975440546365462513e+00 1.089832794741235400e+00
1.363415417463008650e+00 1.977251420287093442e+00 1.089615483230376825e+00
1.365247965067125646e+00 1.979063954225456445e+00 1.089397157681621708e+00
1.367080512671242642e+00 1.980878149702278268e+00 1.089177824260344929e+00
1.368913060275359417e+00 1.982694008240680761e+00 1.088957489110368604e+00
1.370745607879476413e+00 1.984511531365182213e+00 1.088736158354042916e+00
1.372578155483593410e+00 1.986330720601698241e+00 1.088513838092324271e+00
1.374410703087710406e+00 1.988151577477542897e+00 1.088290534404857901e+00
1.376243250691827402e+00 1.989974103521431115e+00 1.088066253350054469e+00
1.378075798295944177e+00 1.991798300263478039e+00 1.087841000965173777e+00
1.379908345900061173e+00 1.993624169235203025e+00 1.087614783266397822e+00
1.381740893504178169e+00 1.995451711969528086e+00 1.087387606248915617e+00
1.383573441108295166e+00 1.997280930000780774e+00 1.087159475886997351e+00
1.385405988712411940e+00 1.999111824864695297e+00 1.086930398134074327e+00
1.387238536316528936e+00 2.000944398098413846e+00 1.086700378922816901e+00
1.389071083920645933e+00 2.002778651240487040e+00 1.086469424165210862e+00
1.390903631524762929e+00 2.004614585830876816e+00 1.086237539752636927e+00
1.392736179128879925e+00 2.006452203410955981e+00 1.086004731555944458e+00
1.394568726732996700e+00 2.008291505523510434e+00 1.085771005425532065e+00
1.396401274337113696e+00 2.010132493712740498e+00 1.085536367191420215e+00
1.398233821941230692e+00 2.011975169524262697e+00 1.085300822663330722e+00
1.400066369545347689e+00 2.013819534505109310e+00 1.085064377630760024e+00
1.401898917149464463e+00 2.015665590203730595e+00 1.084827037863056676e+00
1.403731464753581459e+00 2.017513338169997894e+00 1.084588809109494845e+00
1.405564012357698456e+00 2.019362779955201859e+00 1.084349697099351806e+00
1.407396559961815452e+00 2.021213917112056002e+00 1.084109707541978995e+00
1.409229107565932448e+00 2.023066751194696700e+00 1.083868846126881280e+00
1.411061655170049223e+00 2.024921283758684520e+00 1.083627118523786237e+00
1.412894202774166219e+00 2.026777516361007336e+00 1.083384530382722089e+00
1.414726750378283215e+00 2.028635450560079434e+00 1.083141087334088537e+00
1.416559297982400212e+00 2.030495087915743735e+00 1.082896794988731592e+00
1.418391845586516986e+00 2.032356429989273128e+00 1.082651658938017292e+00
1.420224393190633982e+00 2.034219478343372245e+00 1.082405684753901642e+00
1.422056940794750979e+00 2.036084234542177462e+00 1.082158877989007006e+00
1.423889488398867975e+00 2.037950700151259120e+00 1.081911244176692044e+00
1.425722036002984972e+00 2.039818876737622855e+00 1.081662788831123212e+00
1.427554583607101746e+00 2.041688765869710487e+00 1.081413517447348926e+00
1.429387131211218742e+00 2.043560369117402686e+00 1.081163435501368841e+00
1.431219678815335739e+00 2.045433688052018084e+00 1.080912548450206456e+00
1.433052226419452735e+00 2.047308724246315936e+00 1.080660861731978839e+00
1.434884774023569509e+00 2.049185479274497457e+00 1.080408380765968790e+00
1.436717321627686506e+00 2.051063954712206705e+00 1.080155110952694342e+00
1.438549869231803502e+00 2.052944152136532807e+00 1.079901057673979370e+00
1.440382416835920498e+00 2.054826073126009955e+00 1.079646226293022426e+00
1.442214964440037495e+00 2.056709719260618741e+00 1.079390622154468682e+00
1.444047512044154269e+00 2.058595092121789705e+00 1.079134250584476762e+00
1.445880059648271265e+00 2.060482193292401565e+00 1.078877116890790022e+00
1.447712607252388262e+00 2.062371024356785210e+00 1.078619226362803829e+00
1.449545154856505258e+00 2.064261586900723255e+00 1.078360584271635725e+00
1.451377702460622032e+00 2.066153882511452267e+00 1.078101195870191820e+00
1.453210250064739029e+00 2.068047912777663200e+00 1.077841066393237845e+00
1.455042797668856025e+00 2.069943679289504068e+00 1.077580201057463549e+00
1.456875345272973021e+00 2.071841183638580386e+00 1.077318605061554191e+00
1.458707892877090018e+00 2.073740427417956500e+00 1.077056283586253826e+00
1.460540440481206792e+00 2.075641412222157367e+00 1.076793241794435918e+00
1.462372988085323788e+00 2.077544139647169441e+00 1.076529484831167949e+00
1.464205535689440785e+00 2.079448611290442006e+00 1.076265017823779813e+00
1.466038083293557781e+00 2.081354828750889396e+00 1.075999845881929096e+00
1.467870630897674555e+00 2.083262793628890996e+00 1.075733974097667023e+00
1.469703178501791552e+00 2.085172507526293462e+00 1.075467407545505960e+00
1.471535726105908548e+00 2.087083972046412050e+00 1.075200151282483141e+00
1.473368273710025544e+00 2.088997188794031512e+00 1.074932210348226835e+00
1.475200821314142541e+00 2.090912159375407864e+00 1.074663589765022742e+00
1.477033368918259315e+00 2.092828885398268834e+00 1.074394294537876604e+00
1.478865916522376311e+00 2.094747368471817417e+00 1.074124329654581711e+00
1.480698464126493308e+00 2.096667610206730537e+00 1.073853700085780405e+00
1.482531011730610304e+00 2.098589612215162159e+00 1.073582410785030916e+00
1.484363559334727078e+00 2.100513376110743735e+00 1.073310466688869980e+00
1.486196106938844075e+00 2.102438903508586421e+00 1.073037872716876340e+00
1.488028654542961071e+00 2.104366196025281521e+00 1.072764633771735365e+00
1.489861202147078068e+00 2.106295255278902268e+00 1.072490754739302554e+00
1.491693749751195064e+00 2.108226082889005593e+00 1.072216240488663930e+00
1.493526297355311838e+00 2.110158680476632131e+00 1.071941095872203320e+00
1.495358844959428835e+00 2.112093049664309774e+00 1.071665325725660312e+00
1.497191392563545831e+00 2.114029192076052777e+00 1.071388934868195975e+00
1.499023940167662827e+00 2.115967109337364871e+00 1.071111928102454147e+00
1.500856487771779602e+00 2.117906803075238820e+00 1.070834310214621610e+00
1.502689035375896598e+00 2.119848274918159969e+00 1.070556085974493143e+00
1.504521582980013594e+00 2.121791526496106250e+00 1.070277260135529485e+00
1.506354130584130591e+00 2.123736559440549510e+00 1.069997837434921051e+00
1.508186678188247587e+00 2.125683375384456841e+00 1.069717822593647893e+00
1.510019225792364361e+00 2.127631975962292366e+00 1.069437220316540760e+00
1.511851773396481358e+00 2.129582362810019447e+00 1.069156035292341933e+00
1.513684321000598354e+00 2.131534537565100695e+00 1.068874272193764075e+00
1.515516868604715350e+00 2.133488501866498410e+00 1.068591935677552840e+00
1.517349416208832125e+00 2.135444257354679465e+00 1.068309030384544833e+00
1.519181963812949121e+00 2.137401805671613086e+00 1.068025560939728669e+00
1.521014511417066117e+00 2.139361148460774409e+00 1.067741531952302481e+00
1.522847059021183114e+00 2.141322287367144028e+00 1.067456948015735652e+00
1.524679606625300110e+00 2.143285224037212444e+00 1.067171813707825878e+00
1.526512154229416884e+00 2.145249960118977395e+00 1.066886133590759123e+00
1.528344701833533881e+00 2.147216497261948742e+00 1.066599912211167789e+00
1.530177249437650877e+00 2.149184837117148028e+00 1.066313154100189120e+00
1.532009797041767873e+00 2.151154981337109806e+00 1.066025863773523819e+00
1.533842344645884648e+00 2.153126931575883862e+00 1.065738045731492667e+00
1.535674892250001644e+00 2.155100689489036991e+00 1.065449704459096258e+00
1.537507439854118640e+00 2.157076256733652109e+00 1.065160844426070952e+00
1.539339987458235637e+00 2.159053634968332691e+00 1.064871470086947047e+00
1.541172535062352633e+00 2.161032825853201444e+00 1.064581585881105852e+00
1.543005082666469407e+00 2.163013831049903413e+00 1.064291196232835635e+00
1.544837630270586404e+00 2.164996652221606865e+00 1.064000305551390024e+00
1.546670177874703400e+00 2.166981291033005075e+00 1.063708918231042633e+00
1.548502725478820397e+00 2.168967749150316759e+00 1.063417038651145452e+00
1.550335273082937171e+00 2.170956028241287417e+00 1.063124671176182812e+00
1.552167820687054167e+00 2.172946129975193319e+00 1.062831820155828222e+00
1.554000368291171164e+00 2.174938056022839294e+00 1.062538489925001217e+00
1.555832915895288160e+00 2.176931808056561835e+00 1.062244684803920425e+00
1.557665463499405156e+00 2.178927387750231759e+00 1.061950409098160630e+00
1.559498011103521931e+00 2.180924796779252439e+00 1.061655667098707623e+00
1.561330558707638927e+00 2.182924036820564684e+00 1.061360463082011929e+00
1.563163106311755923e+00 2.184925109552645850e+00 1.061064801310045214e+00
1.564995653915872920e+00 2.186928016655512508e+00 1.060768686030352903e+00
1.566828201519989694e+00 2.188932759810719553e+00 1.060472121476111251e+00
1.568660749124106690e+00 2.190939340701365978e+00 1.060175111866177300e+00
1.570493296728223687e+00 2.192947761012091767e+00 1.059877661405146387e+00
1.572325844332340683e+00 2.194958022429081890e+00 1.059579774283404552e+00
1.574158391936457679e+00 2.196970126640066301e+00 1.059281454677181156e+00
1.575990939540574454e+00 2.198984075334323052e+00 1.058982706748604175e+00
1.577823487144691450e+00 2.200999870202678288e+00 1.058683534645750601e+00
1.579656034748808446e+00 2.203017512937508471e+00 1.058383942502702180e+00
1.581488582352925443e+00 2.205037005232740821e+00 1.058083934439596696e+00
1.583321129957042217e+00 2.207058348783855983e+00 1.057783514562679272e+00
1.585153677561159213e+00 2.209081545287888471e+00 1.057482686964357654e+00
1.586986225165276210e+00 2.211106596443428440e+00 1.057181455723251950e+00
1.588818772769393206e+00 2.213133503950623471e+00 1.056879824904247478e+00
1.590651320373510202e+00 2.215162269511179449e+00 1.056577798558545833e+00
1.592483867977626977e+00 2.217192894828361904e+00 1.056275380723719071e+00
1.594316415581743973e+00 2.219225381606998226e+00 1.055972575423756110e+00
1.596148963185860969e+00 2.221259731553478556e+00 1.055669386669119136e+00
1.597981510789977966e+00 2.223295946375757115e+00 1.055365818456791782e+00
1.599814058394094740e+00 2.225334027783353097e+00 1.055061874770329977e+00
1.601646605998211736e+00 2.227373977487354662e+00 1.054757559579913684e+00
1.603479153602328733e+00 2.229415797200417160e+00 1.054452876842396636e+00
1.605311701206445729e+00 2.231459488636765354e+00 1.054147830501357408e+00
1.607144248810562726e+00 2.233505053512196969e+00 1.053842424487147822e+00
1.608976796414679500e+00 2.235552493544080921e+00 1.053536662716944905e+00
1.610809344018796496e+00 2.237601810451362638e+00 1.053230549094799295e+00
1.612641891622913493e+00 2.239653005954560960e+00 1.052924087511684537e+00
1.614474439227030489e+00 2.241706081775773463e+00 1.052617281845548591e+00
1.616306986831147263e+00 2.243761039638675125e+00 1.052310135961360027e+00
1.618139534435264260e+00 2.245817881268522775e+00 1.052002653711159752e+00
1.619972082039381256e+00 2.247876608392152864e+00 1.051694838934107423e+00
1.621804629643498252e+00 2.249937222737986353e+00 1.051386695456532072e+00
1.623637177247615249e+00 2.251999726036027827e+00 1.051078227091980066e+00
1.625469724851732023e+00 2.254064120017866824e+00 1.050769437641262405e+00
1.627302272455849019e+00 2.256130406416682721e+00 1.050460330892503791e+00
1.629134820059966016e+00 2.258198586967242072e+00 1.050150910621191036e+00
1.630967367664083012e+00 2.260268663405900824e+00 1.049841180590219691e+00
1.632799915268199786e+00 2.262340637470608318e+00 1.049531144549942452e+00
1.634632462872316783e+00 2.264414510900906841e+00 1.049220806238215564e+00
1.636465010476433779e+00 2.266490285437932517e+00 1.048910169380448565e+00
1.638297558080550775e+00 2.268567962824417528e+00 1.048599237689648023e+00
1.640130105684667772e+00 2.270647544804692775e+00 1.048288014866466833e+00
1.641962653288784546e+00 2.272729033124686548e+00 1.047976504599250402e+00
1.643795200892901542e+00 2.274812429531928970e+00 1.047664710564082391e+00
1.645627748497018539e+00 2.276897735775551990e+00 1.047352636424833117e+00
1.647460296101135535e+00 2.278984953606289832e+00 1.047040285833203521e+00
1.649292843705252309e+00 2.281074084776482103e+00 1.046727662428772021e+00
1.651125391309369306e+00 2.283165131040076457e+00 1.046414769839042025e+00
1.652957938913486302e+00 2.285258094152625929e+00 1.046101611679484789e+00
1.654790486517603298e+00 2.287352975871294269e+00 1.045788191553587598e+00
1.656623034121720295e+00 2.289449777954855492e+00 1.045474513052897736e+00
1.658455581725837069e+00 2.291548502163695655e+00 1.045160579757068664e+00
1.660288129329954065e+00 2.293649150259815972e+00 1.044846395233903324e+00
1.662120676934071062e+00 2.295751724006830585e+00 1.044531963039402322e+00
1.663953224538188058e+00 2.297856225169972344e+00 1.044217286717804116e+00
1.665785772142304832e+00 2.299962655516091026e+00 1.043902369801635421e+00
1.667618319746421829e+00 2.302071016813656446e+00 1.043587215811749402e+00
1.669450867350538825e+00 2.304181310832760676e+00 1.043271828257375411e+00
1.671283414954655822e+00 2.306293539345116272e+00 1.042956210636158954e+00
1.673115962558772818e+00 2.308407704124061155e+00 1.042640366434208765e+00
1.674948510162889592e+00 2.310523806944559055e+00 1.042324299126138332e+00
1.676781057767006589e+00 2.312641849583200848e+00 1.042008012175111409e+00
1.678613605371123585e+00 2.314761833818204995e+00 1.041691509032883767e+00
1.680446152975240581e+00 2.316883761429420652e+00 1.041374793139848043e+00
1.682278700579357356e+00 2.319007634198328560e+00 1.041057867925075930e+00
1.684111248183474352e+00 2.321133453908043265e+00 1.040740736806361477e+00
1.685943795787591348e+00 2.323261222343312227e+00 1.040423403190264162e+00
1.687776343391708345e+00 2.325390941290520708e+00 1.040105870472151528e+00
1.689608890995825341e+00 2.327522612537689994e+00 1.039788142036242036e+00
1.691441438599942115e+00 2.329656237874481395e+00 1.039470221255645921e+00
1.693273986204059112e+00 2.331791819092197127e+00 1.039152111492409825e+00
1.695106533808176108e+00 2.333929357983780317e+00 1.038833816097557428e+00
1.696939081412293104e+00 2.336068856343818556e+00 1.038515338411131861e+00
1.698771629016410101e+00 2.338210315968543895e+00 1.038196681762236784e+00
1.700604176620526875e+00 2.340353738655835514e+00 1.037877849469079017e+00
1.702436724224643871e+00 2.342499126205221049e+00 1.037558844839010064e+00
1.704269271828760868e+00 2.344646480417876599e+00 1.037239671168566524e+00
1.706101819432877864e+00 2.346795803096629829e+00 1.036920331743511836e+00
1.707934367036994638e+00 2.348947096045961747e+00 1.036600829838877580e+00
1.709766914641111635e+00 2.351100361072007150e+00 1.036281168719003665e+00
1.711599462245228631e+00 2.353255599982555957e+00 1.035961351637580741e+00
1.713432009849345627e+00 2.355412814587055426e+00 1.035641381837688169e+00
1.715264557453462624e+00 2.357572006696612377e+00 1.035321262551837096e+00
1.717097105057579398e+00 2.359733178123992747e+00 1.035000997002008649e+00
1.718929652661696394e+00 2.361896330683625145e+00 1.034680588399696788e+00
1.720762200265813391e+00 2.364061466191600847e+00 1.034360039945944942e+00
1.722594747869930387e+00 2.366228586465676464e+00 1.034039354831388424e+00
1.724427295474047162e+00 2.368397693325273501e+00 1.033718536236294172e+00
1.726259843078164158e+00 2.370568788591483678e+00 1.033397587330597611e+00
1.728092390682281154e+00 2.372741874087066272e+00 1.033076511273946174e+00
1.729924938286398151e+00 2.374916951636452556e+00 1.032755311215735494e+00
1.731757485890515147e+00 2.377094023065744466e+00 1.032433990295149817e+00
1.733590033494631921e+00 2.379273090202720375e+00 1.032112551641201748e+00
1.735422581098748918e+00 2.381454154876832430e+00 1.031790998372768664e+00
1.737255128702865914e+00 2.383637218919210543e+00 1.031469333598634464e+00
1.739087676306982910e+00 2.385822284162662843e+00 1.031147560417526643e+00
1.740920223911099685e+00 2.388009352441677891e+00 1.030825681918154935e+00
1.742752771515216681e+00 2.390198425592425568e+00 1.030503701179249498e+00
1.744585319119333677e+00 2.392389505452759746e+00 1.030181621269599557e+00
1.746417866723450674e+00 2.394582593862218278e+00 1.029859445248091365e+00
1.748250414327567670e+00 2.396777692662024783e+00 1.029537176163746182e+00
1.750082961931684444e+00 2.398974803695092195e+00 1.029214817055757347e+00
1.751915509535801441e+00 2.401173928806022317e+00 1.028892370953529811e+00
1.753748057139918437e+00 2.403375069841106715e+00 1.028569840876715435e+00
1.755580604744035433e+00 2.405578228648331152e+00 1.028247229835251630e+00
1.757413152348152208e+00 2.407783407077374260e+00 1.027924540829398881e+00
1.759245699952269204e+00 2.409990606979610650e+00 1.027601776849777160e+00
1.761078247556386200e+00 2.412199830208112683e+00 1.027278940877402569e+00
1.762910795160503197e+00 2.414411078617650031e+00 1.026956035883725527e+00
1.764743342764620193e+00 2.416624354064694113e+00 1.026633064830667186e+00
1.766575890368736967e+00 2.418839658407416771e+00 1.026310030670654960e+00
1.768408437972853964e+00 2.421056993505694255e+00 1.025986936346659828e+00
1.770240985576970960e+00 2.423276361221107233e+00 1.025663784792232747e+00
1.772073533181087956e+00 2.425497763416943453e+00 1.025340578931541291e+00
1.773906080785204731e+00 2.427721201958198183e+00 1.025017321679403626e+00
1.775738628389321727e+00 2.429946678711575991e+00 1.024694015941328029e+00
1.777571175993438723e+00 2.432174195545493856e+00 1.024370664613544868e+00
1.779403723597555720e+00 2.434403754330080272e+00 1.024047270583045455e+00
1.781236271201672716e+00 2.436635356937178365e+00 1.023723836727615799e+00
1.783068818805789491e+00 2.438869005240347665e+00 1.023400365915872579e+00
1.784901366409906487e+00 2.441104701114864994e+00 1.023076861007298666e+00
1.786733914014023483e+00 2.443342446437726245e+00 1.022753324852277990e+00
1.788566461618140480e+00 2.445582243087647711e+00 1.022429760292130618e+00
1.790399009222257254e+00 2.447824092945067420e+00 1.022106170159148508e+00
1.792231556826374250e+00 2.450067997892148686e+00 1.021782557276628811e+00
1.794064104430491247e+00 2.452313959812778776e+00 1.021458924458910067e+00
1.795896652034608243e+00 2.454561980592572468e+00 1.021135274511406621e+00
1.797729199638725239e+00 2.456812062118872930e+00 1.020811610230641486e+00
1.799561747242842014e+00 2.459064206280753506e+00 1.020487934404282537e+00
1.801394294846959010e+00 2.461318414969019486e+00 1.020164249811176482e+00
1.803226842451076006e+00 2.463574690076208995e+00 1.019840559221381060e+00
1.805059390055193003e+00 2.465833033496595661e+00 1.019516865396201899e+00
1.806891937659309777e+00 2.468093447126188611e+00 1.019193171088224270e+00
1.808724485263426773e+00 2.470355932862735582e+00 1.018869479041347725e+00
1.810557032867543770e+00 2.472620492605724696e+00 1.018545791990819183e+00
1.812389580471660766e+00 2.474887128256384461e+00 1.018222112663267342e+00
1.814222128075777762e+00 2.477155841717685547e+00 1.017898443776734441e+00
1.816054675679894537e+00 2.479426634894344339e+00 1.017574788040711331e+00
1.817887223284011533e+00 2.481699509692823380e+00 1.017251148156169238e+00
1.819719770888128529e+00 2.483974468021331372e+00 1.016927526815593730e+00
1.821552318492245526e+00 2.486251511789828061e+00 1.016603926703016914e+00
1.823384866096362300e+00 2.488530642910022461e+00 1.016280350494051188e+00
1.825217413700479296e+00 2.490811863295377293e+00 1.015956800855919884e+00
1.827049961304596293e+00 2.493095174861108543e+00 1.015633280447492570e+00
1.828882508908713289e+00 2.495380579524188125e+00 1.015309791919315696e+00
1.830715056512830285e+00 2.497668079203345215e+00 1.014986337913645231e+00
1.832547604116947060e+00 2.499957675819067582e+00 1.014662921064478862e+00
1.834380151721064056e+00 2.502249371293604252e+00 1.014339543997588411e+00
1.836212699325181053e+00 2.504543167550965510e+00 1.014016209330552032e+00
1.838045246929298049e+00 2.506839066516926007e+00 1.013692919672785075e+00
1.839877794533414823e+00 2.509137070119025203e+00 1.013369677625572507e+00
1.841710342137531820e+00 2.511437180286570481e+00 1.013046485782100881e+00
1.843542889741648816e+00 2.513739398950636694e+00 1.012723346727488982e+00
1.845375437345765812e+00 2.516043728044068839e+00 1.012400263038820691e+00
1.847207984949882809e+00 2.518350169501485158e+00 1.012077237285174069e+00
1.849040532553999583e+00 2.520658725259275812e+00 1.011754272027655110e+00
1.850873080158116579e+00 2.522969397255606872e+00 1.011431369819427495e+00
1.852705627762233576e+00 2.525282187430420766e+00 1.011108533205742344e+00
1.854538175366350572e+00 2.527597097725438502e+00 1.010785764723971969e+00
1.856370722970467346e+00 2.529914130084160551e+00 1.010463066903638740e+00
1.858203270574584343e+00 2.532233286451870402e+00 1.010140442266445726e+00
1.860035818178701339e+00 2.534554568775632788e+00 1.009817893326307559e+00
1.861868365782818335e+00 2.536877979004298123e+00 1.009495422589381519e+00
1.863700913386935332e+00 2.539203519088504279e+00 1.009173032554096627e+00
1.865533460991052106e+00 2.541531190980675703e+00 1.008850725711185614e+00
1.867366008595169102e+00 2.543860996635027849e+00 1.008528504543712456e+00
1.869198556199286099e+00 2.546192938007566742e+00 1.008206371527105460e+00
1.871031103803403095e+00 2.548527017056092081e+00 1.007884329129184575e+00
1.872863651407519869e+00 2.550863235740197243e+00 1.007562379810192699e+00
1.874696199011636866e+00 2.553201596021273723e+00 1.007240526022824767e+00
1.876528746615753862e+00 2.555542099862509797e+00 1.006918770212257286e+00
1.878361294219870858e+00 2.557884749228893195e+00 1.006597114816178973e+00
1.880193841823987855e+00 2.560229546087213315e+00 1.006275562264818291e+00
1.882026389428104629e+00 2.562576492406062556e+00 1.005954114980974090e+00
1.883858937032221625e+00 2.564925590155838542e+00 1.005632775380044031e+00
1.885691484636338622e+00 2.567276841308743673e+00 1.005311545870055001e+00
1.887524032240455618e+00 2.569630247838789128e+00 1.004990428851689988e+00
1.889356579844572392e+00 2.571985811721795301e+00 1.004669426718318048e+00
1.891189127448689389e+00 2.574343534935394917e+00 1.004348541856024069e+00
1.893021675052806385e+00 2.576703419459032585e+00 1.004027776643635850e+00
1.894854222656923382e+00 2.579065467273967016e+00 1.003707133452754086e+00
1.896686770261040378e+00 2.581429680363274581e+00 1.003386614647778341e+00
1.898519317865157152e+00 2.583796060711847531e+00 1.003066222585939249e+00
1.900351865469274149e+00 2.586164610306399769e+00 1.002745959617322713e+00
1.902184413073391145e+00 2.588535331135465078e+00 1.002425828084902104e+00
1.904016960677508141e+00 2.590908225189400227e+00 1.002105830324563129e+00
1.905849508281624916e+00 2.593283294460387189e+00 1.001785968665132920e+00
1.907682055885741912e+00 2.595660540942434036e+00 1.001466245428408008e+00
1.909514603489858908e+00 2.598039966631375819e+00 1.001146662929182751e+00
1.911347151093975905e+00 2.600421573524878127e+00 1.000827223475276417e+00
1.913179698698092901e+00 2.602805363622437085e+00 1.000507929367558946e+00
1.915012246302209675e+00 2.605191338925382460e+00 1.000188782899982476e+00
1.916844793906326672e+00 2.607579501436878111e+00 9.998697863596056612e-01
1.918677341510443668e+00 2.609969853161924647e+00 9.995509420266213141e-01
1.920509889114560664e+00 2.612362396107360318e+00 9.992322521743846053e-01
1.922342436718677439e+00 2.614757132281862351e+00 9.989137190694398205e-01
1.924174984322794435e+00 2.617154063695950938e+00 9.985953449715464503e-01
1.926007531926911431e+00 2.619553192361988359e+00 9.982771321337079451e-01
1.927840079531028428e+00 2.621954520294181190e+00 9.979590828021972504e-01
1.929672627135145424e+00 2.624358049508582980e+00 9.976411992165828968e-01
1.931505174739262198e+00 2.626763782023094684e+00 9.973234836097578659e-01
1.933337722343379195e+00 2.629171719857469114e+00 9.970059382079635713e-01
1.935170269947496191e+00 2.631581865033308265e+00 9.966885652308187238e-01
1.937002817551613187e+00 2.633994219574068207e+00 9.963713668913438681e-01
1.938835365155729962e+00 2.636408785505059527e+00 9.960543453959888049e-01
1.940667912759846958e+00 2.638825564853449990e+00 9.957375029446575709e-01
1.942500460363963954e+00 2.641244559648265877e+00 9.954208417307359724e-01
1.944333007968080951e+00 2.643665771920392871e+00 9.951043639411165653e-01
1.946165555572197947e+00 2.646089203702577830e+00 9.947880717562251895e-01
1.947998103176314721e+00 2.648514857029431901e+00 9.944719673500460599e-01
1.949830650780431718e+00 2.650942733937431406e+00 9.941560528901483007e-01
1.951663198384548714e+00 2.653372836464919171e+00 9.938403305377110364e-01
1.953495745988665711e+00 2.655805166652106308e+00 9.935248024475491491e-01
1.955328293592782485e+00 2.658239726541074432e+00 9.932094707681390355e-01
1.957160841196899481e+00 2.660676518175777439e+00 9.928943376416433653e-01
1.958993388801016478e+00 2.663115543602042834e+00 9.925794052039365045e-01
1.960825936405133474e+00 2.665556804867572627e+00 9.922646755846304956e-01
1.962658484009250470e+00 2.668000304021946878e+00 9.919501509070989265e-01
1.964491031613367245e+00 2.670446043116624146e+00 9.916358332885033544e-01
1.966323579217484241e+00 2.672894024204943708e+00 9.913217248398163983e-01
1.968156126821601237e+00 2.675344249342126890e+00 9.910078276658493834e-01
1.969988674425718234e+00 2.677796720585279733e+00 9.906941438652734355e-01
1.971821222029835008e+00 2.680251439993392548e+00 9.903806755306474585e-01
1.973653769633952004e+00 2.682708409627344803e+00 9.900674247484414492e-01
1.975486317238069001e+00 2.685167631549903788e+00 9.897543935990605890e-01
1.977318864842185997e+00 2.687629107825729058e+00 9.894415841568695580e-01
1.979151412446302993e+00 2.690092840521371098e+00 9.891289984902187360e-01
1.980983960050419768e+00 2.692558831705276212e+00 9.888166386614660741e-01
1.982816507654536764e+00 2.695027083447786520e+00 9.885045067270025188e-01
1.984649055258653760e+00 2.697497597821142179e+00 9.881926047372763255e-01
1.986481602862770757e+00 2.699970376899481828e+00 9.878809347368158189e-01
1.988314150466887531e+00 2.702445422758846583e+00 9.875694987642551492e-01
1.990146698071004527e+00 2.704922737477180483e+00 9.872582988523563863e-01
1.991979245675121524e+00 2.707402323134332267e+00 9.869473370280344993e-01
1.993811793279238520e+00 2.709884181812057591e+00 9.866366153123800053e-01
1.995644340883355516e+00 2.712368315594019474e+00 9.863261357206837276e-01
1.997476888487472291e+00 2.714854726565791410e+00 9.860159002624598878e-01
1.999309436091589287e+00 2.717343416814860024e+00 9.857059109414683107e-01
2.001141983695706283e+00 2.719834388430624195e+00 9.853961697557397370e-01
2.002974531299823280e+00 2.722327643504398154e+00 9.850866786975980283e-01
2.004807078903940276e+00 2.724823184129413267e+00 9.847774397536835922e-01
2.006639626508057273e+00 2.727321012400820255e+00 9.844684549049762534e-01
2.008472174112174269e+00 2.729821130415690078e+00 9.841597261268182351e-01
2.010304721716290821e+00 2.732323540273016160e+00 9.838512553889382506e-01
2.012137269320407817e+00 2.734828244073716164e+00 9.835430446554727091e-01
2.013969816924524814e+00 2.737335243920633765e+00 9.832350958849895850e-01
2.015802364528641810e+00 2.739844541918539544e+00 9.829274110305105117e-01
2.017634912132758807e+00 2.742356140174134982e+00 9.826199920395343179e-01
2.019467459736875803e+00 2.744870040796050681e+00 9.823128408540586776e-01
2.021300007340992799e+00 2.747386245894852141e+00 9.820059594106029799e-01
2.023132554945109796e+00 2.749904757583038428e+00 9.816993496402310893e-01
2.024965102549226792e+00 2.752425577975045723e+00 9.813930134685728834e-01
2.026797650153343344e+00 2.754948709187247768e+00 9.810869528158472352e-01
2.028630197757460341e+00 2.757474153337959866e+00 9.807811695968838839e-01
2.030462745361577337e+00 2.760001912547437541e+00 9.804756657211448623e-01
2.032295292965694333e+00 2.762531988937880989e+00 9.801704430927484779e-01
2.034127840569811330e+00 2.765064384633435068e+00 9.798655036104890748e-01
2.035960388173928326e+00 2.767599101760192415e+00 9.795608491678600149e-01
2.037792935778045322e+00 2.770136142446194327e+00 9.792564816530757721e-01
2.039625483382162319e+00 2.772675508821432544e+00 9.789524029490928037e-01
2.041458030986279315e+00 2.775217203017852796e+00 9.786486149336315332e-01
2.043290578590395867e+00 2.777761227169352143e+00 9.783451194791985550e-01
2.045123126194512864e+00 2.780307583411788297e+00 9.780419184531069510e-01
2.046955673798629860e+00 2.782856273882972520e+00 9.777390137174989393e-01
2.048788221402746856e+00 2.785407300722678947e+00 9.774364071293659695e-01
2.050620769006863853e+00 2.787960666072640592e+00 9.771341005405718150e-01
2.052453316610980849e+00 2.790516372076556006e+00 9.768320957978717800e-01
2.054285864215097845e+00 2.793074420880087505e+00 9.765303947429350151e-01
2.056118411819214842e+00 2.795634814630864717e+00 9.762289992123653892e-01
2.057950959423331838e+00 2.798197555478486365e+00 9.759279110377228061e-01
2.059783507027448390e+00 2.800762645574520260e+00 9.756271320455430773e-01
2.061616054631565387e+00 2.803330087072509524e+00 9.753266640573596824e-01
2.063448602235682383e+00 2.805899882127968592e+00 9.750265088897249743e-01
2.065281149839799379e+00 2.808472032898388537e+00 9.747266683542292753e-01
2.067113697443916376e+00 2.811046541543238853e+00 9.744271442575231923e-01
2.068946245048033372e+00 2.813623410223968335e+00 9.741279384013373788e-01
2.070778792652150369e+00 2.816202641104005977e+00 9.738290525825034072e-01
2.072611340256267365e+00 2.818784236348766292e+00 9.735304885929730867e-01
2.074443887860384361e+00 2.821368198125647098e+00 9.732322482198407787e-01
2.076276435464500913e+00 2.823954528604032621e+00 9.729343332453626036e-01
2.078108983068617910e+00 2.826543229955297942e+00 9.726367454469760920e-01
2.079941530672734906e+00 2.829134304352806772e+00 9.723394865973207235e-01
2.081774078276851903e+00 2.831727753971915895e+00 9.720425584642591321e-01
2.083606625880968899e+00 2.834323580989975611e+00 9.717459628108960912e-01
2.085439173485085895e+00 2.836921787586333288e+00 9.714497013955980531e-01
2.087271721089202892e+00 2.839522375942332477e+00 9.711537759720144658e-01
2.089104268693319888e+00 2.842125348241317795e+00 9.708581882890958692e-01
2.090936816297436884e+00 2.844730706668634479e+00 9.705629400911153226e-01
2.092769363901553437e+00 2.847338453411631054e+00 9.702680331176868345e-01
2.094601911505670433e+00 2.849948590659662440e+00 9.699734691037855683e-01
2.096434459109787429e+00 2.852561120604089506e+00 9.696792497797672716e-01
2.098267006713904426e+00 2.855176045438281296e+00 9.693853768713882602e-01
2.100099554318021422e+00 2.857793367357618131e+00 9.690918520998234031e-01
2.101932101922138418e+00 2.860413088559493833e+00 9.687986771816869958e-01
2.103764649526255415e+00 2.863035211243314393e+00 9.685058538290518548e-01
2.105597197130372411e+00 2.865659737610504187e+00 9.682133837494677486e-01
2.107429744734489407e+00 2.868286669864504201e+00 9.679212686459811588e-01
2.109262292338605960e+00 2.870916010210775138e+00 9.676295102171539320e-01
2.111094839942722956e+00 2.873547760856801414e+00 9.673381101570830420e-01
2.112927387546839952e+00 2.876181924012088498e+00 9.670470701554190196e-01
2.114759935150956949e+00 2.878818501888169124e+00 9.667563918973847148e-01
2.116592482755073945e+00 2.881457496698602849e+00 9.664660770637947262e-01
2.118425030359190941e+00 2.884098910658976944e+00 9.661761273310738307e-01
2.120257577963307938e+00 2.886742745986912606e+00 9.658865443712753018e-01
2.122090125567424934e+00 2.889389004902060520e+00 9.655973298521003390e-01
2.123922673171541931e+00 2.892037689626109298e+00 9.653084854369167189e-01
2.125755220775658483e+00 2.894688802382781478e+00 9.650200127847762266e-01
2.127587768379775479e+00 2.897342345397840191e+00 9.647319135504336396e-01
2.129420315983892475e+00 2.899998320899087823e+00 9.644441893843663793e-01
2.131252863588009472e+00 2.902656731116369571e+00 9.641568419327908313e-01
2.133085411192126468e+00 2.905317578281572999e+00 9.638698728376819957e-01
2.134917958796243465e+00 2.907980864628634254e+00 9.635832837367908077e-01
2.136750506400360461e+00 2.910646592393535403e+00 9.632970762636634543e-01
2.138583054004477457e+00 2.913314763814308872e+00 9.630112520476585836e-01
2.140415601608594454e+00 2.915985381131038778e+00 9.627258127139652899e-01
2.142248149212711006e+00 2.918658446585861821e+00 9.624407598836214328e-01
2.144080696816828002e+00 2.921333962422972164e+00 9.621560951735317335e-01
2.145913244420944999e+00 2.924011930888618771e+00 9.618718201964855385e-01
2.147745792025061995e+00 2.926692354231111182e+00 9.615879365611738061e-01
2.149578339629178991e+00 2.929375234700819508e+00 9.613044458722079799e-01
2.151410887233295988e+00 2.932060574550176657e+00 9.610213497301371977e-01
2.153243434837412984e+00 2.934748376033680994e+00 9.607386497314654994e-01
2.155075982441529980e+00 2.937438641407896345e+00 9.604563474686709235e-01
2.156908530045646977e+00 2.940131372931456433e+00 9.601744445302202724e-01
2.158741077649763529e+00 2.942826572865063550e+00 9.598929425005893190e-01
2.160573625253880525e+00 2.945524243471495662e+00 9.596118429602790156e-01
2.162406172857997522e+00 2.948224387015601966e+00 9.593311474858321475e-01
2.164238720462114518e+00 2.950927005764308664e+00 9.590508576498522064e-01
2.166071268066231514e+00 2.953632101986620739e+00 9.587709750210193782e-01
2.167903815670348511e+00 2.956339677953622402e+00 9.584915011641076399e-01
2.169736363274465507e+00 2.959049735938479753e+00 9.582124376400026344e-01
2.171568910878582503e+00 2.961762278216443889e+00 9.579337860057183240e-01
2.173401458482699500e+00 2.964477307064849576e+00 9.576555478144146427e-01
2.175234006086816052e+00 2.967194824763119687e+00 9.573777246154128173e-01
2.177066553690933048e+00 2.969914833592769643e+00 9.571003179542130201e-01
2.178899101295050045e+00 2.972637335837402084e+00 9.568233293725129096e-01
2.180731648899167041e+00 2.975362333782715307e+00 9.565467604082215081e-01
2.182564196503284037e+00 2.978089829716502823e+00 9.562706125954775205e-01
2.184396744107401034e+00 2.980819825928654243e+00 9.559948874646658767e-01
2.186229291711518030e+00 2.983552324711159276e+00 9.557195865424347181e-01
2.188061839315635027e+00 2.986287328358108617e+00 9.554447113517107182e-01
2.189894386919752023e+00 2.989024839165695280e+00 9.551702634117165136e-01
2.191726934523868575e+00 2.991764859432217705e+00 9.548962442379873572e-01
2.193559482127985572e+00 2.994507391458081536e+00 9.546226553423858840e-01
2.195392029732102568e+00 2.997252437545800952e+00 9.543494982331205412e-01
2.197224577336219564e+00 3.000000000000000444e+00 9.540767744147611307e-01
