# tau=beta*t, lambda=exp[(gamma_dot/beta)*tau], sigma_norm=sigma/mu
# tau lambda sigma_over_mu
0.000000000000000000e+00 1.000000000000000000e+00 0.000000000000000000e+00
1.145342252573091713e-03 1.000916693709138716e+00 4.423285206121153022e-03
2.290684505146183426e-03 1.001834227745634021e+00 8.830974624500919842e-03
3.436026757719275355e-03 1.002752602879808386e+00 1.322311914764072276e-02
4.581369010292366852e-03 1.003671819882690830e+00 1.759976949816841052e-02
5.726711262865458348e-03 1.004591879526017140e+00 2.196097622946537042e-02
6.872053515438550711e-03 1.005512782582230535e+00 2.630678972629071563e-02
8.017395768011642207e-03 1.006434529824482338e+00 3.063726020540346803e-02
9.162738020584733703e-03 1.007357122026632634e+00 3.495243771618405243e-02
1.030808027315782520e-02 1.008280559963250500e+00 3.925237214124849272e-02
1.145342252573091670e-02 1.009204844409615776e+00 4.353711319706919658e-02
1.259876477830400819e-02 1.010129976141718400e+00 4.780671043458058211e-02
1.374410703087710142e-02 1.011055955936260187e+00 5.206121323979477633e-02
1.488944928345019292e-02 1.011982784570654159e+00 5.630067083440242620e-02
1.603479153602328441e-02 1.012910462823026991e+00 6.052513227638575688e-02
1.718013378859637591e-02 1.013838991472217677e+00 6.473464646061241612e-02
1.832547604116946741e-02 1.014768371297779748e+00 6.892926211944146175e-02
1.947081829374255890e-02 1.015698603079981499e+00 7.310902782332021066e-02
2.061616054631565040e-02 1.016629687599805987e+00 7.727399198137463454e-02
2.176150279888874189e-02 1.017561625638952583e+00 8.142420284200777014e-02
2.290684505146183339e-02 1.018494417979836753e+00 8.555970849348470963e-02
2.405218730403492489e-02 1.019428065405591832e+00 8.968055686452529318e-02
2.519752955660801638e-02 1.020362568700068806e+00 9.378679572488640703e-02
2.634287180918110788e-02 1.021297928647836750e+00 9.787847268594322692e-02
2.748821406175420284e-02 1.022234146034184832e+00 1.019556352012760125e-01
2.863355631432729434e-02 1.023171221645121198e+00 1.060183305672404708e-01
2.977889856690038584e-02 1.024109156267375198e+00 1.100666059235505673e-01
3.092424081947347733e-02 1.025047950688396936e+00 1.141005082538471549e-01
3.206958307204656883e-02 1.025987605696358607e+00 1.181200843862715844e-01
3.321492532461965685e-02 1.026928122080154715e+00 1.221253809940336804e-01
3.436026757719275182e-02 1.027869500629403410e+00 1.261164445959803149e-01
3.550560982976583985e-02 1.028811742134446039e+00 1.300933215571549173e-01
3.665095208233893481e-02 1.029754847386348704e+00 1.340560580893640497e-01
3.779629433491202978e-02 1.030698817176902926e+00 1.380047002517364174e-01
3.894163658748511780e-02 1.031643652298625868e+00 1.419392939512779950e-01
4.008697884005821277e-02 1.032589353544761002e+00 1.458598849434280809e-01
4.123232109263130080e-02 1.033535921709279215e+00 1.497665188326139096e-01
4.237766334520439576e-02 1.034483357586879038e+00 1.536592410727988800e-01
4.352300559777748379e-02 1.035431661972987749e+00 1.575380969680331977e-01
4.466834785035057875e-02 1.036380835663761601e+00 1.614031316729980792e-01
4.581369010292366678e-02 1.037330879456086485e+00 1.652543901935507042e-01
4.695903235549676175e-02 1.038281794147579262e+00 1.690919173872667824e-01
4.810437460806984977e-02 1.039233580536587764e+00 1.729157579639793163e-01
4.924971686064294474e-02 1.040186239422191461e+00 1.767259564863153387e-01
5.039505911321603276e-02 1.041139771604202569e+00 1.805225573702325670e-01
5.154040136578912773e-02 1.042094177883166273e+00 1.843056048855516160e-01
5.268574361836221576e-02 1.043049459060362061e+00 1.880751431564884057e-01
5.383108587093531072e-02 1.044005615937803277e+00 1.918312161621797962e-01
5.497642812350840569e-02 1.044962649318238901e+00 1.955738677372140244e-01
5.612177037608149371e-02 1.045920560005153988e+00 1.993031415721541744e-01
5.726711262865458868e-02 1.046879348802769671e+00 2.030190812140590384e-01
5.841245488122767671e-02 1.047839016516044497e+00 2.067217300670045055e-01
5.955779713380077167e-02 1.048799563950675084e+00 2.104111313926034232e-01
6.070313938637385970e-02 1.049760991913096131e+00 2.140873283105176050e-01
6.184848163894695466e-02 1.050723301210482186e+00 2.177503637989782748e-01
6.299382389152004269e-02 1.051686492650747429e+00 2.214002806952921620e-01
6.413916614409313766e-02 1.052650567042546559e+00 2.250371216963548970e-01
6.528450839666623262e-02 1.053615525195275904e+00 2.286609293591585212e-01
6.642985064923931371e-02 1.054581367919073198e+00 2.322717461012952789e-01
6.757519290181240867e-02 1.055548096024819804e+00 2.358696142014671815e-01
6.872053515438550364e-02 1.056515710324139157e+00 2.394545757999792523e-01
6.986587740695859861e-02 1.057484211629399651e+00 2.430266728992476477e-01
7.101121965953167969e-02 1.058453600753713753e+00 2.465859473642921518e-01
7.215656191210477466e-02 1.059423878510939998e+00 2.501324409232365542e-01
7.330190416467786962e-02 1.060395045715682549e+00 2.536661951677993687e-01
7.444724641725096459e-02 1.061367103183292082e+00 2.571872515537843018e-01
7.559258866982405956e-02 1.062340051729866897e+00 2.606956514015753013e-01
7.673793092239714064e-02 1.063313892172254027e+00 2.641914358966227505e-01
7.788327317497023561e-02 1.064288625328048132e+00 2.676746460899256386e-01
7.902861542754333057e-02 1.065264252015594382e+00 2.711453228985222230e-01
8.017395768011642554e-02 1.066240773053987567e+00 2.746035071059671484e-01
8.131929993268950663e-02 1.067218189263073436e+00 2.780492393628141712e-01
8.246464218526260159e-02 1.068196501463449355e+00 2.814825601870943328e-01
8.360998443783569656e-02 1.069175710476464980e+00 2.849035099647929115e-01
8.475532669040879152e-02 1.070155817124222697e+00 2.883121289503223772e-01
8.590066894298187261e-02 1.071136822229578733e+00 2.917084572669979003e-01
8.704601119555496758e-02 1.072118726616143602e+00 2.950925349075055881e-01
8.819135344812806254e-02 1.073101531108282547e+00 2.984644017343729971e-01
8.933669570070115751e-02 1.074085236531116649e+00 3.018240974804354271e-01
9.048203795327423860e-02 1.075069843710523720e+00 3.051716617493037687e-01
9.162738020584733356e-02 1.076055353473137854e+00 3.085071340158231923e-01
9.277272245842042853e-02 1.077041766646351872e+00 3.118305536265403299e-01
9.391806471099352349e-02 1.078029084058316212e+00 3.151419598001587996e-01
9.506340696356661846e-02 1.079017306537941145e+00 3.184413916280003365e-01
9.620874921613969954e-02 1.080006434914896563e+00 3.217288880744593738e-01
9.735409146871279451e-02 1.080996470019612410e+00 3.250044879774556250e-01
9.849943372128588948e-02 1.081987412683280692e+00 3.282682300488918292e-01
9.964477597385898444e-02 1.082979263737854803e+00 3.315201528750998383e-01
1.007901182264320655e-01 1.083972024016051083e+00 3.347602949172922004e-01
1.019354604790051605e-01 1.084965694351349041e+00 3.379886945120080255e-01
1.030808027315782555e-01 1.085960275577992240e+00 3.412053898715603495e-01
1.042261449841513504e-01 1.086955768530989186e+00 3.444104190844781144e-01
1.053714872367244315e-01 1.087952174046113774e+00 3.476038201159497576e-01
1.065168294892975265e-01 1.088949492959905729e+00 3.507856308082611951e-01
1.076621717418706214e-01 1.089947726109671944e+00 3.539558888812375237e-01
1.088075139944437164e-01 1.090946874333486916e+00 3.571146319326780061e-01
1.099528562470168114e-01 1.091946938470192974e+00 3.602618974387906126e-01
1.110981984995898925e-01 1.092947919359401832e+00 3.633977227546278943e-01
1.122435407521629874e-01 1.093949817841495031e+00 3.665221451145171394e-01
1.133888830047360824e-01 1.094952634757623944e+00 3.696352016324897516e-01
1.145342252573091774e-01 1.095956370949711101e+00 3.727369293027106845e-01
1.156795675098822584e-01 1.096961027260451305e+00 3.758273649999059329e-01
1.168249097624553534e-01 1.097966604533311408e+00 3.789065454797859722e-01
1.179702520150284484e-01 1.098973103612531643e+00 3.819745073794701407e-01
1.191155942676015433e-01 1.099980525343126070e+00 3.850312872179076362e-01
1.202609365201746244e-01 1.100988870570883238e+00 3.880769213962982356e-01
1.214062787727477194e-01 1.101998140142367300e+00 3.911114461985106816e-01
1.225516210253208144e-01 1.103008334904918453e+00 3.941348977914998497e-01
1.236969632778939093e-01 1.104019455706653607e+00 3.971473122257217492e-01
1.248423055304669904e-01 1.105031503396466608e+00 4.001487254355443612e-01
1.259876477830400854e-01 1.106044478824030453e+00 4.031391732396659711e-01
1.271329900356131803e-01 1.107058382839796185e+00 4.061186913415190669e-01
1.282783322881862753e-01 1.108073216294994667e+00 4.090873153296817888e-01
1.294236745407593703e-01 1.109088980041637473e+00 4.120450806782868236e-01
1.305690167933324652e-01 1.110105674932516884e+00 4.149920227474244161e-01
1.317143590459055602e-01 1.111123301821206777e+00 4.179281767835466566e-01
1.328597012984786274e-01 1.112141861562063738e+00 4.208535779198713245e-01
1.340050435510517224e-01 1.113161355010227727e+00 4.237682611767826790e-01
1.351503858036248173e-01 1.114181783021622074e+00 4.266722614622289189e-01
1.362957280561979123e-01 1.115203146452955041e+00 4.295656135721216407e-01
1.374410703087710073e-01 1.116225446161720258e+00 4.324483521907327987e-01
1.385864125613441022e-01 1.117248683006197396e+00 4.353205118910874472e-01
1.397317548139171972e-01 1.118272857845452606e+00 4.381821271353580349e-01
1.408770970664902922e-01 1.119297971539340297e+00 4.410332322752576473e-01
1.420224393190633594e-01 1.120324024948502251e+00 4.438738615524257525e-01
1.431677815716364544e-01 1.121351018934369614e+00 4.467040490988219981e-01
1.443131238242095493e-01 1.122378954359163128e+00 4.495238289371102924e-01
1.454584660767826443e-01 1.123407832085894009e+00 4.523332349810454955e-01
1.466038083293557392e-01 1.124437652978364399e+00 4.551323010358572785e-01
1.477491505819288342e-01 1.125468417901168472e+00 4.579210607986329284e-01
1.488944928345019292e-01 1.126500127719692879e+00 4.606995478586994319e-01
1.500398350870750241e-01 1.127532783300117414e+00 4.634677956980014502e-01
1.511851773396481191e-01 1.128566385509416570e+00 4.662258376914826807e-01
1.523305195922211863e-01 1.129600935215358426e+00 4.689737071074576713e-01
1.534758618447942813e-01 1.130636433286507758e+00 4.717114371079936808e-01
1.546212040973673763e-01 1.131672880592224484e+00 4.744390607492788847e-01
1.557665463499404712e-01 1.132710278002666549e+00 4.771566109819995738e-01
1.569118886025135662e-01 1.133748626388788372e+00 4.798641206517062496e-01
1.580572308550866611e-01 1.134787926622343734e+00 4.825616224991890468e-01
1.592025731076597561e-01 1.135828179575885111e+00 4.852491491608416641e-01
1.603479153602328511e-01 1.136869386122764780e+00 4.879267331690295140e-01
1.614932576128059183e-01 1.137911547137136159e+00 4.905944069524571516e-01
1.626385998653790133e-01 1.138954663493953134e+00 4.932522028365282085e-01
1.637839421179521082e-01 1.139998736068972285e+00 4.959001530437118777e-01
1.649292843705252032e-01 1.141043765738752880e+00 4.985382896939025699e-01
1.660746266230982982e-01 1.142089753380657768e+00 5.011666448047809030e-01
1.672199688756713931e-01 1.143136699872853601e+00 5.037852502921693620e-01
1.683653111282444881e-01 1.144184606094312828e+00 5.063941379703938983e-01
1.695106533808175830e-01 1.145233472924812812e+00 5.089933395526349269e-01
1.706559956333906780e-01 1.146283301244938269e+00 5.115828866512868167e-01
1.718013378859637452e-01 1.147334091936080380e+00 5.141628107783063895e-01
1.729466801385368402e-01 1.148385845880438572e+00 5.167331433455674139e-01
1.740920223911099352e-01 1.149438563961021176e+00 5.192939156652107702e-01
1.752373646436830301e-01 1.150492247061645879e+00 5.218451589499931709e-01
1.763827068962561251e-01 1.151546896066940162e+00 5.243869043136332175e-01
1.775280491488292200e-01 1.152602511862343082e+00 5.269191827711618981e-01
1.786733914014023150e-01 1.153659095334104823e+00 5.294420252392634252e-01
1.798187336539754100e-01 1.154716647369288474e+00 5.319554625366222922e-01
1.809640759065484772e-01 1.155775168855769808e+00 5.344595253842633342e-01
1.821094181591215722e-01 1.156834660682238614e+00 5.369542444058947872e-01
1.832547604116946671e-01 1.157895123738199805e+00 5.394396501282473499e-01
1.844001026642677621e-01 1.158956558913972978e+00 5.419157729814126911e-01
1.855454449168408571e-01 1.160018967100694631e+00 5.443826432991821784e-01
1.866907871694139520e-01 1.161082349190317498e+00 5.468402913193802783e-01
1.878361294219870470e-01 1.162146706075612546e+00 5.492887471842028413e-01
1.889814716745601419e-01 1.163212038650168312e+00 5.517280409405459496e-01
1.901268139271332369e-01 1.164278347808393566e+00 5.541582025403446465e-01
1.912721561797063041e-01 1.165345634445515977e+00 5.565792618408974546e-01
1.924174984322793991e-01 1.166413899457584558e+00 5.589912486052008855e-01
1.935628406848524941e-01 1.167483143741469220e+00 5.613941925022747359e-01
1.947081829374255890e-01 1.168553368194862774e+00 5.637881231074930444e-01
1.958535251899986840e-01 1.169624573716280036e+00 5.661730699029052793e-01
1.969988674425717790e-01 1.170696761205059833e+00 5.685490622775654090e-01
1.981442096951448739e-01 1.171769931561365663e+00 5.709161295278539772e-01
1.992895519477179689e-01 1.172844085686185922e+00 5.732743008577998456e-01
2.004348942002910361e-01 1.173919224481335011e+00 5.756236053794027141e-01
2.015802364528641311e-01 1.174995348849454224e+00 5.779640721129525316e-01
2.027255787054372260e-01 1.176072459694011973e+00 5.802957299873476860e-01
2.038709209580103210e-01 1.177150557919304674e+00 5.826186078404125279e-01
2.050162632105834160e-01 1.178229644430458523e+00 5.849327344192158940e-01
2.061616054631565109e-01 1.179309720133428829e+00 5.872381383803844113e-01
2.073069477157296059e-01 1.180390785935001352e+00 5.895348482904158027e-01
2.084522899683027009e-01 1.181472842742793405e+00 5.918228926259937461e-01
2.095976322208757958e-01 1.182555891465254083e+00 5.941022997742986256e-01
2.107429744734488630e-01 1.183639933011665368e+00 5.963730980333177278e-01
2.118883167260219580e-01 1.184724968292142577e+00 5.986353156121551056e-01
2.130336589785950530e-01 1.185810998217635692e+00 6.008889806313395532e-01
2.141790012311681479e-01 1.186898023699929361e+00 6.031341211231322497e-01
2.153243434837412429e-01 1.187986045651644451e+00 6.053707650318316258e-01
2.164696857363143379e-01 1.189075064986238051e+00 6.075989402140786755e-01
2.176150279888874328e-01 1.190165082618004577e+00 6.098186744391599357e-01
2.187603702414605278e-01 1.191256099462077334e+00 6.120299953893127975e-01
2.199057124940336228e-01 1.192348116434427396e+00 6.142329306600219363e-01
2.210510547466066900e-01 1.193441134451866281e+00 6.164275077603237341e-01
2.221963969991797849e-01 1.194535154432045720e+00 6.186137541131038198e-01
2.233417392517528799e-01 1.195630177293458773e+00 6.207916970553957192e-01
2.244870815043259749e-01 1.196726203955440271e+00 6.229613638386759522e-01
2.256324237568990698e-01 1.197823235338167702e+00 6.251227816291622386e-01
2.267777660094721648e-01 1.198921272362662549e+00 6.272759775081070410e-01
2.279231082620452598e-01 1.200020315950790062e+00 6.294209784720903311e-01
2.290684505146183547e-01 1.201120367025260816e+00 6.315578114333143533e-01
2.302137927671914219e-01 1.202221426509631375e+00 6.336865032198930603e-01
2.313591350197645169e-01 1.203323495328304737e+00 6.358070805761433242e-01
2.325044772723376119e-01 1.204426574406531003e+00 6.379195701628732618e-01
2.336498195249107068e-01 1.205530664670409147e+00 6.400239985576728907e-01
2.347951617774838018e-01 1.206635767046886354e+00 6.421203922551977916e-01
2.359405040300568968e-01 1.207741882463760241e+00 6.442087776674586541e-01
2.370858462826299917e-01 1.208849011849678190e+00 6.462891811241032736e-01
2.382311885352030867e-01 1.209957156134139344e+00 6.483616288727023225e-01
2.393765307877761817e-01 1.211066316247495056e+00 6.504261470790326793e-01
2.405218730403492489e-01 1.212176493120949106e+00 6.524827618273575380e-01
2.416672152929223438e-01 1.213287687686559035e+00 6.545314991207086264e-01
2.428125575454954388e-01 1.214399900877236815e+00 6.565723848811648722e-01
2.439578997980685338e-01 1.215513133626749731e+00 6.586054449501330676e-01
2.451032420506416287e-01 1.216627386869721050e+00 6.606307050886234267e-01
2.462485843032147237e-01 1.217742661541630467e+00 6.626481909775279178e-01
2.473939265557878187e-01 1.218858958578815654e+00 6.646579282178948223e-01
2.485392688083609136e-01 1.219976278918472268e+00 6.666599423312041806e-01
2.496846110609339808e-01 1.221094623498655274e+00 6.686542587596412401e-01
2.508299533135071036e-01 1.222213993258279841e+00 6.706409028663693483e-01
2.519752955660801708e-01 1.223334389137121114e+00 6.726198999358009578e-01
2.531206378186532935e-01 1.224455812075816219e+00 6.745912751738687430e-01
2.542659800712263607e-01 1.225578263015864477e+00 6.765550537082957172e-01
2.554113223237994279e-01 1.226701742899628522e+00 6.785112605888635740e-01
2.565566645763725506e-01 1.227826252670334073e+00 6.804599207876789180e-01
2.577020068289456178e-01 1.228951793272072601e+00 6.824010591994439379e-01
2.588473490815187406e-01 1.230078365649799998e+00 6.843347006417169753e-01
2.599926913340918078e-01 1.231205970749338796e+00 6.862608698551806441e-01
2.611380335866649305e-01 1.232334609517378832e+00 6.881795915039062850e-01
2.622833758392379977e-01 1.233464282901477471e+00 6.900908901756142022e-01
2.634287180918111204e-01 1.234594991850060719e+00 6.919947903819368973e-01
2.645740603443841876e-01 1.235726737312423884e+00 6.938913165586796383e-01
2.657194025969572548e-01 1.236859520238732690e+00 6.957804930660813625e-01
2.668647448495303776e-01 1.237993341580024165e+00 6.976623441890730248e-01
2.680100871021034448e-01 1.239128202288206193e+00 6.995368941375346150e-01
2.691554293546765675e-01 1.240264103316060185e+00 7.014041670465545053e-01
2.703007716072496347e-01 1.241401045617240850e+00 7.032641869766845799e-01
2.714461138598227574e-01 1.242539030146276424e+00 7.051169779141934768e-01
2.725914561123958246e-01 1.243678057858570885e+00 7.069625637713256028e-01
2.737367983649688918e-01 1.244818129710403731e+00 7.088009683865500454e-01
2.748821406175420146e-01 1.245959246658931319e+00 7.106322155248159245e-01
2.760274828701150818e-01 1.247101409662186855e+00 7.124563288778014147e-01
2.771728251226882045e-01 1.248244619679082401e+00 7.142733320641674322e-01
2.783181673752612717e-01 1.249388877669408426e+00 7.160832486298048805e-01
2.794635096278343944e-01 1.250534184593836029e+00 7.178861020480848953e-01
2.806088518804074616e-01 1.251680541413916270e+00 7.196819157201066464e-01
2.817541941329805844e-01 1.252827949092081949e+00 7.214707129749431402e-01
2.828995363855536516e-01 1.253976408591647829e+00 7.232525170698891337e-01
2.840448786381267188e-01 1.255125920876812184e+00 7.250273511907051605e-01
2.851902208906998415e-01 1.256276486912657031e+00 7.267952384518627795e-01
2.863355631432729087e-01 1.257428107665148787e+00 7.285562018967870479e-01
2.874809053958460314e-01 1.258580784101139827e+00 7.303102644981006586e-01
2.886262476484190986e-01 1.259734517188368264e+00 7.320574491578631937e-01
2.897715899009922214e-01 1.260889307895459943e+00 7.337977787078151515e-01
2.909169321535652886e-01 1.262045157191928002e+00 7.355312759096147568e-01
2.920622744061384113e-01 1.263202066048175087e+00 7.372579634550797678e-01
2.932076166587114785e-01 1.264360035435492469e+00 7.389778639664235094e-01
2.943529589112845457e-01 1.265519066326062703e+00 7.406909999964947922e-01
2.954983011638576684e-01 1.266679159692958967e+00 7.423973940290115037e-01
2.966436434164307356e-01 1.267840316510146836e+00 7.440970684787987510e-01
2.977889856690038584e-01 1.269002537752484283e+00 7.457900456920225629e-01
2.989343279215769256e-01 1.270165824395723009e+00 7.474763479464232585e-01
3.000796701741500483e-01 1.271330177416509777e+00 7.491559974515511477e-01
3.012250124267231155e-01 1.272495597792385746e+00 7.508290163489953484e-01
3.023703546792962382e-01 1.273662086501788915e+00 7.524954267126180429e-01
3.035156969318693054e-01 1.274829644524053673e+00 7.541552505487839619e-01
3.046610391844423726e-01 1.275998272839412584e+00 7.558085097965903110e-01
3.058063814370154954e-01 1.277167972428996379e+00 7.574552263280956987e-01
3.069517236895885626e-01 1.278338744274835515e+00 7.590954219485488430e-01
3.080970659421616853e-01 1.279510589359860839e+00 7.607291183966158332e-01
3.092424081947347525e-01 1.280683508667903370e+00 7.623563373446051727e-01
3.103877504473078752e-01 1.281857503183697178e+00 7.639771003986960407e-01
3.115330926998809424e-01 1.283032573892877837e+00 7.655914290991608917e-01
3.126784349524540652e-01 1.284208721781985751e+00 7.671993449205922744e-01
3.138237772050271324e-01 1.285385947838464382e+00 7.688008692721222115e-01
3.149691194576001996e-01 1.286564253050663353e+00 7.703960234976492405e-01
3.161144617101733223e-01 1.287743638407837787e+00 7.719848288760562394e-01
3.172598039627463895e-01 1.288924104900149636e+00 7.735673066214335813e-01
3.184051462153195122e-01 1.290105653518669016e+00 7.751434778832997363e-01
3.195504884678925794e-01 1.291288285255373980e+00 7.767133637468182084e-01
3.206958307204657022e-01 1.292472001103152301e+00 7.782769852330184701e-01
3.218411729730387694e-01 1.293656802055801691e+00 7.798343632990125673e-01
3.229865152256118366e-01 1.294842689108030687e+00 7.813855188382121675e-01
3.241318574781849593e-01 1.296029663255460429e+00 7.829304726805460524e-01
3.252771997307580265e-01 1.297217725494623997e+00 7.844692455926736141e-01
3.264225419833311492e-01 1.298406876822968181e+00 7.860018582782014596e-01
3.275678842359042164e-01 1.299597118238854376e+00 7.875283313778956851e-01
3.287132264884773392e-01 1.300788450741559021e+00 7.890486854698971486e-01
3.298585687410504064e-01 1.301980875331274046e+00 7.905629410699309689e-01
3.310039109936235291e-01 1.303174393009109311e+00 7.920711186315219088e-01
3.321492532461965963e-01 1.304369004777091501e+00 7.935732385462017646e-01
3.332945954987696635e-01 1.305564711638166342e+00 7.950693211437220853e-01
3.344399377513427862e-01 1.306761514596198603e+00 7.965593866922620059e-01
3.355852800039158534e-01 1.307959414655973651e+00 7.980434553986383017e-01
3.367306222564889762e-01 1.309158412823197670e+00 7.995215474085122231e-01
3.378759645090620434e-01 1.310358510104498775e+00 8.009936828065971071e-01
3.390213067616351661e-01 1.311559707507428119e+00 8.024598816168656557e-01
3.401666490142082333e-01 1.312762006040460117e+00 8.039201638027539953e-01
3.413119912667813560e-01 1.313965406712993778e+00 8.053745492673681783e-01
3.424573335193544232e-01 1.315169910535353592e+00 8.068230578536881303e-01
3.436026757719274904e-01 1.316375518518789978e+00 8.082657093447712660e-01
3.447480180245006132e-01 1.317582231675480609e+00 8.097025234639551039e-01
3.458933602770736804e-01 1.318790051018530418e+00 8.111335198750587727e-01
3.470387025296468031e-01 1.319998977561974041e+00 8.125587181825868477e-01
3.481840447822198703e-01 1.321209012320774701e+00 8.139781379319273036e-01
3.493293870347929930e-01 1.322420156310826655e+00 8.153917986095535753e-01
3.504747292873660602e-01 1.323632410548955196e+00 8.167997196432219553e-01
3.516200715399391830e-01 1.324845776052917756e+00 8.182019204021723224e-01
3.527654137925122502e-01 1.326060253841404579e+00 8.195984201973245398e-01
3.539107560450853174e-01 1.327275844934039828e+00 8.209892382814766298e-01
3.550560982976584401e-01 1.328492550351382917e+00 8.223743938495010619e-01
3.562014405502315073e-01 1.329710371114927625e+00 8.237539060385391521e-01
3.573467828028046300e-01 1.330929308247105425e+00 8.251277939281995710e-01
3.584921250553776972e-01 1.332149362771283929e+00 8.264960765407488585e-01
3.596374673079508200e-01 1.333370535711769778e+00 8.278587728413090430e-01
3.607828095605238872e-01 1.334592828093807748e+00 8.292159017380467123e-01
3.619281518130969544e-01 1.335816240943582978e+00 8.305674820823691906e-01
3.630734940656700771e-01 1.337040775288221406e+00 8.319135326691144972e-01
3.642188363182431443e-01 1.338266432155790220e+00 8.332540722367421937e-01
3.653641785708162670e-01 1.339493212575299186e+00 8.345891194675246760e-01
3.665095208233893342e-01 1.340721117576700872e+00 8.359186929877362449e-01
3.676548630759624570e-01 1.341950148190893088e+00 8.372428113678433981e-01
3.688002053285355242e-01 1.343180305449717560e+00 8.385614931226910151e-01
3.699455475811086469e-01 1.344411590385962363e+00 8.398747567116925383e-01
3.710908898336817141e-01 1.345644004033362595e+00 8.411826205390161570e-01
3.722362320862547813e-01 1.346877547426600374e+00 8.424851029537704372e-01
3.733815743388279040e-01 1.348112221601306615e+00 8.437822222501917269e-01
3.745269165914009712e-01 1.349348027594061694e+00 8.450739966678280091e-01
3.756722588439740940e-01 1.350584966442395896e+00 8.463604443917241982e-01
3.768176010965471612e-01 1.351823039184791186e+00 8.476415835526058817e-01
3.779629433491202839e-01 1.353062246860680773e+00 8.489174322270626183e-01
3.791082856016933511e-01 1.354302590510451099e+00 8.501880084377295699e-01
3.802536278542664738e-01 1.355544071175442511e+00 8.514533301534716880e-01
3.813989701068395410e-01 1.356786689897949483e+00 8.527134152895626817e-01
3.825443123594126082e-01 1.358030447721221945e+00 8.539682817078669830e-01
3.836896546119857310e-01 1.359275345689467063e+00 8.552179472170202690e-01
3.848349968645587982e-01 1.360521384847848125e+00 8.564624295726077641e-01
3.859803391171319209e-01 1.361768566242486989e+00 8.577017464773437627e-01
3.871256813697049881e-01 1.363016890920464297e+00 8.589359155812492652e-01
3.882710236222781108e-01 1.364266359929821038e+00 8.601649544818305015e-01
3.894163658748511780e-01 1.365516974319558319e+00 8.613888807242556789e-01
3.905617081274243008e-01 1.366768735139639368e+00 8.626077118015309519e-01
3.917070503799973680e-01 1.368021643440989532e+00 8.638214651546765044e-01
3.928523926325704352e-01 1.369275700275497609e+00 8.650301581729008538e-01
3.939977348851435579e-01 1.370530906696016737e+00 8.662338081937773770e-01
3.951430771377166251e-01 1.371787263756365283e+00 8.674324325034159511e-01
3.962884193902897478e-01 1.373044772511327505e+00 8.686260483366383678e-01
3.974337616428628150e-01 1.374303434016654446e+00 8.698146728771496416e-01
3.985791038954359378e-01 1.375563249329065485e+00 8.709983232577107604e-01
3.997244461480090050e-01 1.376824219506247893e+00 8.721770165603097702e-01
4.008697884005820722e-01 1.378086345606859275e+00 8.733507698163340827e-01
4.020151306531551949e-01 1.379349628690527130e+00 8.745196000067394504e-01
4.031604729057282621e-01 1.380614069817850620e+00 8.756835240622200534e-01
4.043058151583013848e-01 1.381879670050401243e+00 8.768425588633783629e-01
4.054511574108744520e-01 1.383146430450723274e+00 8.779967212408931188e-01
4.065964996634475748e-01 1.384414352082335320e+00 8.791460279756875273e-01
4.077418419160206420e-01 1.385683436009730540e+00 8.802904957990971280e-01
4.088871841685937647e-01 1.386953683298378648e+00 8.814301413930364371e-01
4.100325264211668319e-01 1.388225095014725019e+00 8.825649813901649265e-01
4.111778686737398991e-01 1.389497672226193581e+00 8.836950323740533353e-01
4.123232109263130218e-01 1.390771416001186367e+00 8.848203108793485372e-01
4.134685531788860891e-01 1.392046327409084849e+00 8.859408333919388534e-01
4.146138954314592118e-01 1.393322407520250383e+00 8.870566163491168110e-01
4.157592376840322790e-01 1.394599657406026427e+00 8.881676761397436781e-01
4.169045799366054017e-01 1.395878078138737655e+00 8.892740291044127776e-01
4.180499221891784689e-01 1.397157670791692174e+00 8.903756915356095814e-01
4.191952644417515916e-01 1.398438436439181976e+00 8.914726796778773554e-01
4.203406066943246588e-01 1.399720376156483592e+00 8.925650097279744788e-01
4.214859489468977261e-01 1.401003491019859659e+00 8.936526978350384232e-01
4.226312911994708488e-01 1.402287782106559133e+00 8.947357601007428496e-01
4.237766334520439160e-01 1.403573250494818403e+00 8.958142125794605892e-01
4.249219757046170387e-01 1.404859897263862401e+00 8.968880712784198517e-01
4.260673179571901059e-01 1.406147723493905710e+00 8.979573521578649853e-01
4.272126602097632286e-01 1.407436730266152347e+00 8.990220711312122415e-01
4.283580024623362958e-01 1.408726918662798200e+00 9.000822440652094247e-01
4.295033447149094186e-01 1.410018289767030808e+00 9.011378867800913239e-01
4.306486869674824858e-01 1.411310844663030917e+00 9.021890150497373639e-01
4.317940292200555530e-01 1.412604584435972921e+00 9.032356446018255935e-01
4.329393714726286757e-01 1.413899510172025975e+00 9.042777911179905592e-01
4.340847137252017429e-01 1.415195622958355104e+00 9.053154702339760718e-01
4.352300559777748656e-01 1.416492923883121868e+00 9.063486975397901935e-01
4.363753982303479328e-01 1.417791414035485031e+00 9.073774885798590040e-01
4.375207404829210556e-01 1.419091094505602557e+00 9.084018588531802552e-01
4.386660827354941228e-01 1.420391966384630722e+00 9.094218238134749166e-01
4.398114249880672455e-01 1.421694030764726779e+00 9.104373988693407194e-01
4.409567672406403127e-01 1.422997288739048960e+00 9.114485993844035905e-01
4.421021094932133799e-01 1.424301741401757582e+00 9.124554406774679771e-01
4.432474517457865026e-01 1.425607389848016160e+00 9.134579380226681700e-01
4.443927939983595699e-01 1.426914235173991630e+00 9.144561066496180723e-01
4.455381362509326926e-01 1.428222278476856122e+00 9.154499617435619685e-01
4.466834785035057598e-01 1.429531520854787630e+00 9.164395184455216281e-01
4.478288207560788825e-01 1.430841963406970896e+00 9.174247918524476297e-01
4.489741630086519497e-01 1.432153607233597858e+00 9.184057970173651331e-01
4.501195052612250169e-01 1.433466453435869425e+00 9.193825489495219827e-01
4.512648475137981396e-01 1.434780503115995476e+00 9.203550626145372560e-01
4.524101897663712069e-01 1.436095757377197080e+00 9.213233529345463690e-01
4.535555320189443296e-01 1.437412217323705610e+00 9.222874347883478485e-01
4.547008742715173968e-01 1.438729884060765407e+00 9.232473230115492147e-01
4.558462165240905195e-01 1.440048758694634001e+00 9.242030323967114214e-01
4.569915587766635867e-01 1.441368842332582556e+00 9.251545776934942955e-01
4.581369010292367094e-01 1.442690136082897423e+00 9.261019736088005327e-01
4.592822432818097766e-01 1.444012641054881252e+00 9.270452348069188053e-01
4.604275855343828439e-01 1.445336358358853213e+00 9.279843759096680911e-01
4.615729277869559666e-01 1.446661289106150328e+00 9.289194114965393378e-01
4.627182700395290338e-01 1.447987434409128582e+00 9.298503561048391264e-01
4.638636122921021565e-01 1.449314795381163590e+00 9.307772242298288923e-01
4.650089545446752237e-01 1.450643373136651260e+00 9.317000303248694770e-01
4.661542967972483464e-01 1.451973168791009572e+00 9.326187888015597949e-01
4.672996390498214136e-01 1.453304183460678578e+00 9.335335140298773871e-01
4.684449813023945364e-01 1.454636418263121955e+00 9.344442203383197532e-01
4.695903235549676036e-01 1.455969874316827894e+00 9.353509220140416858e-01
4.707356658075406708e-01 1.457304552741309767e+00 9.362536333029969349e-01
4.718810080601137935e-01 1.458640454657107011e+00 9.371523684100729890e-01
4.730263503126868607e-01 1.459977581185786688e+00 9.380471414992329615e-01
4.741716925652599834e-01 1.461315933449943483e+00 9.389379666936502611e-01
4.753170348178330507e-01 1.462655512573201255e+00 9.398248580758478132e-01
4.764623770704061734e-01 1.463996319680214375e+00 9.407078296878338408e-01
4.776077193229792406e-01 1.465338355896667499e+00 9.415868955312372002e-01
4.787530615755523633e-01 1.466681622349277792e+00 9.424620695674447157e-01
4.798984038281254305e-01 1.468026120165794701e+00 9.433333657177352949e-01
4.810437460806984977e-01 1.469371850475002184e+00 9.442007978634157084e-01
4.821890883332716204e-01 1.470718814406718256e+00 9.450643798459544831e-01
4.833344305858446877e-01 1.472067013091796994e+00 9.459241254671155730e-01
4.844797728384178104e-01 1.473416447662128981e+00 9.467800484890921409e-01
4.856251150909908776e-01 1.474767119250642633e+00 9.476321626346404514e-01
4.867704573435640003e-01 1.476119028991304427e+00 9.484804815872108774e-01
4.879157995961370675e-01 1.477472178019120674e+00 9.493250189910811265e-01
4.890611418487101347e-01 1.478826567470138409e+00 9.501657884514883579e-01
4.902064841012832574e-01 1.480182198481445610e+00 9.510028035347597442e-01
4.913518263538563247e-01 1.481539072191172757e+00 9.518360777684430341e-01
4.924971686064294474e-01 1.482897189738493937e+00 9.526656246414384466e-01
4.936425108590025146e-01 1.484256552263626849e+00 9.534914576041264578e-01
4.947878531115756373e-01 1.485617160907835022e+00 9.543135900685004724e-01
4.959331953641487045e-01 1.486979016813427812e+00 9.551320354082921682e-01
4.970785376167218272e-01 1.488342121123761963e+00 9.559468069591036121e-01
4.982238798692948945e-01 1.489706474983242490e+00 9.567579180185341592e-01
4.993692221218679617e-01 1.491072079537322903e+00 9.575653818463074618e-01
5.005145643744410844e-01 1.492438935932507205e+00 9.583692116644011438e-01
5.016599066270142071e-01 1.493807045316350557e+00 9.591694206571712567e-01
5.028052488795872188e-01 1.495176408837459059e+00 9.599660219714806209e-01
5.039505911321603415e-01 1.496547027645493300e+00 9.607590287168252807e-01
5.050959333847334642e-01 1.497918902891166137e+00 9.615484539654582941e-01
5.062412756373065870e-01 1.499292035726246697e+00 9.623343107525174078e-01
5.073866178898795987e-01 1.500666427303558814e+00 9.631166120761482929e-01
5.085319601424527214e-01 1.502042078776983702e+00 9.638953708976302215e-01
5.096773023950258441e-01 1.503418991301460395e+00 9.646706001414999676e-01
5.108226446475988558e-01 1.504797166032986189e+00 9.654423126956749313e-01
5.119679869001719785e-01 1.506176604128618424e+00 9.662105214115763729e-01
5.131133291527451012e-01 1.507557306746475367e+00 9.669752391042545359e-01
5.142586714053182240e-01 1.508939275045735995e+00 9.677364785525075508e-01
5.154040136578912357e-01 1.510322510186642875e+00 9.684942524990063362e-01
5.165493559104643584e-01 1.511707013330501725e+00 9.692485736504155014e-01
5.176946981630374811e-01 1.513092785639682969e+00 9.699994546775145832e-01
5.188400404156104928e-01 1.514479828277621953e+00 9.707469082153183937e-01
5.199853826681836155e-01 1.515868142408821617e+00 9.714909468631990341e-01
5.211307249207567382e-01 1.517257729198851823e+00 9.722315831850042445e-01
5.222760671733298610e-01 1.518648589814350691e+00 9.729688297091787508e-01
5.234214094259028727e-01 1.520040725423025929e+00 9.737026989288819490e-01
5.245667516784759954e-01 1.521434137193655944e+00 9.744332033021092521e-01
5.257120939310491181e-01 1.522828826296090510e+00 9.751603552518073315e-01
5.268574361836222408e-01 1.524224793901251429e+00 9.758841671659954642e-01
5.280027784361952525e-01 1.525622041181133870e+00 9.766046513978816623e-01
5.291481206887683753e-01 1.527020569308808140e+00 9.773218202659801346e-01
5.302934629413414980e-01 1.528420379458419243e+00 9.780356860542288588e-01
5.314388051939145097e-01 1.529821472805188209e+00 9.787462610121060447e-01
5.325841474464876324e-01 1.531223850525414099e+00 9.794535573547460405e-01
5.337294896990607551e-01 1.532627513796474217e+00 9.801575872630564623e-01
5.348748319516338778e-01 1.534032463796824342e+00 9.808583628838309920e-01
5.360201742042068895e-01 1.535438701706001607e+00 9.815558963298678385e-01
5.371655164567800123e-01 1.536846228704623840e+00 9.822501996800820923e-01
5.383108587093531350e-01 1.538255045974391111e+00 9.829412849796215212e-01
5.394562009619261467e-01 1.539665154698086624e+00 9.836291642399797031e-01
5.406015432144992694e-01 1.541076556059578717e+00 9.843138494391103777e-01
5.417468854670723921e-01 1.542489251243819748e+00 9.849953525215399130e-01
5.428922277196455148e-01 1.543903241436849205e+00 9.856736853984804370e-01
5.440375699722185265e-01 1.545318527825793486e+00 9.863488599479436347e-01
5.451829122247916493e-01 1.546735111598867007e+00 9.870208880148507724e-01
5.463282544773647720e-01 1.548152993945373757e+00 9.876897814111467166e-01
5.474735967299377837e-01 1.549572176055707740e+00 9.883555519159095137e-01
5.486189389825109064e-01 1.550992659121354755e+00 9.890182112754626331e-01
5.497642812350840291e-01 1.552414444334891730e+00 9.896777712034861008e-01
5.509096234876571518e-01 1.553837532889989825e+00 9.903342433811250789e-01
5.520549657402301635e-01 1.555261925981413551e+00 9.909876394571011105e-01
5.532003079928032863e-01 1.556687624805023873e+00 9.916379710478222531e-01
5.543456502453764090e-01 1.558114630557776881e+00 9.922852497374919922e-01
5.554909924979495317e-01 1.559542944437726453e+00 9.929294870782172655e-01
5.566363347505225434e-01 1.560972567644024256e+00 9.935706945901185971e-01
5.577816770030956661e-01 1.562403501376921744e+00 9.942088837614370123e-01
5.589270192556687888e-01 1.563835746837770380e+00 9.948440660486435050e-01
5.600723615082418005e-01 1.565269305229022967e+00 9.954762528765442875e-01
5.612177037608149233e-01 1.566704177754234539e+00 9.961054556383909242e-01
5.623630460133880460e-01 1.568140365618063248e+00 9.967316856959848037e-01
5.635083882659611687e-01 1.569577870026272137e+00 9.973549543797850525e-01
5.646537305185341804e-01 1.571016692185728481e+00 9.979752729890140062e-01
5.657990727711073031e-01 1.572456833304407331e+00 9.985926527917634576e-01
5.669444150236804258e-01 1.573898294591389746e+00 9.992071050250996844e-01
5.680897572762534375e-01 1.575341077256865896e+00 9.998186408951700299e-01
5.692350995288265603e-01 1.576785182512135286e+00 1.000427271577305710e+00
5.703804417813996830e-01 1.578230611569607422e+00 1.001033008216128062e+00
5.715257840339728057e-01 1.579677365642803588e+00 1.001635861925651572e+00
5.726711262865458174e-01 1.581125445946357289e+00 1.002235843789388126e+00
5.738164685391189401e-01 1.582574853696015582e+00 1.002832964860450593e+00
5.749618107916920628e-01 1.584025590108639969e+00 1.003427236161656744e+00
5.761071530442651856e-01 1.585477656402207502e+00 1.004018668685630500e+00
5.772524952968381973e-01 1.586931053795811453e+00 1.004607273394904965e+00
5.783978375494113200e-01 1.588385783509663085e+00 1.005193061222025896e+00
5.795431798019844427e-01 1.589841846765091882e+00 1.005776043069652737e+00
5.806885220545574544e-01 1.591299244784547096e+00 1.006356229810658753e+00
5.818338643071305771e-01 1.592757978791598417e+00 1.006933632288234737e+00
5.829792065597036999e-01 1.594218050010937304e+00 1.007508261315988696e+00
5.841245488122768226e-01 1.595679459668377875e+00 1.008080127678046223e+00
5.852698910648498343e-01 1.597142208990857792e+00 1.008649242129150192e+00
5.864152333174229570e-01 1.598606299206439818e+00 1.009215615394763566e+00
5.875605755699960797e-01 1.600071731544312037e+00 1.009779258171165095e+00
5.887059178225690914e-01 1.601538507234789410e+00 1.010340181125551684e+00
5.898512600751422141e-01 1.603006627509315107e+00 1.010898394896135644e+00
5.909966023277153369e-01 1.604476093600460729e+00 1.011453910092243946e+00
5.921419445802884596e-01 1.605946906741928082e+00 1.012006737294417702e+00
5.932872868328614713e-01 1.607419068168549181e+00 1.012556887054507415e+00
5.944326290854345940e-01 1.608892579116289134e+00 1.013104369895774015e+00
5.955779713380077167e-01 1.610367440822245033e+00 1.013649196312983891e+00
5.967233135905807284e-01 1.611843654524648617e+00 1.014191376772507258e+00
5.978686558431538511e-01 1.613321221462866717e+00 1.014730921712414746e+00
5.990139980957269739e-01 1.614800142877401923e+00 1.015267841542573546e+00
6.001593403483000966e-01 1.616280420009894137e+00 1.015802146644743331e+00
6.013046826008731083e-01 1.617762054103121239e+00 1.016333847372674404e+00
6.024500248534462310e-01 1.619245046401001087e+00 1.016862954052200063e+00
6.035953671060193537e-01 1.620729398148591072e+00 1.017389476981334084e+00
6.047407093585924764e-01 1.622215110592090337e+00 1.017913426430364865e+00
6.058860516111654881e-01 1.623702184978840002e+00 1.018434812641951348e+00
6.070313938637386109e-01 1.625190622557324938e+00 1.018953645831215171e+00
6.081767361163117336e-01 1.626680424577174655e+00 1.019469936185836811e+00
6.093220783688847453e-01 1.628171592289163749e+00 1.019983693866148844e+00
6.104674206214578680e-01 1.629664126945213676e+00 1.020494929005229201e+00
6.116127628740309907e-01 1.631158029798393638e+00 1.021003651708994875e+00
6.127581051266041134e-01 1.632653302102921034e+00 1.021509872056293622e+00
6.139034473791771251e-01 1.634149945114163449e+00 1.022013600098998998e+00
6.150487896317502479e-01 1.635647960088639108e+00 1.022514845862099619e+00
6.161941318843233706e-01 1.637147348284018200e+00 1.023013619343794200e+00
6.173394741368963823e-01 1.638648110959123327e+00 1.023509930515581257e+00
6.184848163894695050e-01 1.640150249373931723e+00 1.024003789322352143e+00
6.196301586420426277e-01 1.641653764789575254e+00 1.024495205682480981e+00
6.207755008946157504e-01 1.643158658468341971e+00 1.024984189487915698e+00
6.219208431471887621e-01 1.644664931673676778e+00 1.025470750604269954e+00
6.230661853997618849e-01 1.646172585670183208e+00 1.025954898870912402e+00
6.242115276523350076e-01 1.647681621723623868e+00 1.026436644101056839e+00
6.253568699049081303e-01 1.649192041100921768e+00 1.026915996081852356e+00
6.265022121574811420e-01 1.650703845070160547e+00 1.027392964574472156e+00
6.276475544100542647e-01 1.652217034900587578e+00 1.027867559314204149e+00
6.287928966626273874e-01 1.653731611862613082e+00 1.028339790010538657e+00
6.299382389152003991e-01 1.655247577227811240e+00 1.028809666347257679e+00
6.310835811677735219e-01 1.656764932268923296e+00 1.029277197982523040e+00
6.322289234203466446e-01 1.658283678259856009e+00 1.029742394548964546e+00
6.333742656729197673e-01 1.659803816475684535e+00 1.030205265653768798e+00
6.345196079254927790e-01 1.661325348192652207e+00 1.030665820878765127e+00
6.356649501780659017e-01 1.662848274688173200e+00 1.031124069780513741e+00
6.368102924306390245e-01 1.664372597240832308e+00 1.031580021890393661e+00
6.379556346832120362e-01 1.665898317130385831e+00 1.032033686714687315e+00
6.391009769357851589e-01 1.667425435637764242e+00 1.032485073734669356e+00
6.402463191883582816e-01 1.668953954045071297e+00 1.032934192406692375e+00
6.413916614409314043e-01 1.670483873635586924e+00 1.033381052162270830e+00
6.425370036935044160e-01 1.672015195693766332e+00 1.033825662408170087e+00
6.436823459460775387e-01 1.673547921505243341e+00 1.034268032526489023e+00
6.448276881986506615e-01 1.675082052356829720e+00 1.034708171874746840e+00
6.459730304512236732e-01 1.676617589536516295e+00 1.035146089785967227e+00
6.471183727037967959e-01 1.678154534333476056e+00 1.035581795568763841e+00
6.482637149563699186e-01 1.679692888038062160e+00 1.036015298507423799e+00
6.494090572089430413e-01 1.681232651941811929e+00 1.036446607861992497e+00
6.505543994615160530e-01 1.682773827337445516e+00 1.036875732868356659e+00
6.516997417140891757e-01 1.684316415518869237e+00 1.037302682738328929e+00
6.528450839666622985e-01 1.685860417781174680e+00 1.037727466659730924e+00
6.539904262192354212e-01 1.687405835420640932e+00 1.038150093796475604e+00
6.551357684718084329e-01 1.688952669734735013e+00 1.038570573288651877e+00
6.562811107243815556e-01 1.690500922022114105e+00 1.038988914252605422e+00
6.574264529769546783e-01 1.692050593582625106e+00 1.039405125781021288e+00
6.585717952295276900e-01 1.693601685717306626e+00 1.039819216943007607e+00
6.597171374821008127e-01 1.695154199728390765e+00 1.040231196784175749e+00
6.608624797346739355e-01 1.696708136919302001e+00 1.040641074326721593e+00
6.620078219872470582e-01 1.698263498594660525e+00 1.041048858569509461e+00
6.631531642398200699e-01 1.699820286060282237e+00 1.041454558488150495e+00
6.642985064923931926e-01 1.701378500623180301e+00 1.041858183035084373e+00
6.654438487449663153e-01 1.702938143591565590e+00 1.042259741139660578e+00
6.665891909975393270e-01 1.704499216274848461e+00 1.042659241708217888e+00
6.677345332501124497e-01 1.706061719983639646e+00 1.043056693624165421e+00
6.688798755026855725e-01 1.707625656029751138e+00 1.043452105748061243e+00
6.700252177552586952e-01 1.709191025726197743e+00 1.043845486917693188e+00
6.711705600078317069e-01 1.710757830387197309e+00 1.044236845948157466e+00
6.723159022604048296e-01 1.712326071328173160e+00 1.044626191631938816e+00
6.734612445129779523e-01 1.713895749865754103e+00 1.045013532738988227e+00
6.746065867655509640e-01 1.715466867317775757e+00 1.045398878016801980e+00
6.757519290181240867e-01 1.717039425003281883e+00 1.045782236190500702e+00
6.768972712706972095e-01 1.718613424242525944e+00 1.046163615962906190e+00
6.780426135232703322e-01 1.720188866356970436e+00 1.046543026014621125e+00
6.791879557758433439e-01 1.721765752669290439e+00 1.046920475004106121e+00
6.803332980284164666e-01 1.723344084503372953e+00 1.047295971567756112e+00
6.814786402809895893e-01 1.724923863184318895e+00 1.047669524319979173e+00
6.826239825335627120e-01 1.726505090038443324e+00 1.048041141853272462e+00
6.837693247861357237e-01 1.728087766393277880e+00 1.048410832738299936e+00
6.849146670387088465e-01 1.729671893577570341e+00 1.048778605523967400e+00
6.860600092912819692e-01 1.731257472921287066e+00 1.049144468737501112e+00
6.872053515438549809e-01 1.732844505755613440e+00 1.049508430884522170e+00
6.883506937964281036e-01 1.734432993412955426e+00 1.049870500449122224e+00
6.894960360490012263e-01 1.736022937226939789e+00 1.050230685893939864e+00
6.906413783015743491e-01 1.737614338532416536e+00 1.050588995660236780e+00
6.917867205541473608e-01 1.739207198665458254e+00 1.050945438167970813e+00
6.929320628067204835e-01 1.740801518963363881e+00 1.051300021815873231e+00
6.940774050592936062e-01 1.742397300764656931e+00 1.051652754981521332e+00
6.952227473118666179e-01 1.743994545409088159e+00 1.052003646021414163e+00
6.963680895644397406e-01 1.745593254237637115e+00 1.052352703271047352e+00
6.975134318170128633e-01 1.747193428592511921e+00 1.052699935044986379e+00
6.986587740695859861e-01 1.748795069817151493e+00 1.053045349636939187e+00
6.998041163221589978e-01 1.750398179256225539e+00 1.053388955319832343e+00
7.009494585747321205e-01 1.752002758255637893e+00 1.053730760345883422e+00
7.020948008273052432e-01 1.753608808162524735e+00 1.054070772946672507e+00
7.032401430798783659e-01 1.755216330325257701e+00 1.054409001333218576e+00
7.043854853324513776e-01 1.756825326093444550e+00 1.054745453696048552e+00
7.055308275850245003e-01 1.758435796817930274e+00 1.055080138205271911e+00
7.066761698375976231e-01 1.760047743850797763e+00 1.055413063010653740e+00
7.078215120901706348e-01 1.761661168545369582e+00 1.055744236241684453e+00
7.089668543427437575e-01 1.763276072256209304e+00 1.056073666007653955e+00
7.101121965953168802e-01 1.764892456339121507e+00 1.056401360397721811e+00
7.112575388478900029e-01 1.766510322151154222e+00 1.056727327480989187e+00
7.124028811004630146e-01 1.768129671050598706e+00 1.057051575306570346e+00
7.135482233530361373e-01 1.769750504396992552e+00 1.057374111903662817e+00
7.146935656056092601e-01 1.771372823551118580e+00 1.057694945281620225e+00
7.158389078581822718e-01 1.772996629875007057e+00 1.058014083430020236e+00
7.169842501107553945e-01 1.774621924731937916e+00 1.058331534318737166e+00
7.181295923633285172e-01 1.776248709486439425e+00 1.058647305898010593e+00
7.192749346159016399e-01 1.777876985504291740e+00 1.058961406098517077e+00
7.204202768684746516e-01 1.779506754152526016e+00 1.059273842831436996e+00
7.215656191210477743e-01 1.781138016799427515e+00 1.059584623988527818e+00
7.227109613736208971e-01 1.782770774814535608e+00 1.059893757442191831e+00
7.238563036261939088e-01 1.784405029568644663e+00 1.060201251045543636e+00
7.250016458787670315e-01 1.786040782433806040e+00 1.060507112632481430e+00
7.261469881313401542e-01 1.787678034783328318e+00 1.060811350017755839e+00
7.272923303839132769e-01 1.789316787991779956e+00 1.061113970997035860e+00
7.284376726364862886e-01 1.790957043434988183e+00 1.061414983346980589e+00
7.295830148890594113e-01 1.792598802490042997e+00 1.061714394825305163e+00
7.307283571416325341e-01 1.794242066535295388e+00 1.062012213170849151e+00
7.318736993942056568e-01 1.795886836950360665e+00 1.062308446103644721e+00
7.330190416467786685e-01 1.797533115116118019e+00 1.062603101324983701e+00
7.341643838993517912e-01 1.799180902414713623e+00 1.062896186517485742e+00
7.353097261519249139e-01 1.800830200229559974e+00 1.063187709345164267e+00
7.364550684044979256e-01 1.802481009945337442e+00 1.063477677453495085e+00
7.376004106570710483e-01 1.804133332947996493e+00 1.063766098469481003e+00
7.387457529096441711e-01 1.805787170624757687e+00 1.064052980001720217e+00
7.398910951622172938e-01 1.807442524364113012e+00 1.064338329640472480e+00
7.410364374147903055e-01 1.809099395555827217e+00 1.064622154957724387e+00
7.421817796673634282e-01 1.810757785590940250e+00 1.064904463507255761e+00
7.433271219199365509e-01 1.812417695861765488e+00 1.065185262824705825e+00
7.444724641725095626e-01 1.814079127761893950e+00 1.065464560427638929e+00
7.456178064250826854e-01 1.815742082686193193e+00 1.065742363815608940e+00
7.467631486776558081e-01 1.817406562030810413e+00 1.066018680470225410e+00
7.479084909302289308e-01 1.819072567193171563e+00 1.066293517855218420e+00
7.490538331828019425e-01 1.820740099571984461e+00 1.066566883416503630e+00
7.501991754353750652e-01 1.822409160567238784e+00 1.066838784582246014e+00
7.513445176879481879e-01 1.824079751580207853e+00 1.067109228762925577e+00
7.524898599405213107e-01 1.825751874013448850e+00 1.067378223351401090e+00
7.536352021930943224e-01 1.827425529270805260e+00 1.067645775722974033e+00
7.547805444456674451e-01 1.829100718757407540e+00 1.067911893235452769e+00
7.559258866982405678e-01 1.830777443879673783e+00 1.068176583229216048e+00
7.570712289508135795e-01 1.832455706045311272e+00 1.068439853027276953e+00
7.582165712033867022e-01 1.834135506663318482e+00 1.068701709935345967e+00
7.593619134559598249e-01 1.835816847143984853e+00 1.068962161241894027e+00
7.605072557085329477e-01 1.837499728898893014e+00 1.069221214218216032e+00
7.616525979611059594e-01 1.839184153340918781e+00 1.069478876118493460e+00
7.627979402136790821e-01 1.840870121884234267e+00 1.069735154179856318e+00
7.639432824662522048e-01 1.842557635944307215e+00 1.069990055622447089e+00
7.650886247188252165e-01 1.844246696937902774e+00 1.070243587649481354e+00
7.662339669713983392e-01 1.845937306283085944e+00 1.070495757447311291e+00
7.673793092239714619e-01 1.847629465399220239e+00 1.070746572185486745e+00
7.685246514765445847e-01 1.849323175706971245e+00 1.070996039016817392e+00
7.696699937291175964e-01 1.851018438628306173e+00 1.071244165077434030e+00
7.708153359816907191e-01 1.852715255586496745e+00 1.071490957486850304e+00
7.719606782342638418e-01 1.854413628006118531e+00 1.071736423348023770e+00
7.731060204868368535e-01 1.856113557313052720e+00 1.071980569747416734e+00
7.742513627394099762e-01 1.857815044934489013e+00 1.072223403755057314e+00
7.753967049919830989e-01 1.859518092298923841e+00 1.072464932424600503e+00
7.765420472445562217e-01 1.861222700836164146e+00 1.072705162793387901e+00
7.776873894971292334e-01 1.862928871977326706e+00 1.072944101882509438e+00
7.788327317497023561e-01 1.864636607154841474e+00 1.073181756696861999e+00
7.799780740022754788e-01 1.866345907802450244e+00 1.073418134225209819e+00
7.811234162548486015e-01 1.868056775355209753e+00 1.073653241440245099e+00
7.822687585074216132e-01 1.869769211249492136e+00 1.073887085298647071e+00
7.834141007599947359e-01 1.871483216922986026e+00 1.074119672741141951e+00
7.845594430125678587e-01 1.873198793814698115e+00 1.074351010692561559e+00
7.857047852651408704e-01 1.874915943364954263e+00 1.074581106061903268e+00
7.868501275177139931e-01 1.876634667015401048e+00 1.074809965742388407e+00
7.879954697702871158e-01 1.878354966209005994e+00 1.075037596611521318e+00
7.891408120228602385e-01 1.880076842390059344e+00 1.075264005531148648e+00
7.902861542754332502e-01 1.881800297004175837e+00 1.075489199347516633e+00
7.914314965280063729e-01 1.883525331498295152e+00 1.075713184891330165e+00
7.925768387805794957e-01 1.885251947320683241e+00 1.075935968977810964e+00
7.937221810331525074e-01 1.886980145920933660e+00 1.076157558406755976e+00
7.948675232857256301e-01 1.888709928749969125e+00 1.076377959962594000e+00
7.960128655382987528e-01 1.890441297260042175e+00 1.076597180414445409e+00
7.971582077908718755e-01 1.892174252904736731e+00 1.076815226516176782e+00
7.983035500434448872e-01 1.893908797138968758e+00 1.077032105006461071e+00
7.994488922960180100e-01 1.895644931418988710e+00 1.077247822608833783e+00
8.005942345485911327e-01 1.897382657202381528e+00 1.077462386031749153e+00
8.017395768011641444e-01 1.899121975948067975e+00 1.077675801968638325e+00
8.028849190537372671e-01 1.900862889116306853e+00 1.077888077097965747e+00
8.040302613063103898e-01 1.902605398168695228e+00 1.078099218083284905e+00
8.051756035588835125e-01 1.904349504568169982e+00 1.078309231573295834e+00
8.063209458114565242e-01 1.906095209779009148e+00 1.078518124201901518e+00
8.074662880640296470e-01 1.907842515266833239e+00 1.078725902588262064e+00
8.086116303166027697e-01 1.909591422498605917e+00 1.078932573336853107e+00
8.097569725691758924e-01 1.911341932942635768e+00 1.079138143037520203e+00
8.109023148217489041e-01 1.913094048068577413e+00 1.079342618265534792e+00
8.120476570743220268e-01 1.914847769347432838e+00 1.079546005581649704e+00
8.131929993268951495e-01 1.916603098251552062e+00 1.079748311532154670e+00
8.143383415794681612e-01 1.918360036254635137e+00 1.079949542648929839e+00
8.154836838320412840e-01 1.920118584831733033e+00 1.080149705449505282e+00
8.166290260846144067e-01 1.921878745459248750e+00 1.080348806437109621e+00
8.177743683371875294e-01 1.923640519614938871e+00 1.080546852100729982e+00
8.189197105897605411e-01 1.925403908777914230e+00 1.080743848915163507e+00
8.200650528423336638e-01 1.927168914428642355e+00 1.080939803341073535e+00
8.212103950949067865e-01 1.928935538048947018e+00 1.081134721825043332e+00
8.223557373474797982e-01 1.930703781122010687e+00 1.081328610799629164e+00
8.235010796000529210e-01 1.932473645132375850e+00 1.081521476683415806e+00
8.246464218526260437e-01 1.934245131565945242e+00 1.081713325881069165e+00
8.257917641051991664e-01 1.936018241909984061e+00 1.081904164783391797e+00
8.269371063577721781e-01 1.937792977653120863e+00 1.082093999767373749e+00
8.280824486103453008e-01 1.939569340285348886e+00 1.082282837196247849e+00
8.292277908629184235e-01 1.941347331298026946e+00 1.082470683419543001e+00
8.303731331154915463e-01 1.943126952183881206e+00 1.082657544773135916e+00
8.315184753680645580e-01 1.944908204437006072e+00 1.082843427579305962e+00
8.326638176206376807e-01 1.946691089552865961e+00 1.083028338146785785e+00
8.338091598732108034e-01 1.948475609028295752e+00 1.083212282770815715e+00
8.349545021257838151e-01 1.950261764361502337e+00 1.083395267733195722e+00
8.360998443783569378e-01 1.952049557052066397e+00 1.083577299302337593e+00
8.372451866309300605e-01 1.953838988600943294e+00 1.083758383733317343e+00
8.383905288835031833e-01 1.955630060510463952e+00 1.083938527267927387e+00
8.395358711360761950e-01 1.957422774284336420e+00 1.084117736134728061e+00
8.406812133886493177e-01 1.959217131427648084e+00 1.084296016549100683e+00
8.418265556412224404e-01 1.961013133446864787e+00 1.084473374713297078e+00
8.429718978937954521e-01 1.962810781849834152e+00 1.084649816816494194e+00
8.441172401463685748e-01 1.964610078145785810e+00 1.084825349034841624e+00
8.452625823989416975e-01 1.966411023845332728e+00 1.084999977531515780e+00
8.464079246515148203e-01 1.968213620460472990e+00 1.085173708456770969e+00
8.475532669040878320e-01 1.970017869504590236e+00 1.085346547947988460e+00
8.486986091566609547e-01 1.971823772492456106e+00 1.085518502129728668e+00
8.498439514092340774e-01 1.973631330940230244e+00 1.085689577113782223e+00
8.509892936618070891e-01 1.975440546365462291e+00 1.085859778999219039e+00
8.521346359143802118e-01 1.977251420287093220e+00 1.086029113872440943e+00
8.532799781669533346e-01 1.979063954225456223e+00 1.086197587807229414e+00
8.544253204195264573e-01 1.980878149702278046e+00 1.086365206864798205e+00
8.555706626720994690e-01 1.982694008240680539e+00 1.086531977093841306e+00
8.567160049246725917e-01 1.984511531365181991e+00 1.086697904530584013e+00
8.578613471772457144e-01 1.986330720601698019e+00 1.086862995198833115e+00
8.590066894298188371e-01 1.988151577477542675e+00 1.087027255110025292e+00
8.601520316823918488e-01 1.989974103521430671e+00 1.087190690263277082e+00
8.612973739349649716e-01 1.991798300263477817e+00 1.087353306645435058e+00
8.624427161875380943e-01 1.993624169235202803e+00 1.087515110231123794e+00
8.635880584401111060e-01 1.995451711969527864e+00 1.087676106982795821e+00
8.647334006926842287e-01 1.997280930000780552e+00 1.087836302850780923e+00
8.658787429452573514e-01 1.999111824864695297e+00 1.087995703773333434e+00
8.670240851978304741e-01 2.000944398098413846e+00 1.088154315676683304e+00
8.681694274504034858e-01 2.002778651240487040e+00 1.088312144475081622e+00
8.693147697029766086e-01 2.004614585830876816e+00 1.088469196070853018e+00
8.704601119555497313e-01 2.006452203410955537e+00 1.088625476354440513e+00
8.716054542081227430e-01 2.008291505523509990e+00 1.088780991204454818e+00
8.727507964606958657e-01 2.010132493712740498e+00 1.088935746487724066e+00
8.738961387132689884e-01 2.011975169524262252e+00 1.089089748059339113e+00
8.750414809658421111e-01 2.013819534505108866e+00 1.089243001762703722e+00
8.761868232184151228e-01 2.015665590203730595e+00 1.089395513429580076e+00
8.773321654709882456e-01 2.017513338169997894e+00 1.089547288880138298e+00
8.784775077235613683e-01 2.019362779955201859e+00 1.089698333923003082e+00
8.796228499761344910e-01 2.021213917112056002e+00 1.089848654355301427e+00
8.807681922287075027e-01 2.023066751194696256e+00 1.089998255962709051e+00
8.819135344812806254e-01 2.024921283758684076e+00 1.090147144519497235e+00
8.830588767338537481e-01 2.026777516361006892e+00 1.090295325788582570e+00
8.842042189864267598e-01 2.028635450560079434e+00 1.090442805521570246e+00
8.853495612389998826e-01 2.030495087915743735e+00 1.090589589458802466e+00
8.864949034915730053e-01 2.032356429989273128e+00 1.090735683329405514e+00
8.876402457441461280e-01 2.034219478343372245e+00 1.090881092851334611e+00
8.887855879967191397e-01 2.036084234542177018e+00 1.091025823731423205e+00
8.899309302492922624e-01 2.037950700151258676e+00 1.091169881665425612e+00
8.910762725018653851e-01 2.039818876737622411e+00 1.091313272338064966e+00
8.922216147544383968e-01 2.041688765869710043e+00 1.091456001423080524e+00
8.933669570070115196e-01 2.043560369117402242e+00 1.091598074583270739e+00
8.945122992595846423e-01 2.045433688052017640e+00 1.091739497470541220e+00
8.956576415121577650e-01 2.047308724246315492e+00 1.091880275725950256e+00
8.968029837647307767e-01 2.049185479274497013e+00 1.092020414979752108e+00
8.979483260173038994e-01 2.051063954712206705e+00 1.092159920851445865e+00
8.990936682698770221e-01 2.052944152136532807e+00 1.092298798949817629e+00
9.002390105224500338e-01 2.054826073126009511e+00 1.092437054872988478e+00
9.013843527750231566e-01 2.056709719260618296e+00 1.092574694208456654e+00
9.025296950275962793e-01 2.058595092121789261e+00 1.092711722533145524e+00
9.036750372801694020e-01 2.060482193292401565e+00 1.092848145413445771e+00
9.048203795327424137e-01 2.062371024356785210e+00 1.092983968405261574e+00
9.059657217853155364e-01 2.064261586900723255e+00 1.093119197054056135e+00
9.071110640378886592e-01 2.066153882511452267e+00 1.093253836894893638e+00
9.082564062904617819e-01 2.068047912777663200e+00 1.093387893452485216e+00
9.094017485430347936e-01 2.069943679289503624e+00 1.093521372241233802e+00
9.105470907956079163e-01 2.071841183638579942e+00 1.093654278765277210e+00
9.116924330481810390e-01 2.073740427417956500e+00 1.093786618518532761e+00
9.128377753007540507e-01 2.075641412222156923e+00 1.093918396984740804e+00
9.139831175533271734e-01 2.077544139647168997e+00 1.094049619637508686e+00
9.151284598059002962e-01 2.079448611290442006e+00 1.094180291940355376e+00
9.162738020584734189e-01 2.081354828750889396e+00 1.094310419346753438e+00
9.174191443110464306e-01 2.083262793628890996e+00 1.094440007300174322e+00
9.185644865636195533e-01 2.085172507526293462e+00 1.094569061234130114e+00
9.197098288161926760e-01 2.087083972046412050e+00 1.094697586572218384e+00
9.208551710687656877e-01 2.088997188794031068e+00 1.094825588728164156e+00
9.220005133213388104e-01 2.090912159375407420e+00 1.094953073105863872e+00
9.231458555739119332e-01 2.092828885398268390e+00 1.095080045099427357e+00
9.242911978264850559e-01 2.094747368471817417e+00 1.095206510093222230e+00
9.254365400790580676e-01 2.096667610206730537e+00 1.095332473461914757e+00
9.265818823316311903e-01 2.098589612215162159e+00 1.095457940570514488e+00
9.277272245842043130e-01 2.100513376110743735e+00 1.095582916774415105e+00
9.288725668367773247e-01 2.102438903508586421e+00 1.095707407419437951e+00
9.300179090893504474e-01 2.104366196025281521e+00 1.095831417841874433e+00
9.311632513419235702e-01 2.106295255278902268e+00 1.095954953368526663e+00
9.323085935944966929e-01 2.108226082889005149e+00 1.096078019316752306e+00
9.334539358470697046e-01 2.110158680476631687e+00 1.096200620994504549e+00
9.345992780996428273e-01 2.112093049664309330e+00 1.096322763700373848e+00
9.357446203522159500e-01 2.114029192076052333e+00 1.096444452723632113e+00
9.368899626047890727e-01 2.115967109337364427e+00 1.096565693344271342e+00
9.380353048573620844e-01 2.117906803075238376e+00 1.096686490833047589e+00
9.391806471099352072e-01 2.119848274918159969e+00 1.096806850451521598e+00
9.403259893625083299e-01 2.121791526496106250e+00 1.096926777452099877e+00
9.414713316150813416e-01 2.123736559440549065e+00 1.097046277078077114e+00
9.426166738676544643e-01 2.125683375384456397e+00 1.097165354563676365e+00
9.437620161202275870e-01 2.127631975962291921e+00 1.097284015134090129e+00
9.449073583728007097e-01 2.129582362810019447e+00 1.097402264005522543e+00
9.460527006253737214e-01 2.131534537565100251e+00 1.097520106385229566e+00
9.471980428779468442e-01 2.133488501866498410e+00 1.097637547471559172e+00
9.483433851305199669e-01 2.135444257354679465e+00 1.097754592453993316e+00
9.494887273830929786e-01 2.137401805671612642e+00 1.097871246513187682e+00
9.506340696356661013e-01 2.139361148460773965e+00 1.097987514821012534e+00
9.517794118882392240e-01 2.141322287367144028e+00 1.098103402540592688e+00
9.529247541408123467e-01 2.143285224037212000e+00 1.098218914826349923e+00
9.540700963933853584e-01 2.145249960118976951e+00 1.098334056824039173e+00
9.552154386459584812e-01 2.147216497261948298e+00 1.098448833670793379e+00
9.563607808985316039e-01 2.149184837117147584e+00 1.098563250495159904e+00
9.575061231511047266e-01 2.151154981337109362e+00 1.098677312417142282e+00
9.586514654036777383e-01 2.153126931575883418e+00 1.098791024548239292e+00
9.597968076562508610e-01 2.155100689489036547e+00 1.098904391991486706e+00
9.609421499088239838e-01 2.157076256733652109e+00 1.099017419841492815e+00
9.620874921613969954e-01 2.159053634968332247e+00 1.099130113184482394e+00
9.632328344139701182e-01 2.161032825853201000e+00 1.099242477098333559e+00
9.643781766665432409e-01 2.163013831049902969e+00 1.099354516652619074e+00
9.655235189191163636e-01 2.164996652221606865e+00 1.099466236908642536e+00
9.666688611716893753e-01 2.166981291033005075e+00 1.099577642919481901e+00
9.678142034242624980e-01 2.168967749150316315e+00 1.099688739730024345e+00
9.689595456768356208e-01 2.170956028241287417e+00 1.099799532377008893e+00
9.701048879294086325e-01 2.172946129975192875e+00 1.099910025889062393e+00
9.712502301819817552e-01 2.174938056022838850e+00 1.100020225286740594e+00
9.723955724345548779e-01 2.176931808056561835e+00 1.100130135582565227e+00
9.735409146871280006e-01 2.178927387750231315e+00 1.100239761781063752e+00
9.746862569397010123e-01 2.180924796779251995e+00 1.100349108878808657e+00
9.758315991922741350e-01 2.182924036820564240e+00 1.100458181864452989e+00
9.769769414448472578e-01 2.184925109552645850e+00 1.100566985718772317e+00
9.781222836974202695e-01 2.186928016655512064e+00 1.100675525414700484e+00
9.792676259499933922e-01 2.188932759810719553e+00 1.100783805917369129e+00
9.804129682025665149e-01 2.190939340701365978e+00 1.100891832184145658e+00
9.815583104551396376e-01 2.192947761012091767e+00 1.100999609164670323e+00
9.827036527077126493e-01 2.194958022429081002e+00 1.101107141800895528e+00
9.838489949602857720e-01 2.196970126640065857e+00 1.101214435027123795e+00
9.849943372128588948e-01 2.198984075334322608e+00 1.101321493770043070e+00
9.861396794654320175e-01 2.200999870202677844e+00 1.101428322948767358e+00
9.872850217180050292e-01 2.203017512937508027e+00 1.101534927474873804e+00
9.884303639705781519e-01 2.205037005232740821e+00 1.101641312252438443e+00
9.895757062231512746e-01 2.207058348783855983e+00 1.101747482178075499e+00
9.907210484757242863e-01 2.209081545287888027e+00 1.101853442140973582e+00
9.918663907282974090e-01 2.211106596443427996e+00 1.101959197022933878e+00
9.930117329808705318e-01 2.213133503950623027e+00 1.102064751698407008e+00
9.941570752334436545e-01 2.215162269511179005e+00 1.102170111034529665e+00
9.953024174860166662e-01 2.217192894828361460e+00 1.102275279891162141e+00
9.964477597385897889e-01 2.219225381606997782e+00 1.102380263120925630e+00
9.975931019911629116e-01 2.221259731553478112e+00 1.102485065569237532e+00
9.987384442437359233e-01 2.223295946375756671e+00 1.102589692074350758e+00
9.998837864963090460e-01 2.225334027783353097e+00 1.102694147467387253e+00
1.001029128748882169e+00 2.227373977487354662e+00 1.102798436572377749e+00
1.002174471001455291e+00 2.229415797200416716e+00 1.102902564206296621e+00
1.003319813254028414e+00 2.231459488636764910e+00 1.103006535179097636e+00
1.004465155506601537e+00 2.233505053512196525e+00 1.103110354293752593e+00
1.005610497759174438e+00 2.235552493544080921e+00 1.103214026346285070e+00
1.006755840011747560e+00 2.237601810451362194e+00 1.103317556125809284e+00
1.007901182264320683e+00 2.239653005954560516e+00 1.103420948414563174e+00
1.009046524516893806e+00 2.241706081775773018e+00 1.103524207987947481e+00
1.010191866769466928e+00 2.243761039638675125e+00 1.103627339614559055e+00
1.011337209022040051e+00 2.245817881268522775e+00 1.103730348056229271e+00
1.012482551274613174e+00 2.247876608392152864e+00 1.103833238068057554e+00
1.013627893527186075e+00 2.249937222737985909e+00 1.103936014398448684e+00
1.014773235779759197e+00 2.251999726036026939e+00 1.104038681789147880e+00
1.015918578032332320e+00 2.254064120017866824e+00 1.104141244975275882e+00
1.017063920284905443e+00 2.256130406416682721e+00 1.104243708685366032e+00
1.018209262537478565e+00 2.258198586967241628e+00 1.104346077641397361e+00
1.019354604790051688e+00 2.260268663405900824e+00 1.104448356558831890e+00
1.020499947042624811e+00 2.262340637470608318e+00 1.104550550146649712e+00
1.021645289295197712e+00 2.264414510900906397e+00 1.104652663107382748e+00
1.022790631547770834e+00 2.266490285437932073e+00 1.104754700137151602e+00
1.023935973800343957e+00 2.268567962824417084e+00 1.104856665925699311e+00
1.025081316052917080e+00 2.270647544804692330e+00 1.104958565156427319e+00
1.026226658305490202e+00 2.272729033124686104e+00 1.105060402506429451e+00
1.027372000558063325e+00 2.274812429531928970e+00 1.105162182646527880e+00
1.028517342810636448e+00 2.276897735775551546e+00 1.105263910241305769e+00
1.029662685063209349e+00 2.278984953606288943e+00 1.105365589949145244e+00
1.030808027315782471e+00 2.281074084776482103e+00 1.105467226422259142e+00
1.031953369568355594e+00 2.283165131040076457e+00 1.105568824306726317e+00
1.033098711820928717e+00 2.285258094152625929e+00 1.105670388242526503e+00
1.034244054073501839e+00 2.287352975871294269e+00 1.105771922863574508e+00
1.035389396326074962e+00 2.289449777954855492e+00 1.105873432797755074e+00
1.036534738578648085e+00 2.291548502163695655e+00 1.105974922666955518e+00
1.037680080831220986e+00 2.293649150259815084e+00 1.106076397087101926e+00
1.038825423083794108e+00 2.295751724006830141e+00 1.106177860668191570e+00
1.039970765336367231e+00 2.297856225169971900e+00 1.106279318014327551e+00
1.041116107588940354e+00 2.299962655516090582e+00 1.106380773723753874e+00
1.042261449841513476e+00 2.302071016813656446e+00 1.106482232388886988e+00
1.043406792094086599e+00 2.304181310832760232e+00 1.106583698596351750e+00
1.044552134346659722e+00 2.306293539345115828e+00 1.106685176927014069e+00
1.045697476599232845e+00 2.308407704124061155e+00 1.106786671956014212e+00
1.046842818851805745e+00 2.310523806944559055e+00 1.106888188252802330e+00
1.047988161104378868e+00 2.312641849583200404e+00 1.106989730381170434e+00
1.049133503356951991e+00 2.314761833818204551e+00 1.107091302899284813e+00
1.050278845609525114e+00 2.316883761429420652e+00 1.107192910359722227e+00
1.051424187862098236e+00 2.319007634198328560e+00 1.107294557309501215e+00
1.052569530114671359e+00 2.321133453908043265e+00 1.107396248290115626e+00
1.053714872367244482e+00 2.323261222343312227e+00 1.107497987837568587e+00
1.054860214619817382e+00 2.325390941290520264e+00 1.107599780482405372e+00
1.056005556872390505e+00 2.327522612537689550e+00 1.107701630749744925e+00
1.057150899124963628e+00 2.329656237874481395e+00 1.107803543159316284e+00
1.058296241377536751e+00 2.331791819092196683e+00 1.107905522225487438e+00
1.059441583630109873e+00 2.333929357983779873e+00 1.108007572457301304e+00
1.060586925882682996e+00 2.336068856343818112e+00 1.108109698358507478e+00
1.061732268135256119e+00 2.338210315968543895e+00 1.108211904427593986e+00
1.062877610387829019e+00 2.340353738655835070e+00 1.108314195157821702e+00
1.064022952640402142e+00 2.342499126205220605e+00 1.108416575037255214e+00
1.065168294892975265e+00 2.344646480417875711e+00 1.108519048548797237e+00
1.066313637145548388e+00 2.346795803096629385e+00 1.108621620170219924e+00
1.067458979398121510e+00 2.348947096045961747e+00 1.108724294374197061e+00
1.068604321650694633e+00 2.351100361072006706e+00 1.108827075628336711e+00
1.069749663903267756e+00 2.353255599982555513e+00 1.108929968395214072e+00
1.070895006155840656e+00 2.355412814587054982e+00 1.109032977132403675e+00
1.072040348408413779e+00 2.357572006696611933e+00 1.109136106292509583e+00
1.073185690660986902e+00 2.359733178123992303e+00 1.109239360323200030e+00
1.074331032913560025e+00 2.361896330683625145e+00 1.109342743667238951e+00
1.075476375166133147e+00 2.364061466191600847e+00 1.109446260762516179e+00
1.076621717418706270e+00 2.366228586465676020e+00 1.109549916042081641e+00
1.077767059671279393e+00 2.368397693325273501e+00 1.109653713934175556e+00
1.078912401923852293e+00 2.370568788591483234e+00 1.109757658862261076e+00
1.080057744176425416e+00 2.372741874087065828e+00 1.109861755245056258e+00
1.081203086428998539e+00 2.374916951636451667e+00 1.109966007496563822e+00
1.082348428681571662e+00 2.377094023065744022e+00 1.110070420026106452e+00
1.083493770934144784e+00 2.379273090202719931e+00 1.110174997238353667e+00
1.084639113186717907e+00 2.381454154876831986e+00 1.110279743533357344e+00
1.085784455439291030e+00 2.383637218919210099e+00 1.110384663306581254e+00
1.086929797691863930e+00 2.385822284162662399e+00 1.110489760948932147e+00
1.088075139944437053e+00 2.388009352441677446e+00 1.110595040846792836e+00
1.089220482197010176e+00 2.390198425592425568e+00 1.110700507382049729e+00
1.090365824449583299e+00 2.392389505452759746e+00 1.110806164932129692e+00
1.091511166702156421e+00 2.394582593862217834e+00 1.110912017870025581e+00
1.092656508954729544e+00 2.396777692662024783e+00 1.111018070564331328e+00
1.093801851207302667e+00 2.398974803695092195e+00 1.111124327379270138e+00
1.094947193459875567e+00 2.401173928806021429e+00 1.111230792674727574e+00
1.096092535712448690e+00 2.403375069841106271e+00 1.111337470806281313e+00
1.097237877965021813e+00 2.405578228648330708e+00 1.111444366125232008e+00
1.098383220217594936e+00 2.407783407077373816e+00 1.111551482978634597e+00
1.099528562470168058e+00 2.409990606979610650e+00 1.111658825709328724e+00
1.100673904722741181e+00 2.412199830208112239e+00 1.111766398655969379e+00
1.101819246975314304e+00 2.414411078617650031e+00 1.111874206153058209e+00
1.102964589227887426e+00 2.416624354064693669e+00 1.111982252530971715e+00
1.104109931480460327e+00 2.418839658407415882e+00 1.112090542115995673e+00
1.105255273733033450e+00 2.421056993505693811e+00 1.112199079230352439e+00
1.106400615985606573e+00 2.423276361221106789e+00 1.112307868192231819e+00
1.107545958238179695e+00 2.425497763416943009e+00 1.112416913315823264e+00
1.108691300490752818e+00 2.427721201958197739e+00 1.112526218911343845e+00
1.109836642743325941e+00 2.429946678711575547e+00 1.112635789285069343e+00
1.110981984995899063e+00 2.432174195545493411e+00 1.112745628739365333e+00
1.112127327248471964e+00 2.434403754330079384e+00 1.112855741572716051e+00
1.113272669501045087e+00 2.436635356937177921e+00 1.112966132079755699e+00
1.114418011753618210e+00 2.438869005240347221e+00 1.113076804551296428e+00
1.115563354006191332e+00 2.441104701114864994e+00 1.113187763274360531e+00
1.116708696258764455e+00 2.443342446437726245e+00 1.113299012532209753e+00
1.117854038511337578e+00 2.445582243087647267e+00 1.113410556604373713e+00
1.118999380763910700e+00 2.447824092945067420e+00 1.113522399766682769e+00
1.120144723016483601e+00 2.450067997892148242e+00 1.113634546291293548e+00
1.121290065269056724e+00 2.452313959812778332e+00 1.113747000446722479e+00
1.122435407521629847e+00 2.454561980592572024e+00 1.113859766497874215e+00
1.123580749774202969e+00 2.456812062118872486e+00 1.113972848706069385e+00
1.124726092026776092e+00 2.459064206280753062e+00 1.114086251329077459e+00
1.125871434279349215e+00 2.461318414969019486e+00 1.114199978621143838e+00
1.127016776531922337e+00 2.463574690076208995e+00 1.114314034833020051e+00
1.128162118784495238e+00 2.465833033496595217e+00 1.114428424211992841e+00
1.129307461037068361e+00 2.468093447126188167e+00 1.114543151001914811e+00
1.130452803289641484e+00 2.470355932862735582e+00 1.114658219443231291e+00
1.131598145542214606e+00 2.472620492605724696e+00 1.114773633773011863e+00
1.132743487794787729e+00 2.474887128256384017e+00 1.114889398224979233e+00
1.133888830047360852e+00 2.477155841717685103e+00 1.115005517029536986e+00
1.135034172299933974e+00 2.479426634894344339e+00 1.115121994413800444e+00
1.136179514552506875e+00 2.481699509692822936e+00 1.115238834601624429e+00
1.137324856805079998e+00 2.483974468021330928e+00 1.115356041813632126e+00
1.138470199057653121e+00 2.486251511789827617e+00 1.115473620267245725e+00
1.139615541310226243e+00 2.488530642910022461e+00 1.115591574176714618e+00
1.140760883562799366e+00 2.490811863295377293e+00 1.115709907753142494e+00
1.141906225815372489e+00 2.493095174861108099e+00 1.115828625204518421e+00
1.143051568067945611e+00 2.495380579524187681e+00 1.115947730735745047e+00
1.144196910320518512e+00 2.497668079203344327e+00 1.116067228548667023e+00
1.145342252573091635e+00 2.499957675819066694e+00 1.116187122842098756e+00
1.146487594825664758e+00 2.502249371293603364e+00 1.116307417811855940e+00
1.147632937078237880e+00 2.504543167550965066e+00 1.116428117650780649e+00
1.148778279330811003e+00 2.506839066516925563e+00 1.116549226548772200e+00
1.149923621583384126e+00 2.509137070119025203e+00 1.116670748692814685e+00
1.151068963835957248e+00 2.511437180286570037e+00 1.116792688267006062e+00
1.152214306088530371e+00 2.513739398950636250e+00 1.116915049452585906e+00
1.153359648341103272e+00 2.516043728044068395e+00 1.117037836427964503e+00
1.154504990593676395e+00 2.518350169501484714e+00 1.117161053368749934e+00
1.155650332846249517e+00 2.520658725259275368e+00 1.117284704447777610e+00
1.156795675098822640e+00 2.522969397255606427e+00 1.117408793835138248e+00
1.157941017351395763e+00 2.525282187430420322e+00 1.117533325698205848e+00
1.159086359603968885e+00 2.527597097725438058e+00 1.117658304201665453e+00
1.160231701856542008e+00 2.529914130084160551e+00 1.117783733507541788e+00
1.161377044109114909e+00 2.532233286451869514e+00 1.117909617775227460e+00
1.162522386361688032e+00 2.534554568775631900e+00 1.118035961161510494e+00
1.163667728614261154e+00 2.536877979004297679e+00 1.118162767820602532e+00
1.164813070866834277e+00 2.539203519088503835e+00 1.118290041904166587e+00
1.165958413119407400e+00 2.541531190980675259e+00 1.118417787561345023e+00
1.167103755371980522e+00 2.543860996635027405e+00 1.118546008938788194e+00
1.168249097624553645e+00 2.546192938007566298e+00 1.118674710180680432e+00
1.169394439877126546e+00 2.548527017056091637e+00 1.118803895428770012e+00
1.170539782129699669e+00 2.550863235740197243e+00 1.118933568822394697e+00
1.171685124382272791e+00 2.553201596021273723e+00 1.119063734498510598e+00
1.172830466634845914e+00 2.555542099862509797e+00 1.119194396591720597e+00
1.173975808887419037e+00 2.557884749228892751e+00 1.119325559234300105e+00
1.175121151139992159e+00 2.560229546087213315e+00 1.119457226556225926e+00
1.176266493392565282e+00 2.562576492406062556e+00 1.119589402685203350e+00
1.177411835645138183e+00 2.564925590155837654e+00 1.119722091746693238e+00
1.178557177897711306e+00 2.567276841308742785e+00 1.119855297863941113e+00
1.179702520150284428e+00 2.569630247838788240e+00 1.119989025158001361e+00
1.180847862402857551e+00 2.571985811721794857e+00 1.120123277747768764e+00
1.181993204655430674e+00 2.574343534935394917e+00 1.120258059750002033e+00
1.183138546908003796e+00 2.576703419459032141e+00 1.120393375279352899e+00
1.184283889160576919e+00 2.579065467273967016e+00 1.120529228448393422e+00
1.185429231413149820e+00 2.581429680363273693e+00 1.120665623367643082e+00
1.186574573665722943e+00 2.583796060711846643e+00 1.120802564145595426e+00
1.187719915918296065e+00 2.586164610306398881e+00 1.120940054888745374e+00
1.188865258170869188e+00 2.588535331135464190e+00 1.121078099701616759e+00
1.190010600423442311e+00 2.590908225189399783e+00 1.121216702686789191e+00
1.191155942676015433e+00 2.593283294460387189e+00 1.121355867944923812e+00
1.192301284928588556e+00 2.595660540942433592e+00 1.121495599574793056e+00
1.193446627181161457e+00 2.598039966631374931e+00 1.121635901673304847e+00
1.194591969433734580e+00 2.600421573524877239e+00 1.121776778335530800e+00
1.195737311686307702e+00 2.602805363622436641e+00 1.121918233654732866e+00
1.196882653938880825e+00 2.605191338925382016e+00 1.122060271722389757e+00
1.198027996191453948e+00 2.607579501436877667e+00 1.122202896628225366e+00
1.199173338444027070e+00 2.609969853161924203e+00 1.122346112460232526e+00
1.200318680696600193e+00 2.612362396107359874e+00 1.122489923304703208e+00
1.201464022949173316e+00 2.614757132281862351e+00 1.122634333246252281e+00
1.202609365201746217e+00 2.617154063695950494e+00 1.122779346367845488e+00
1.203754707454319339e+00 2.619553192361987470e+00 1.122924966750826536e+00
1.204900049706892462e+00 2.621954520294180302e+00 1.123071198474942634e+00
1.206045391959465585e+00 2.624358049508582091e+00 1.123218045618371574e+00
1.207190734212038707e+00 2.626763782023094684e+00 1.123365512257747501e+00
1.208336076464611830e+00 2.629171719857468670e+00 1.123513602468189321e+00
1.209481418717184953e+00 2.631581865033307821e+00 1.123662320323324693e+00
1.210626760969757854e+00 2.633994219574067319e+00 1.123811669895317999e+00
1.211772103222330976e+00 2.636408785505059083e+00 1.123961655254896330e+00
1.212917445474904099e+00 2.638825564853449990e+00 1.124112280471375458e+00
1.214062787727477222e+00 2.641244559648265877e+00 1.124263549612686930e+00
1.215208129980050344e+00 2.643665771920392427e+00 1.124415466745403380e+00
1.216353472232623467e+00 2.646089203702577386e+00 1.124568035934765842e+00
1.217498814485196590e+00 2.648514857029431901e+00 1.124721261244708392e+00
1.218644156737769491e+00 2.650942733937430962e+00 1.124875146737886578e+00
1.219789498990342613e+00 2.653372836464918727e+00 1.125029696475701169e+00
1.220934841242915736e+00 2.655805166652105864e+00 1.125184914518325696e+00
1.222080183495488859e+00 2.658239726541073988e+00 1.125340804924732430e+00
1.223225525748061981e+00 2.660676518175777439e+00 1.125497371752718134e+00
1.224370868000635104e+00 2.663115543602042390e+00 1.125654619058930273e+00
1.225516210253208227e+00 2.665556804867572183e+00 1.125812550898892095e+00
1.226661552505781128e+00 2.668000304021945990e+00 1.125971171327030174e+00
1.227806894758354250e+00 2.670446043116623258e+00 1.126130484396698828e+00
1.228952237010927373e+00 2.672894024204942820e+00 1.126290494160207434e+00
1.230097579263500496e+00 2.675344249342126446e+00 1.126451204668845074e+00
1.231242921516073618e+00 2.677796720585279289e+00 1.126612619972906959e+00
1.232388263768646741e+00 2.680251439993392104e+00 1.126774744121719074e+00
1.233533606021219864e+00 2.682708409627344359e+00 1.126937581163667268e+00
1.234678948273792765e+00 2.685167631549903344e+00 1.127101135146217459e+00
1.235824290526365887e+00 2.687629107825728170e+00 1.127265410115947830e+00
1.236969632778939010e+00 2.690092840521370654e+00 1.127430410118568815e+00
1.238114975031512133e+00 2.692558831705275768e+00 1.127596139198952852e+00
1.239260317284085255e+00 2.695027083447786520e+00 1.127762601401156362e+00
1.240405659536658378e+00 2.697497597821141735e+00 1.127929800768449287e+00
1.241551001789231501e+00 2.699970376899481384e+00 1.128097741343337512e+00
1.242696344041804402e+00 2.702445422758845694e+00 1.128266427167589514e+00
1.243841686294377524e+00 2.704922737477180039e+00 1.128435862282262336e+00
1.244987028546950647e+00 2.707402323134331823e+00 1.128606050727726462e+00
1.246132370799523770e+00 2.709884181812056703e+00 1.128776996543691347e+00
1.247277713052096892e+00 2.712368315594018586e+00 1.128948703769230733e+00
1.248423055304670015e+00 2.714854726565791410e+00 1.129121176442809071e+00
1.249568397557243138e+00 2.717343416814860024e+00 1.129294418602304173e+00
1.250713739809816261e+00 2.719834388430624195e+00 1.129468434285036516e+00
1.251859082062389161e+00 2.722327643504397265e+00 1.129643227527791227e+00
1.253004424314962284e+00 2.724823184129412823e+00 1.129818802366844510e+00
1.254149766567535407e+00 2.727321012400819811e+00 1.129995162837990064e+00
1.255295108820108529e+00 2.729821130415689634e+00 1.130172312976561955e+00
1.256440451072681652e+00 2.732323540273016160e+00 1.130350256817461929e+00
1.257585793325254775e+00 2.734828244073716164e+00 1.130528998395183171e+00
1.258731135577827898e+00 2.737335243920633765e+00 1.130708541743836282e+00
1.259876477830400798e+00 2.739844541918539100e+00 1.130888890897174592e+00
1.261021820082973921e+00 2.742356140174134094e+00 1.131070049888618367e+00
1.262167162335547044e+00 2.744870040796050237e+00 1.131252022751279895e+00
1.263312504588120166e+00 2.747386245894851253e+00 1.131434813517990579e+00
1.264457846840693289e+00 2.749904757583037984e+00 1.131618426221322471e+00
1.265603189093266412e+00 2.752425577975045279e+00 1.131802864893616700e+00
1.266748531345839535e+00 2.754948709187247768e+00 1.131988133567005894e+00
1.267893873598412435e+00 2.757474153337958978e+00 1.132174236273440826e+00
1.269039215850985558e+00 2.760001912547437097e+00 1.132361177044714395e+00
1.270184558103558681e+00 2.762531988937880101e+00 1.132548959912487163e+00
1.271329900356131803e+00 2.765064384633434180e+00 1.132737588908311555e+00
1.272475242608704926e+00 2.767599101760191527e+00 1.132927068063657172e+00
1.273620584861278049e+00 2.770136142446193439e+00 1.133117401409935443e+00
1.274765927113851172e+00 2.772675508821432100e+00 1.133308592978524487e+00
1.275911269366424072e+00 2.775217203017851464e+00 1.133500646800794875e+00
1.277056611618997195e+00 2.777761227169351699e+00 1.133693566908131833e+00
1.278201953871570318e+00 2.780307583411787409e+00 1.133887357331962775e+00
1.279347296124143440e+00 2.782856273882972076e+00 1.134082022103779952e+00
1.280492638376716563e+00 2.785407300722678059e+00 1.134277565255167763e+00
1.281637980629289686e+00 2.787960666072640148e+00 1.134473990817823186e+00
1.282783322881862809e+00 2.790516372076555118e+00 1.134671302823585304e+00
1.283928665134435709e+00 2.793074420880086617e+00 1.134869505304456183e+00
1.285074007387008832e+00 2.795634814630864273e+00 1.135068602292627071e+00
1.286219349639581955e+00 2.798197555478485476e+00 1.135268597820503933e+00
1.287364691892155077e+00 2.800762645574520260e+00 1.135469495920729210e+00
1.288510034144728200e+00 2.803330087072509524e+00 1.135671300626209357e+00
1.289655376397301323e+00 2.805899882127968592e+00 1.135874015970137485e+00
1.290800718649874446e+00 2.808472032898388537e+00 1.136077645986018236e+00
1.291946060902447346e+00 2.811046541543238408e+00 1.136282194707692650e+00
1.293091403155020469e+00 2.813623410223967447e+00 1.136487666169363697e+00
1.294236745407593592e+00 2.816202641104005533e+00 1.136694064405617155e+00
1.295382087660166714e+00 2.818784236348765848e+00 1.136901393451450248e+00
1.296527429912739837e+00 2.821368198125646209e+00 1.137109657342293190e+00
1.297672772165312960e+00 2.823954528604032621e+00 1.137318860114034713e+00
1.298818114417886083e+00 2.826543229955297942e+00 1.137529005803046500e+00
1.299963456670458983e+00 2.829134304352806328e+00 1.137740098446207160e+00
1.301108798923032106e+00 2.831727753971915451e+00 1.137952142080926432e+00
1.302254141175605229e+00 2.834323580989975166e+00 1.138165140745170723e+00
1.303399483428178351e+00 2.836921787586332400e+00 1.138379098477484863e+00
1.304544825680751474e+00 2.839522375942331589e+00 1.138594019317018757e+00
1.305690167933324597e+00 2.842125348241316907e+00 1.138809907303550695e+00
1.306835510185897720e+00 2.844730706668634035e+00 1.139026766477512220e+00
1.307980852438470842e+00 2.847338453411631054e+00 1.139244600880011005e+00
1.309126194691043743e+00 2.849948590659661996e+00 1.139463414552856380e+00
1.310271536943616866e+00 2.852561120604088618e+00 1.139683211538582208e+00
1.311416879196189988e+00 2.855176045438280408e+00 1.139903995880473087e+00
1.312562221448763111e+00 2.857793367357617687e+00 1.140125771622586104e+00
1.313707563701336234e+00 2.860413088559492945e+00 1.140348542809776600e+00
1.314852905953909357e+00 2.863035211243313949e+00 1.140572313487721923e+00
1.315998248206482479e+00 2.865659737610503743e+00 1.140797087702944523e+00
1.317143590459055380e+00 2.868286669864502869e+00 1.141022869502838155e+00
1.318288932711628503e+00 2.870916010210774250e+00 1.141249662935689635e+00
1.319434274964201625e+00 2.873547760856800526e+00 1.141477472050704378e+00
1.320579617216774748e+00 2.876181924012088054e+00 1.141706300898029269e+00
1.321724959469347871e+00 2.878818501888168679e+00 1.141936153528778197e+00
1.322870301721920994e+00 2.881457496698601961e+00 1.142167033995055370e+00
1.324015643974494116e+00 2.884098910658976500e+00 1.142398946349977518e+00
1.325160986227067017e+00 2.886742745986911718e+00 1.142631894647701207e+00
1.326306328479640140e+00 2.889389004902060076e+00 1.142865882943444378e+00
1.327451670732213262e+00 2.892037689626108854e+00 1.143100915293510766e+00
1.328597012984786385e+00 2.894688802382781478e+00 1.143336995755313890e+00
1.329742355237359508e+00 2.897342345397840191e+00 1.143574128387401911e+00
1.330887697489932631e+00 2.899998320899087823e+00 1.143812317249479626e+00
1.332033039742505753e+00 2.902656731116369571e+00 1.144051566402433773e+00
1.333178381995078654e+00 2.905317578281572555e+00 1.144291879908356346e+00
1.334323724247651777e+00 2.907980864628633810e+00 1.144533261830569471e+00
1.335469066500224899e+00 2.910646592393534959e+00 1.144775716233646934e+00
1.336614408752798022e+00 2.913314763814308428e+00 1.145019247183439948e+00
1.337759751005371145e+00 2.915985381131038334e+00 1.145263858747101349e+00
1.338905093257944268e+00 2.918658446585861821e+00 1.145509554993106915e+00
1.340050435510517390e+00 2.921333962422972164e+00 1.145756339991281569e+00
1.341195777763090291e+00 2.924011930888617883e+00 1.146004217812822246e+00
1.342341120015663414e+00 2.926692354231110738e+00 1.146253192530321208e+00
1.343486462268236536e+00 2.929375234700819064e+00 1.146503268217791138e+00
1.344631804520809659e+00 2.932060574550176213e+00 1.146754448950686456e+00
1.345777146773382782e+00 2.934748376033680106e+00 1.147006738805929738e+00
1.346922489025955905e+00 2.937438641407895901e+00 1.147260141861933702e+00
1.348067831278529027e+00 2.940131372931455545e+00 1.147514662198625190e+00
1.349213173531101928e+00 2.942826572865063106e+00 1.147770303897469812e+00
1.350358515783675051e+00 2.945524243471495218e+00 1.148027071041493707e+00
1.351503858036248173e+00 2.948224387015601078e+00 1.148284967715309302e+00
1.352649200288821296e+00 2.950927005764308220e+00 1.148543998005137068e+00
1.353794542541394419e+00 2.953632101986620295e+00 1.148804165998830840e+00
1.354939884793967542e+00 2.956339677953621514e+00 1.149065475785900237e+00
1.356085227046540664e+00 2.959049735938479309e+00 1.149327931457534646e+00
1.357230569299113787e+00 2.961762278216443001e+00 1.149591537106626760e+00
1.358375911551686688e+00 2.964477307064848244e+00 1.149856296827796109e+00
1.359521253804259810e+00 2.967194824763119243e+00 1.150122214717413272e+00
1.360666596056832933e+00 2.969914833592768755e+00 1.150389294873622292e+00
1.361811938309406056e+00 2.972637335837401640e+00 1.150657541396365335e+00
1.362957280561979179e+00 2.975362333782714863e+00 1.150926958387404664e+00
1.364102622814552301e+00 2.978089829716501935e+00 1.151197549950349286e+00
1.365247965067125424e+00 2.980819825928653355e+00 1.151469320190674273e+00
1.366393307319698325e+00 2.983552324711158388e+00 1.151742273215747625e+00
1.367538649572271447e+00 2.986287328358107729e+00 1.152016413134851813e+00
1.368683991824844570e+00 2.989024839165694836e+00 1.152291744059209089e+00
1.369829334077417693e+00 2.991764859432217705e+00 1.152568270102002801e+00
1.370974676329990816e+00 2.994507391458081536e+00 1.152845995378402488e+00
1.372120018582563938e+00 2.997252437545800952e+00 1.153124924005586971e+00
1.373265360835137061e+00 3.000000000000000444e+00 1.153405060102766999e+00
