# tau=beta*t, lambda=exp[(gamma_dot/beta)*tau], sigma_norm=sigma/mu
# tau lambda sigma_over_mu
0.000000000000000000e+00 1.000000000000000000e+00 0.000000000000000000e+00
4.581369010292366852e-03 1.000916693709138716e+00 1.126209203256113393e-02
9.162738020584733703e-03 1.001834227745634021e+00 2.244242038011159263e-02
1.374410703087710142e-02 1.002752602879808386e+00 3.354152163006637877e-02
1.832547604116946741e-02 1.003671819882690830e+00 4.455992885006281740e-02
2.290684505146183339e-02 1.004591879526017140e+00 5.549817161135584681e-02
2.748821406175420284e-02 1.005512782582230535e+00 6.635677601205816623e-02
3.206958307204656883e-02 1.006434529824482338e+00 7.713626470022336146e-02
3.665095208233893481e-02 1.007357122026632634e+00 8.783715689677504268e-02
4.123232109263130080e-02 1.008280559963250500e+00 9.845996841827306389e-02
4.581369010292366678e-02 1.009204844409615776e+00 1.090052116995454123e-01
5.039505911321603276e-02 1.010129976141718400e+00 1.194733958161378479e-01
5.497642812350840569e-02 1.011055955936260187e+00 1.298650265066410570e-01
5.955779713380077167e-02 1.011982784570654159e+00 1.401806061948379367e-01
6.413916614409313766e-02 1.012910462823026991e+00 1.504206340117365259e-01
6.872053515438550364e-02 1.013838991472217677e+00 1.605856058174127687e-01
7.330190416467786962e-02 1.014768371297779748e+00 1.706760142227431443e-01
7.788327317497023561e-02 1.015698603079981499e+00 1.806923486109710819e-01
8.246464218526260159e-02 1.016629687599805987e+00 1.906350951591223308e-01
8.704601119555496758e-02 1.017561625638952583e+00 2.005047368592956514e-01
9.162738020584733356e-02 1.018494417979836753e+00 2.103017535397881110e-01
9.620874921613969954e-02 1.019428065405591832e+00 2.200266218860998102e-01
1.007901182264320655e-01 1.020362568700068806e+00 2.296798154617769594e-01
1.053714872367244315e-01 1.021297928647836750e+00 2.392618047291191485e-01
1.099528562470168114e-01 1.022234146034184832e+00 2.487730570697647969e-01
1.145342252573091774e-01 1.023171221645121198e+00 2.582140368051043522e-01
1.191155942676015433e-01 1.024109156267375198e+00 2.675852052165910155e-01
1.236969632778939093e-01 1.025047950688396936e+00 2.768870205658863770e-01
1.282783322881862753e-01 1.025987605696358607e+00 2.861199381148884502e-01
1.328597012984786274e-01 1.026928122080154715e+00 2.952844101456142401e-01
1.374410703087710073e-01 1.027869500629403410e+00 3.043808859799574940e-01
1.420224393190633594e-01 1.028811742134446039e+00 3.134098119992980713e-01
1.466038083293557392e-01 1.029754847386348704e+00 3.223716316639965163e-01
1.511851773396481191e-01 1.030698817176902926e+00 3.312667855327506850e-01
1.557665463499404712e-01 1.031643652298625868e+00 3.400957112818149275e-01
1.603479153602328511e-01 1.032589353544761002e+00 3.488588437240969231e-01
1.649292843705252032e-01 1.033535921709279215e+00 3.575566148281287826e-01
1.695106533808175830e-01 1.034483357586879038e+00 3.661894537369010383e-01
1.740920223911099352e-01 1.035431661972987749e+00 3.747577867865800050e-01
1.786733914014023150e-01 1.036380835663761601e+00 3.832620375250890277e-01
1.832547604116946671e-01 1.037330879456086485e+00 3.917026267305709908e-01
1.878361294219870470e-01 1.038281794147579262e+00 4.000799724297292581e-01
1.924174984322793991e-01 1.039233580536587764e+00 4.083944899160361075e-01
1.969988674425717790e-01 1.040186239422191461e+00 4.166465917678243147e-01
2.015802364528641311e-01 1.041139771604202569e+00 4.248366878662582780e-01
2.061616054631565109e-01 1.042094177883166273e+00 4.329651854131796318e-01
2.107429744734488630e-01 1.043049459060362061e+00 4.410324889488406175e-01
2.153243434837412429e-01 1.044005615937803277e+00 4.490390003695033938e-01
2.199057124940336228e-01 1.044962649318238901e+00 4.569851189449402051e-01
2.244870815043259749e-01 1.045920560005153988e+00 4.648712413358032647e-01
2.290684505146183547e-01 1.046879348802769671e+00 4.726977616108767877e-01
2.336498195249107068e-01 1.047839016516044497e+00 4.804650712642207222e-01
2.382311885352030867e-01 1.048799563950675084e+00 4.881735592321967410e-01
2.428125575454954388e-01 1.049760991913096131e+00 4.958236119103721640e-01
2.473939265557878187e-01 1.050723301210482186e+00 5.034156131703269033e-01
2.519752955660801708e-01 1.051686492650747429e+00 5.109499443763281246e-01
2.565566645763725506e-01 1.052650567042546559e+00 5.184269844019063767e-01
2.611380335866649305e-01 1.053615525195275904e+00 5.258471096463166461e-01
2.657194025969572548e-01 1.054581367919073198e+00 5.332106940508835047e-01
2.703007716072496347e-01 1.055548096024819804e+00 5.405181091152519990e-01
2.748821406175420146e-01 1.056515710324139157e+00 5.477697239135018714e-01
2.794635096278343944e-01 1.057484211629399651e+00 5.549659051101876184e-01
2.840448786381267188e-01 1.058453600753713753e+00 5.621070169762407698e-01
2.886262476484190986e-01 1.059423878510939998e+00 5.691934214047897900e-01
2.932076166587114785e-01 1.060395045715682549e+00 5.762254779268526361e-01
2.977889856690038584e-01 1.061367103183292082e+00 5.832035437269353917e-01
3.023703546792962382e-01 1.062340051729866897e+00 5.901279736585290925e-01
3.069517236895885626e-01 1.063313892172254027e+00 5.969991202594997493e-01
3.115330926998809424e-01 1.064288625328048132e+00 6.038173337673609087e-01
3.161144617101733223e-01 1.065264252015594382e+00 6.105829621344728286e-01
3.206958307204657022e-01 1.066240773053987567e+00 6.172963510431114242e-01
3.252771997307580265e-01 1.067218189263073436e+00 6.239578439204535032e-01
3.298585687410504064e-01 1.068196501463449355e+00 6.305677819534539763e-01
3.344399377513427862e-01 1.069175710476464980e+00 6.371265041036283661e-01
3.390213067616351661e-01 1.070155817124222697e+00 6.436343471217289558e-01
3.436026757719274904e-01 1.071136822229578733e+00 6.500916455623318990e-01
3.481840447822198703e-01 1.072118726616143602e+00 6.564987317983177473e-01
3.527654137925122502e-01 1.073101531108282547e+00 6.628559360352610508e-01
3.573467828028046300e-01 1.074085236531116649e+00 6.691635863257192618e-01
3.619281518130969544e-01 1.075069843710523720e+00 6.754220085834340415e-01
3.665095208233893342e-01 1.076055353473137854e+00 6.816315265974211002e-01
3.710908898336817141e-01 1.077041766646351872e+00 6.877924620459889837e-01
3.756722588439740940e-01 1.078029084058316212e+00 6.939051345106391766e-01
3.802536278542664738e-01 1.079017306537941145e+00 6.999698614898947069e-01
3.848349968645587982e-01 1.080006434914896563e+00 7.059869584130208375e-01
3.894163658748511780e-01 1.080996470019612410e+00 7.119567386536589382e-01
3.939977348851435579e-01 1.081987412683280692e+00 7.178795135433769792e-01
3.985791038954359378e-01 1.082979263737854803e+00 7.237555923851145545e-01
4.031604729057282621e-01 1.083972024016051083e+00 7.295852824665505221e-01
4.077418419160206420e-01 1.084965694351349041e+00 7.353688890733741657e-01
4.123232109263130218e-01 1.085960275577992240e+00 7.411067155024712028e-01
4.169045799366054017e-01 1.086955768530989186e+00 7.467990630750196424e-01
4.214859489468977261e-01 1.087952174046113774e+00 7.524462311494992672e-01
4.260673179571901059e-01 1.088949492959905729e+00 7.580485171346114104e-01
4.306486869674824858e-01 1.089947726109671944e+00 7.636062165021179071e-01
4.352300559777748656e-01 1.090946874333486916e+00 7.691196227995891199e-01
4.398114249880672455e-01 1.091946938470192974e+00 7.745890276630671423e-01
4.443927939983595699e-01 1.092947919359401832e+00 7.800147208296496215e-01
4.489741630086519497e-01 1.093949817841495031e+00 7.853969901499835427e-01
4.535555320189443296e-01 1.094952634757623944e+00 7.907361216006756344e-01
4.581369010292367094e-01 1.095956370949711101e+00 7.960323992966239492e-01
4.627182700395290338e-01 1.096961027260451305e+00 8.012861055032670654e-01
4.672996390498214136e-01 1.097966604533311408e+00 8.064975206487460246e-01
4.718810080601137935e-01 1.098973103612531643e+00 8.116669233359899982e-01
4.764623770704061734e-01 1.099980525343126070e+00 8.167945903547195741e-01
4.810437460806984977e-01 1.100988870570883238e+00 8.218807966933704412e-01
4.856251150909908776e-01 1.101998140142367300e+00 8.269258155509369157e-01
4.902064841012832574e-01 1.103008334904918453e+00 8.319299183487380844e-01
4.947878531115756373e-01 1.104019455706653607e+00 8.368933747421022362e-01
4.993692221218679617e-01 1.105031503396466608e+00 8.418164526319730223e-01
5.039505911321603415e-01 1.106044478824030453e+00 8.466994181764480043e-01
5.085319601424527214e-01 1.107058382839796185e+00 8.515425358022234992e-01
5.131133291527451012e-01 1.108073216294994667e+00 8.563460682159774739e-01
5.176946981630374811e-01 1.109088980041637473e+00 8.611102764156710609e-01
5.222760671733298610e-01 1.110105674932516884e+00 8.658354197017726905e-01
5.268574361836222408e-01 1.111123301821206777e+00 8.705217556884106145e-01
5.314388051939145097e-01 1.112141861562063738e+00 8.751695403144502672e-01
5.360201742042068895e-01 1.113161355010227727e+00 8.797790278544983522e-01
5.406015432144992694e-01 1.114181783021622074e+00 8.843504709298295463e-01
5.451829122247916493e-01 1.115203146452955041e+00 8.888841205192470341e-01
5.497642812350840291e-01 1.116225446161720258e+00 8.933802259698672144e-01
5.543456502453764090e-01 1.117248683006197396e+00 8.978390350078300219e-01
5.589270192556687888e-01 1.118272857845452606e+00 9.022607937489415253e-01
5.635083882659611687e-01 1.119297971539340297e+00 9.066457467092482458e-01
5.680897572762534375e-01 1.120324024948502251e+00 9.109941368155302088e-01
5.726711262865458174e-01 1.121351018934369614e+00 9.153062054157378169e-01
5.772524952968381973e-01 1.122378954359163128e+00 9.195821922893497868e-01
5.818338643071305771e-01 1.123407832085894009e+00 9.238223356576654721e-01
5.864152333174229570e-01 1.124437652978364399e+00 9.280268721940286847e-01
5.909966023277153369e-01 1.125468417901168472e+00 9.321960370339824609e-01
5.955779713380077167e-01 1.126500127719692879e+00 9.363300637853578801e-01
6.001593403483000966e-01 1.127532783300117414e+00 9.404291845382926063e-01
6.047407093585924764e-01 1.128566385509416570e+00 9.444936298751895887e-01
6.093220783688847453e-01 1.129600935215358426e+00 9.485236288805964922e-01
6.139034473791771251e-01 1.130636433286507758e+00 9.525194091510386096e-01
6.184848163894695050e-01 1.131672880592224484e+00 9.564811968047650659e-01
6.230661853997618849e-01 1.132710278002666549e+00 9.604092164914488361e-01
6.276475544100542647e-01 1.133748626388788372e+00 9.643036914018066064e-01
6.322289234203466446e-01 1.134787926622343734e+00 9.681648432771698953e-01
6.368102924306390245e-01 1.135828179575885111e+00 9.719928924189791264e-01
6.413916614409314043e-01 1.136869386122764780e+00 9.757880576982214116e-01
6.459730304512236732e-01 1.137911547137136159e+00 9.795505565648078283e-01
6.505543994615160530e-01 1.138954663493953134e+00 9.832806050568784206e-01
6.551357684718084329e-01 1.139998736068972285e+00 9.869784178100586836e-01
6.597171374821008127e-01 1.141043765738752880e+00 9.906442080666437722e-01
6.642985064923931926e-01 1.142089753380657768e+00 9.942781876847276434e-01
6.688798755026855725e-01 1.143136699872853601e+00 9.978805671472671390e-01
6.734612445129779523e-01 1.144184606094312828e+00 1.001451555571092111e+00
6.780426135232703322e-01 1.145233472924812812e+00 1.004991360715848270e+00
6.826239825335627120e-01 1.146283301244938269e+00 1.008500188992887514e+00
6.872053515438549809e-01 1.147334091936080380e+00 1.011978245474093319e+00
6.917867205541473608e-01 1.148385845880438572e+00 1.015425733900651162e+00
6.963680895644397406e-01 1.149438563961021176e+00 1.018842856691762222e+00
7.009494585747321205e-01 1.150492247061645879e+00 1.022229814953292903e+00
7.055308275850245003e-01 1.151546896066940162e+00 1.025586808486373069e+00
7.101121965953168802e-01 1.152602511862343082e+00 1.028914035795936321e+00
7.146935656056092601e-01 1.153659095334104823e+00 1.032211694099198551e+00
7.192749346159016399e-01 1.154716647369288474e+00 1.035479979334088529e+00
7.238563036261939088e-01 1.155775168855769808e+00 1.038719086167614103e+00
7.284376726364862886e-01 1.156834660682238614e+00 1.041929208004179319e+00
7.330190416467786685e-01 1.157895123738199805e+00 1.045110536993844486e+00
7.376004106570710483e-01 1.158956558913972978e+00 1.048263264040528497e+00
7.421817796673634282e-01 1.160018967100694631e+00 1.051387578810160761e+00
7.467631486776558081e-01 1.161082349190317498e+00 1.054483669738777385e+00
7.513445176879481879e-01 1.162146706075612546e+00 1.057551724040563856e+00
7.559258866982405678e-01 1.163212038650168312e+00 1.060591927715842875e+00
7.605072557085329477e-01 1.164278347808393566e+00 1.063604465559014445e+00
7.650886247188252165e-01 1.165345634445515977e+00 1.066589521166435128e+00
7.696699937291175964e-01 1.166413899457584558e+00 1.069547276944253333e+00
7.742513627394099762e-01 1.167483143741469220e+00 1.072477914116186426e+00
7.788327317497023561e-01 1.168553368194862774e+00 1.075381612731250769e+00
7.834141007599947359e-01 1.169624573716280036e+00 1.078258551671437138e+00
7.879954697702871158e-01 1.170696761205059833e+00 1.081108908659336176e+00
7.925768387805794957e-01 1.171769931561365663e+00 1.083932860265718556e+00
7.971582077908718755e-01 1.172844085686185922e+00 1.086730581917053851e+00
8.017395768011641444e-01 1.173919224481335011e+00 1.089502247902991439e+00
8.063209458114565242e-01 1.174995348849454224e+00 1.092248031383782791e+00
8.109023148217489041e-01 1.176072459694011973e+00 1.094968104397662678e+00
8.154836838320412840e-01 1.177150557919304674e+00 1.097662637868171753e+00
8.200650528423336638e-01 1.178229644430458523e+00 1.100331801611441396e+00
8.246464218526260437e-01 1.179309720133428829e+00 1.102975764343422593e+00
8.292277908629184235e-01 1.180390785935001352e+00 1.105594693687069308e+00
8.338091598732108034e-01 1.181472842742793405e+00 1.108188756179475432e+00
8.383905288835031833e-01 1.182555891465254083e+00 1.110758117278963120e+00
8.429718978937954521e-01 1.183639933011665368e+00 1.113302941372125154e+00
8.475532669040878320e-01 1.184724968292142577e+00 1.115823391780820906e+00
8.521346359143802118e-01 1.185810998217635692e+00 1.118319630769124107e+00
8.567160049246725917e-01 1.186898023699929361e+00 1.120791819550225776e+00
8.612973739349649716e-01 1.187986045651644451e+00 1.123240118293294953e+00
8.658787429452573514e-01 1.189075064986238051e+00 1.125664686130286363e+00
8.704601119555497313e-01 1.190165082618004577e+00 1.128065681162710776e+00
8.750414809658421111e-01 1.191256099462077334e+00 1.130443260468357192e+00
8.796228499761344910e-01 1.192348116434427396e+00 1.132797580107968827e+00
8.842042189864267598e-01 1.193441134451866281e+00 1.135128795131878698e+00
8.887855879967191397e-01 1.194535154432045720e+00 1.137437059586600352e+00
8.933669570070115196e-01 1.195630177293458773e+00 1.139722526521372625e+00
8.979483260173038994e-01 1.196726203955440271e+00 1.141985347994663114e+00
9.025296950275962793e-01 1.197823235338167702e+00 1.144225675080629001e+00
9.071110640378886592e-01 1.198921272362662549e+00 1.146443657875536148e+00
9.116924330481810390e-01 1.200020315950790062e+00 1.148639445504130663e+00
9.162738020584734189e-01 1.201120367025260816e+00 1.150813186125976273e+00
9.208551710687656877e-01 1.202221426509631375e+00 1.152965026941742188e+00
9.254365400790580676e-01 1.203323495328304737e+00 1.155095114199455208e+00
9.300179090893504474e-01 1.204426574406531003e+00 1.157203593200706759e+00
9.345992780996428273e-01 1.205530664670409147e+00 1.159290608306821735e+00
9.391806471099352072e-01 1.206635767046886354e+00 1.161356302944984042e+00
9.437620161202275870e-01 1.207741882463760241e+00 1.163400819614324400e+00
9.483433851305199669e-01 1.208849011849678190e+00 1.165424299891964388e+00
9.529247541408123467e-01 1.209957156134139344e+00 1.167426884439026535e+00
9.575061231511047266e-01 1.211066316247495056e+00 1.169408713006597100e+00
9.620874921613969954e-01 1.212176493120949106e+00 1.171369924441656218e+00
9.666688611716893753e-01 1.213287687686559035e+00 1.173310656692963860e+00
9.712502301819817552e-01 1.214399900877236815e+00 1.175231046816911595e+00
9.758315991922741350e-01 1.215513133626749731e+00 1.177131230983331944e+00
9.804129682025665149e-01 1.216627386869721050e+00 1.179011344481271539e+00
9.849943372128588948e-01 1.217742661541630467e+00 1.180871521724726092e+00
9.895757062231512746e-01 1.218858958578815654e+00 1.182711896258334727e+00
9.941570752334436545e-01 1.219976278918472268e+00 1.184532600763042565e+00
9.987384442437359233e-01 1.221094623498655274e+00 1.186333767061719779e+00
1.003319813254028414e+00 1.222213993258279841e+00 1.188115526124748245e+00
1.007901182264320683e+00 1.223334389137121114e+00 1.189878008075568427e+00
1.012482551274613174e+00 1.224455812075816219e+00 1.191621342196190314e+00
1.017063920284905443e+00 1.225578263015864477e+00 1.193345656932669918e+00
1.021645289295197712e+00 1.226701742899628522e+00 1.195051079900548707e+00
1.026226658305490202e+00 1.227826252670334073e+00 1.196737737890253284e+00
1.030808027315782471e+00 1.228951793272072601e+00 1.198405756872467531e+00
1.035389396326074962e+00 1.230078365649799998e+00 1.200055262003462353e+00
1.039970765336367231e+00 1.231205970749338796e+00 1.201686377630392988e+00
1.044552134346659722e+00 1.232334609517378832e+00 1.203299227296561691e+00
1.049133503356951991e+00 1.233464282901477471e+00 1.204893933746646439e+00
1.053714872367244482e+00 1.234594991850060719e+00 1.206470618931891003e+00
1.058296241377536751e+00 1.235726737312423884e+00 1.208029404015266373e+00
1.062877610387829019e+00 1.236859520238732690e+00 1.209570409376596878e+00
1.067458979398121510e+00 1.237993341580024165e+00 1.211093754617649454e+00
1.072040348408413779e+00 1.239128202288206193e+00 1.212599558567190927e+00
1.076621717418706270e+00 1.240264103316060185e+00 1.214087939286014439e+00
1.081203086428998539e+00 1.241401045617240850e+00 1.215559014071931010e+00
1.085784455439291030e+00 1.242539030146276424e+00 1.217012899464725573e+00
1.090365824449583299e+00 1.243678057858570885e+00 1.218449711251086587e+00
1.094947193459875567e+00 1.244818129710403731e+00 1.219869564469497014e+00
1.099528562470168058e+00 1.245959246658931319e+00 1.221272573415097540e+00
1.104109931480460327e+00 1.247101409662186855e+00 1.222658851644513156e+00
1.108691300490752818e+00 1.248244619679082401e+00 1.224028511980655320e+00
1.113272669501045087e+00 1.249388877669408426e+00 1.225381666517483259e+00
1.117854038511337578e+00 1.250534184593836029e+00 1.226718426624743952e+00
1.122435407521629847e+00 1.251680541413916270e+00 1.228038902952670375e+00
1.127016776531922337e+00 1.252827949092081949e+00 1.229343205436659758e+00
1.131598145542214606e+00 1.253976408591647829e+00 1.230631443301909878e+00
1.136179514552506875e+00 1.255125920876812184e+00 1.231903725068036470e+00
1.140760883562799366e+00 1.256276486912657031e+00 1.233160158553650909e+00
1.145342252573091635e+00 1.257428107665148787e+00 1.234400850880910561e+00
1.149923621583384126e+00 1.258580784101139827e+00 1.235625908480044721e+00
1.154504990593676395e+00 1.259734517188368264e+00 1.236835437093840362e+00
1.159086359603968885e+00 1.260889307895459943e+00 1.238029541782109666e+00
1.163667728614261154e+00 1.262045157191928002e+00 1.239208326926116932e+00
1.168249097624553645e+00 1.263202066048175087e+00 1.240371896232988602e+00
1.172830466634845914e+00 1.264360035435492469e+00 1.241520352740082211e+00
1.177411835645138183e+00 1.265519066326062703e+00 1.242653798819336242e+00
1.181993204655430674e+00 1.266679159692958967e+00 1.243772336181586669e+00
1.186574573665722943e+00 1.267840316510146836e+00 1.244876065880854643e+00
1.191155942676015433e+00 1.269002537752484283e+00 1.245965088318609526e+00
1.195737311686307702e+00 1.270165824395723009e+00 1.247039503248000170e+00
1.200318680696600193e+00 1.271330177416509777e+00 1.248099409778061109e+00
1.204900049706892462e+00 1.272495597792385746e+00 1.249144906377890107e+00
1.209481418717184953e+00 1.273662086501788915e+00 1.250176090880798174e+00
1.214062787727477222e+00 1.274829644524053673e+00 1.251193060488432041e+00
1.218644156737769491e+00 1.275998272839412584e+00 1.252195911774871551e+00
1.223225525748061981e+00 1.277167972428996379e+00 1.253184740690696630e+00
1.227806894758354250e+00 1.278338744274835515e+00 1.254159642567032051e+00
1.232388263768646741e+00 1.279510589359860839e+00 1.255120712119561777e+00
1.236969632778939010e+00 1.280683508667903370e+00 1.256068043452516658e+00
1.241551001789231501e+00 1.281857503183697178e+00 1.257001730062642819e+00
1.246132370799523770e+00 1.283032573892877837e+00 1.257921864843134285e+00
1.250713739809816261e+00 1.284208721781985751e+00 1.258828540087547188e+00
1.255295108820108529e+00 1.285385947838464382e+00 1.259721847493684654e+00
1.259876477830400798e+00 1.286564253050663353e+00 1.260601878167456613e+00
1.264457846840693289e+00 1.287743638407837787e+00 1.261468722626716055e+00
1.269039215850985558e+00 1.288924104900149636e+00 1.262322470805068875e+00
1.273620584861278049e+00 1.290105653518669016e+00 1.263163212055659512e+00
1.278201953871570318e+00 1.291288285255373980e+00 1.263991035154929055e+00
1.282783322881862809e+00 1.292472001103152301e+00 1.264806028306351804e+00
1.287364691892155077e+00 1.293656802055801691e+00 1.265608279144148751e+00
1.291946060902447346e+00 1.294842689108030687e+00 1.266397874736969964e+00
1.296527429912739837e+00 1.296029663255460429e+00 1.267174901591561209e+00
1.301108798923032106e+00 1.297217725494623997e+00 1.267939445656400155e+00
1.305690167933324597e+00 1.298406876822968181e+00 1.268691592325313255e+00
1.310271536943616866e+00 1.299597118238854376e+00 1.269431426441063548e+00
1.314852905953909357e+00 1.300788450741559021e+00 1.270159032298923352e+00
1.319434274964201625e+00 1.301980875331274046e+00 1.270874493650212322e+00
1.324015643974494116e+00 1.303174393009109311e+00 1.271577893705825302e+00
1.328597012984786385e+00 1.304369004777091501e+00 1.272269315139723744e+00
1.333178381995078654e+00 1.305564711638166342e+00 1.272948840092416045e+00
1.337759751005371145e+00 1.306761514596198603e+00 1.273616550174408113e+00
1.342341120015663414e+00 1.307959414655973651e+00 1.274272526469630629e+00
1.346922489025955905e+00 1.309158412823197670e+00 1.274916849538851649e+00
1.351503858036248173e+00 1.310358510104498775e+00 1.275549599423056790e+00
1.356085227046540664e+00 1.311559707507428119e+00 1.276170855646814539e+00
1.360666596056832933e+00 1.312762006040460117e+00 1.276780697221616467e+00
1.365247965067125424e+00 1.313965406712993778e+00 1.277379202649197021e+00
1.369829334077417693e+00 1.315169910535353592e+00 1.277966449924830439e+00
1.374410703087709962e+00 1.316375518518789978e+00 1.278542516540605911e+00
1.378992072098002453e+00 1.317582231675480609e+00 1.279107479488682531e+00
1.383573441108294722e+00 1.318790051018530418e+00 1.279661415264521596e+00
1.388154810118587212e+00 1.319998977561974041e+00 1.280204399870101151e+00
1.392736179128879481e+00 1.321209012320774701e+00 1.280736508817103214e+00
1.397317548139171972e+00 1.322420156310826655e+00 1.281257817130086352e+00
1.401898917149464241e+00 1.323632410548955196e+00 1.281768399349633381e+00
1.406480286159756732e+00 1.324845776052917756e+00 1.282268329535482643e+00
1.411061655170049001e+00 1.326060253841404579e+00 1.282757681269633299e+00
1.415643024180341270e+00 1.327275844934039828e+00 1.283236527659434856e+00
1.420224393190633760e+00 1.328492550351382917e+00 1.283704941340656047e+00
1.424805762200926029e+00 1.329710371114927625e+00 1.284162994480530173e+00
1.429387131211218520e+00 1.330929308247105425e+00 1.284610758780784012e+00
1.433968500221510789e+00 1.332149362771283929e+00 1.285048305480647413e+00
1.438549869231803280e+00 1.333370535711769778e+00 1.285475705359839349e+00
1.443131238242095549e+00 1.334592828093807748e+00 1.285893028741537769e+00
1.447712607252387818e+00 1.335816240943582978e+00 1.286300345495330122e+00
1.452293976262680308e+00 1.337040775288221406e+00 1.286697725040141460e+00
1.456875345272972577e+00 1.338266432155790220e+00 1.287085236347147665e+00
1.461456714283265068e+00 1.339493212575299186e+00 1.287462947942666247e+00
1.466038083293557337e+00 1.340721117576700872e+00 1.287830927911030710e+00
1.470619452303849828e+00 1.341950148190893088e+00 1.288189243897444047e+00
1.475200821314142097e+00 1.343180305449717560e+00 1.288537963110812923e+00
1.479782190324434588e+00 1.344411590385962363e+00 1.288877152326570297e+00
1.484363559334726856e+00 1.345644004033362595e+00 1.289206877889468306e+00
1.488944928345019125e+00 1.346877547426600374e+00 1.289527205716363145e+00
1.493526297355311616e+00 1.348112221601306615e+00 1.289838201298975306e+00
1.498107666365603885e+00 1.349348027594061694e+00 1.290139929706634492e+00
1.502689035375896376e+00 1.350584966442395896e+00 1.290432455589007432e+00
1.507270404386188645e+00 1.351823039184791186e+00 1.290715843178805056e+00
1.511851773396481136e+00 1.353062246860680773e+00 1.290990156294475000e+00
1.516433142406773404e+00 1.354302590510451099e+00 1.291255458342873474e+00
1.521014511417065895e+00 1.355544071175442511e+00 1.291511812321924024e+00
1.525595880427358164e+00 1.356786689897949483e+00 1.291759280823253420e+00
1.530177249437650433e+00 1.358030447721221945e+00 1.291997926034815558e+00
1.534758618447942924e+00 1.359275345689467063e+00 1.292227809743493605e+00
1.539339987458235193e+00 1.360521384847848125e+00 1.292448993337691032e+00
1.543921356468527684e+00 1.361768566242486989e+00 1.292661537809898231e+00
1.548502725478819952e+00 1.363016890920464297e+00 1.292865503759250023e+00
1.553084094489112443e+00 1.364266359929821038e+00 1.293060951394060076e+00
1.557665463499404712e+00 1.365516974319558319e+00 1.293247940534343554e+00
1.562246832509697203e+00 1.366768735139639368e+00 1.293426530614319780e+00
1.566828201519989472e+00 1.368021643440989532e+00 1.293596780684902248e+00
1.571409570530281741e+00 1.369275700275497609e+00 1.293758749416168419e+00
1.575990939540574232e+00 1.370530906696016737e+00 1.293912495099816429e+00
1.580572308550866500e+00 1.371787263756365283e+00 1.294058075651604467e+00
1.585153677561158991e+00 1.373044772511327505e+00 1.294195548613774394e+00
1.589735046571451260e+00 1.374303434016654446e+00 1.294324971157460258e+00
1.594316415581743751e+00 1.375563249329065485e+00 1.294446400085079940e+00
1.598897784592036020e+00 1.376824219506247893e+00 1.294559891832711029e+00
1.603479153602328289e+00 1.378086345606859275e+00 1.294665502472455154e+00
1.608060522612620780e+00 1.379349628690527130e+00 1.294763287714780553e+00
1.612641891622913048e+00 1.380614069817850620e+00 1.294853302910853543e+00
1.617223260633205539e+00 1.381879670050401243e+00 1.294935603054854889e+00
1.621804629643497808e+00 1.383146430450723274e+00 1.295010242786279298e+00
1.626385998653790299e+00 1.384414352082335320e+00 1.295077276392221144e+00
1.630967367664082568e+00 1.385683436009730540e+00 1.295136757809643768e+00
1.635548736674375059e+00 1.386953683298378648e+00 1.295188740627637003e+00
1.640130105684667328e+00 1.388225095014725019e+00 1.295233278089658047e+00
1.644711474694959596e+00 1.389497672226193581e+00 1.295270423095755019e+00
1.649292843705252087e+00 1.390771416001186367e+00 1.295300228204782300e+00
1.653874212715544356e+00 1.392046327409084849e+00 1.295322745636597661e+00
1.658455581725836847e+00 1.393322407520250383e+00 1.295338027274242743e+00
1.663036950736129116e+00 1.394599657406026427e+00 1.295346124666114651e+00
1.667618319746421607e+00 1.395878078138737655e+00 1.295347089028121346e+00
1.672199688756713876e+00 1.397157670791692174e+00 1.295340971245820372e+00
1.676781057767006367e+00 1.398438436439181976e+00 1.295327821876547159e+00
1.681362426777298635e+00 1.399720376156483592e+00 1.295307691151527330e+00
1.685943795787590904e+00 1.401003491019859659e+00 1.295280628977978354e+00
1.690525164797883395e+00 1.402287782106559133e+00 1.295246684941192106e+00
1.695106533808175664e+00 1.403573250494818403e+00 1.295205908306608311e+00
1.699687902818468155e+00 1.404859897263862401e+00 1.295158348021876238e+00
1.704269271828760424e+00 1.406147723493905710e+00 1.295104052718894172e+00
1.708850640839052915e+00 1.407436730266152347e+00 1.295043070715847344e+00
1.713432009849345183e+00 1.408726918662798200e+00 1.294975450019222096e+00
1.718013378859637674e+00 1.410018289767030808e+00 1.294901238325815163e+00
1.722594747869929943e+00 1.411310844663030917e+00 1.294820483024723412e+00
1.727176116880222212e+00 1.412604584435972921e+00 1.294733231199326484e+00
1.731757485890514703e+00 1.413899510172025975e+00 1.294639529629251218e+00
1.736338854900806972e+00 1.415195622958355104e+00 1.294539424792327198e+00
1.740920223911099463e+00 1.416492923883121868e+00 1.294432962866526760e+00
1.745501592921391731e+00 1.417791414035485031e+00 1.294320189731895665e+00
1.750082961931684222e+00 1.419091094505602557e+00 1.294201150972468239e+00
1.754664330941976491e+00 1.420391966384630722e+00 1.294075891878170070e+00
1.759245699952268982e+00 1.421694030764726779e+00 1.293944457446712715e+00
1.763827068962561251e+00 1.422997288739048960e+00 1.293806892385469087e+00
1.768408437972853520e+00 1.424301741401757582e+00 1.293663241113343298e+00
1.772989806983146011e+00 1.425607389848016160e+00 1.293513547762623395e+00
1.777571175993438279e+00 1.426914235173991630e+00 1.293357856180825216e+00
1.782152545003730770e+00 1.428222278476856122e+00 1.293196209932524043e+00
1.786733914014023039e+00 1.429531520854787630e+00 1.293028652301171810e+00
1.791315283024315530e+00 1.430841963406970896e+00 1.292855226290904325e+00
1.795896652034607799e+00 1.432153607233597858e+00 1.292675974628338276e+00
1.800478021044900068e+00 1.433466453435869425e+00 1.292490939764355140e+00
1.805059390055192559e+00 1.434780503115995476e+00 1.292300163875869767e+00
1.809640759065484827e+00 1.436095757377197080e+00 1.292103688867595634e+00
1.814222128075777318e+00 1.437412217323705610e+00 1.291901556373790338e+00
1.818803497086069587e+00 1.438729884060765407e+00 1.291693807759997314e+00
1.823384866096362078e+00 1.440048758694634001e+00 1.291480484124768013e+00
1.827966235106654347e+00 1.441368842332582556e+00 1.291261626301380971e+00
1.832547604116946838e+00 1.442690136082897423e+00 1.291037274859545114e+00
1.837128973127239107e+00 1.444012641054881252e+00 1.290807470107091737e+00
1.841710342137531375e+00 1.445336358358853213e+00 1.290572252091657823e+00
1.846291711147823866e+00 1.446661289106150328e+00 1.290331660602357822e+00
1.850873080158116135e+00 1.447987434409128582e+00 1.290085735171442982e+00
1.855454449168408626e+00 1.449314795381163590e+00 1.289834515075951815e+00
1.860035818178700895e+00 1.450643373136651260e+00 1.289578039339349225e+00
1.864617187188993386e+00 1.451973168791009572e+00 1.289316346733155649e+00
1.869198556199285655e+00 1.453304183460678578e+00 1.289049475778561549e+00
1.873779925209578145e+00 1.454636418263121955e+00 1.288777464748039892e+00
1.878361294219870414e+00 1.455969874316827894e+00 1.288500351666938881e+00
1.882942663230162683e+00 1.457304552741309767e+00 1.288218174315070463e+00
1.887524032240455174e+00 1.458640454657107011e+00 1.287930970228287064e+00
1.892105401250747443e+00 1.459977581185786688e+00 1.287638776700045451e+00
1.896686770261039934e+00 1.461315933449943483e+00 1.287341630782966595e+00
1.901268139271332203e+00 1.462655512573201255e+00 1.287039569290376440e+00
1.905849508281624693e+00 1.463996319680214375e+00 1.286732628797846223e+00
1.910430877291916962e+00 1.465338355896667499e+00 1.286420845644715927e+00
1.915012246302209453e+00 1.466681622349277792e+00 1.286104255935612395e+00
1.919593615312501722e+00 1.468026120165794701e+00 1.285782895541952131e+00
1.924174984322793991e+00 1.469371850475002184e+00 1.285456800103441433e+00
1.928756353333086482e+00 1.470718814406718256e+00 1.285126005029560758e+00
1.933337722343378751e+00 1.472067013091796994e+00 1.284790545501043102e+00
1.937919091353671242e+00 1.473416447662128981e+00 1.284450456471340152e+00
1.942500460363963510e+00 1.474767119250642633e+00 1.284105772668082679e+00
1.947081829374256001e+00 1.476119028991304427e+00 1.283756528594526936e+00
1.951663198384548270e+00 1.477472178019120674e+00 1.283402758530995502e+00
1.956244567394840539e+00 1.478826567470138409e+00 1.283044496536305257e+00
1.960825936405133030e+00 1.480182198481445610e+00 1.282681776449190236e+00
1.965407305415425299e+00 1.481539072191172757e+00 1.282314631889712286e+00
1.969988674425717790e+00 1.482897189738493937e+00 1.281943096260661719e+00
1.974570043436010058e+00 1.484256552263626849e+00 1.281567202748954637e+00
1.979151412446302549e+00 1.485617160907835022e+00 1.281186984327013167e+00
1.983732781456594818e+00 1.486979016813427812e+00 1.280802473754142135e+00
1.988314150466887309e+00 1.488342121123761963e+00 1.280413703577895745e+00
1.992895519477179578e+00 1.489706474983242490e+00 1.280020706135435837e+00
1.997476888487471847e+00 1.491072079537322903e+00 1.279623513554879244e+00
2.002058257497764338e+00 1.492438935932507205e+00 1.279222157756638056e+00
2.006639626508056828e+00 1.493807045316350557e+00 1.278816670454752114e+00
2.011220995518348875e+00 1.495176408837459059e+00 1.278407083158210389e+00
2.015802364528641366e+00 1.496547027645493300e+00 1.277993427172266605e+00
2.020383733538933857e+00 1.497918902891166137e+00 1.277575733599743524e+00
2.024965102549226348e+00 1.499292035726246697e+00 1.277154033342331463e+00
2.029546471559518395e+00 1.500666427303558814e+00 1.276728357101876155e+00
2.034127840569810886e+00 1.502042078776983702e+00 1.276298735381659943e+00
2.038709209580103376e+00 1.503418991301460395e+00 1.275865198487674324e+00
2.043290578590395423e+00 1.504797166032986189e+00 1.275427776529883150e+00
2.047871947600687914e+00 1.506176604128618424e+00 1.274986499423478525e+00
2.052453316610980405e+00 1.507557306746475367e+00 1.274541396890130018e+00
2.057034685621272896e+00 1.508939275045735995e+00 1.274092498459223011e+00
2.061616054631564943e+00 1.510322510186642875e+00 1.273639833469089711e+00
2.066197423641857434e+00 1.511707013330501725e+00 1.273183431068235283e+00
2.070778792652149924e+00 1.513092785639682969e+00 1.272723320216551324e+00
2.075360161662441971e+00 1.514479828277621953e+00 1.272259529686525781e+00
2.079941530672734462e+00 1.515868142408821617e+00 1.271792088064440218e+00
2.084522899683026953e+00 1.517257729198851823e+00 1.271321023751567081e+00
2.089104268693319444e+00 1.518648589814350691e+00 1.270846364965347863e+00
2.093685637703611491e+00 1.520040725423025929e+00 1.270368139740577051e+00
2.098267006713903982e+00 1.521434137193655944e+00 1.269886375930565858e+00
2.102848375724196472e+00 1.522828826296090510e+00 1.269401101208307736e+00
2.107429744734488963e+00 1.524224793901251429e+00 1.268912343067630788e+00
2.112011113744781010e+00 1.525622041181133870e+00 1.268420128824347071e+00
2.116592482755073501e+00 1.527020569308808140e+00 1.267924485617389019e+00
2.121173851765365992e+00 1.528420379458419243e+00 1.267425440409943649e+00
2.125755220775658039e+00 1.529821472805188209e+00 1.266923019990576327e+00
2.130336589785950530e+00 1.531223850525414099e+00 1.266417250974350317e+00
2.134917958796243020e+00 1.532627513796474217e+00 1.265908159803935007e+00
2.139499327806535511e+00 1.534032463796824342e+00 1.265395772750709469e+00
2.144080696816827558e+00 1.535438701706001607e+00 1.264880115915860692e+00
2.148662065827120049e+00 1.536846228704623840e+00 1.264361215231468716e+00
2.153243434837412540e+00 1.538255045974391111e+00 1.263839096461593536e+00
2.157824803847704587e+00 1.539665154698086624e+00 1.263313785203345363e+00
2.162406172857997078e+00 1.541076556059578717e+00 1.262785306887955983e+00
2.166987541868289568e+00 1.542489251243819748e+00 1.262253686781838580e+00
2.171568910878582059e+00 1.543903241436849205e+00 1.261718949987642446e+00
2.176150279888874106e+00 1.545318527825793486e+00 1.261181121445299924e+00
2.180731648899166597e+00 1.546735111598867007e+00 1.260640225933068237e+00
2.185313017909459088e+00 1.548152993945373757e+00 1.260096288068562886e+00
2.189894386919751135e+00 1.549572176055707740e+00 1.259549332309785497e+00
2.194475755930043626e+00 1.550992659121354755e+00 1.258999382956143442e+00
2.199057124940336116e+00 1.552414444334891730e+00 1.258446464149466149e+00
2.203638493950628607e+00 1.553837532889989825e+00 1.257890599875010951e+00
2.208219862960920654e+00 1.555261925981413551e+00 1.257331813962463851e+00
2.212801231971213145e+00 1.556687624805023873e+00 1.256770130086936499e+00
2.217382600981505636e+00 1.558114630557776881e+00 1.256205571769953844e+00
2.221963969991798127e+00 1.559542944437726453e+00 1.255638162380433354e+00
2.226545339002090174e+00 1.560972567644024256e+00 1.255067925135664009e+00
2.231126708012382664e+00 1.562403501376921744e+00 1.254494883102274416e+00
2.235708077022675155e+00 1.563835746837770380e+00 1.253919059197195818e+00
2.240289446032967202e+00 1.565269305229022967e+00 1.253340476188617547e+00
2.244870815043259693e+00 1.566704177754234539e+00 1.252759156696940046e+00
2.249452184053552184e+00 1.568140365618063248e+00 1.252175123195719220e+00
2.254033553063844675e+00 1.569577870026272137e+00 1.251588398012602799e+00
2.258614922074136722e+00 1.571016692185728481e+00 1.250999003330264259e+00
2.263196291084429213e+00 1.572456833304407331e+00 1.250406961187330079e+00
2.267777660094721703e+00 1.573898294591389746e+00 1.249812293479298120e+00
2.272359029105013750e+00 1.575341077256865896e+00 1.249215021959453997e+00
2.276940398115306241e+00 1.576785182512135286e+00 1.248615168239778361e+00
2.281521767125598732e+00 1.578230611569607422e+00 1.248012753791851281e+00
2.286103136135891223e+00 1.579677365642803588e+00 1.247407799947747087e+00
2.290684505146183270e+00 1.581125445946357289e+00 1.246800327900927430e+00
2.295265874156475761e+00 1.582574853696015582e+00 1.246190358707126133e+00
2.299847243166768251e+00 1.584025590108639969e+00 1.245577913285227822e+00
2.304428612177060742e+00 1.585477656402207502e+00 1.244963012418144332e+00
2.309009981187352789e+00 1.586931053795811453e+00 1.244345676753681795e+00
2.313591350197645280e+00 1.588385783509663085e+00 1.243725926805402393e+00
2.318172719207937771e+00 1.589841846765091882e+00 1.243103782953483893e+00
2.322754088218229818e+00 1.591299244784547096e+00 1.242479265445570302e+00
2.327335457228522309e+00 1.592757978791598417e+00 1.241852394397618520e+00
2.331916826238814799e+00 1.594218050010937304e+00 1.241223189794738557e+00
2.336498195249107290e+00 1.595679459668377875e+00 1.240591671492030423e+00
2.341079564259399337e+00 1.597142208990857792e+00 1.239957859215411240e+00
2.345660933269691828e+00 1.598606299206439818e+00 1.239321772562445023e+00
2.350242302279984319e+00 1.600071731544312037e+00 1.238683431003156699e+00
2.354823671290276366e+00 1.601538507234789410e+00 1.238042853880849670e+00
2.359405040300568857e+00 1.603006627509315107e+00 1.237400060412914060e+00
2.363986409310861347e+00 1.604476093600460729e+00 1.236755069691629183e+00
2.368567778321153838e+00 1.605946906741928082e+00 1.236107900684964012e+00
2.373149147331445885e+00 1.607419068168549181e+00 1.235458572237369879e+00
2.377730516341738376e+00 1.608892579116289134e+00 1.234807103070567624e+00
2.382311885352030867e+00 1.610367440822245033e+00 1.234153511784332302e+00
2.386893254362322914e+00 1.611843654524648617e+00 1.233497816857271667e+00
2.391474623372615405e+00 1.613321221462866717e+00 1.232840036647597115e+00
2.396055992382907895e+00 1.614800142877401923e+00 1.232180189393895287e+00
2.400637361393200386e+00 1.616280420009894137e+00 1.231518293215887905e+00
2.405218730403492433e+00 1.617762054103121239e+00 1.230854366115193166e+00
2.409800099413784924e+00 1.619245046401001087e+00 1.230188425976076694e+00
2.414381468424077415e+00 1.620729398148591072e+00 1.229520490566202495e+00
2.418962837434369906e+00 1.622215110592090337e+00 1.228850577537375033e+00
2.423544206444661953e+00 1.623702184978840002e+00 1.228178704426279966e+00
2.428125575454954443e+00 1.625190622557324938e+00 1.227504888655216897e+00
2.432706944465246934e+00 1.626680424577174655e+00 1.226829147532828790e+00
2.437288313475538981e+00 1.628171592289163749e+00 1.226151498254829830e+00
2.441869682485831472e+00 1.629664126945213676e+00 1.225471957904722187e+00
2.446451051496123963e+00 1.631158029798393638e+00 1.224790543454513436e+00
2.451032420506416454e+00 1.632653302102921034e+00 1.224107271765427551e+00
2.455613789516708501e+00 1.634149945114163449e+00 1.223422159588611446e+00
2.460195158527000991e+00 1.635647960088639108e+00 1.222735223565835749e+00
2.464776527537293482e+00 1.637147348284018200e+00 1.222046480230192911e+00
2.469357896547585529e+00 1.638648110959123327e+00 1.221355946006791982e+00
2.473939265557878020e+00 1.640150249373931723e+00 1.220663637213443842e+00
2.478520634568170511e+00 1.641653764789575254e+00 1.219969570061348429e+00
2.483102003578463002e+00 1.643158658468341971e+00 1.219273760655770644e+00
2.487683372588755049e+00 1.644664931673676778e+00 1.218576224996720692e+00
2.492264741599047539e+00 1.646172585670183208e+00 1.217876978979620661e+00
2.496846110609340030e+00 1.647681621723623868e+00 1.217176038395973103e+00
2.501427479619632521e+00 1.649192041100921768e+00 1.216473418934023387e+00
2.506008848629924568e+00 1.650703845070160547e+00 1.215769136179418730e+00
2.510590217640217059e+00 1.652217034900587578e+00 1.215063205615859232e+00
2.515171586650509550e+00 1.653731611862613082e+00 1.214355642625750908e+00
2.519752955660801597e+00 1.655247577227811240e+00 1.213646462490849620e+00
2.524334324671094087e+00 1.656764932268923296e+00 1.212935680392901450e+00
2.528915693681386578e+00 1.658283678259856009e+00 1.212223311414283966e+00
2.533497062691679069e+00 1.659803816475684535e+00 1.211509370538633279e+00
2.538078431701971116e+00 1.661325348192652207e+00 1.210793872651479974e+00
2.542659800712263607e+00 1.662848274688173200e+00 1.210076832540869285e+00
2.547241169722556098e+00 1.664372597240832308e+00 1.209358264897983259e+00
2.551822538732848145e+00 1.665898317130385831e+00 1.208638184317759823e+00
2.556403907743140635e+00 1.667425435637764242e+00 1.207916605299503843e+00
2.560985276753433126e+00 1.668953954045071297e+00 1.207193542247497531e+00
2.565566645763725617e+00 1.670483873635586924e+00 1.206469009471604625e+00
2.570148014774017664e+00 1.672015195693766332e+00 1.205743021187873687e+00
2.574729383784310155e+00 1.673547921505243341e+00 1.205015591519132956e+00
2.579310752794602646e+00 1.675082052356829720e+00 1.204286734495588096e+00
2.583892121804894693e+00 1.676617589536516295e+00 1.203556464055407504e+00
2.588473490815187184e+00 1.678154534333476056e+00 1.202824794045311840e+00
2.593054859825479674e+00 1.679692888038062160e+00 1.202091738221155337e+00
2.597636228835772165e+00 1.681232651941811929e+00 1.201357310248504451e+00
2.602217597846064212e+00 1.682773827337445516e+00 1.200621523703212068e+00
2.606798966856356703e+00 1.684316415518869237e+00 1.199884392071991046e+00
2.611380335866649194e+00 1.685860417781174680e+00 1.199145928752978874e+00
2.615961704876941685e+00 1.687405835420640932e+00 1.198406147056304327e+00
2.620543073887233732e+00 1.688952669734735013e+00 1.197665060204646581e+00
2.625124442897526222e+00 1.690500922022114105e+00 1.196922681333791205e+00
2.629705811907818713e+00 1.692050593582625106e+00 1.196179023493185278e+00
2.634287180918110760e+00 1.693601685717306626e+00 1.195434099646485615e+00
2.638868549928403251e+00 1.695154199728390765e+00 1.194687922672104774e+00
2.643449918938695742e+00 1.696708136919302001e+00 1.193940505363755289e+00
2.648031287948988233e+00 1.698263498594660525e+00 1.193191860430987683e+00
2.652612656959280280e+00 1.699820286060282237e+00 1.192442000499725596e+00
2.657194025969572770e+00 1.701378500623180301e+00 1.191690938112799802e+00
2.661775394979865261e+00 1.702938143591565590e+00 1.190938685730474678e+00
2.666356763990157308e+00 1.704499216274848461e+00 1.190185255730976888e+00
2.670938133000449799e+00 1.706061719983639646e+00 1.189430660411014529e+00
2.675519502010742290e+00 1.707625656029751138e+00 1.188674911986297600e+00
2.680100871021034781e+00 1.709191025726197743e+00 1.187918022592053147e+00
2.684682240031326828e+00 1.710757830387197309e+00 1.187160004283537296e+00
2.689263609041619318e+00 1.712326071328173160e+00 1.186400869036542849e+00
2.693844978051911809e+00 1.713895749865754103e+00 1.185640628747908210e+00
2.698426347062203856e+00 1.715466867317775757e+00 1.184879295236016539e+00
2.703007716072496347e+00 1.717039425003281883e+00 1.184116880241296688e+00
2.707589085082788838e+00 1.718613424242525944e+00 1.183353395426718135e+00
2.712170454093081329e+00 1.720188866356970436e+00 1.182588852378284372e+00
2.716751823103373376e+00 1.721765752669290439e+00 1.181823262605523617e+00
2.721333192113665866e+00 1.723344084503372953e+00 1.181056637541972432e+00
2.725914561123958357e+00 1.724923863184318895e+00 1.180288988545661999e+00
2.730495930134250848e+00 1.726505090038443324e+00 1.179520326899597737e+00
2.735077299144542895e+00 1.728087766393277880e+00 1.178750663812234922e+00
2.739658668154835386e+00 1.729671893577570341e+00 1.177980010417954970e+00
2.744240037165127877e+00 1.731257472921287066e+00 1.177208377777536175e+00
2.748821406175419924e+00 1.732844505755613440e+00 1.176435776878620221e+00
2.753402775185712414e+00 1.734432993412955426e+00 1.175662218636179590e+00
2.757984144196004905e+00 1.736022937226939789e+00 1.174887713892977636e+00
2.762565513206297396e+00 1.737614338532416536e+00 1.174112273420030217e+00
2.767146882216589443e+00 1.739207198665458254e+00 1.173335907917059551e+00
2.771728251226881934e+00 1.740801518963363881e+00 1.172558628012949189e+00
2.776309620237174425e+00 1.742397300764656931e+00 1.171780444266193211e+00
2.780890989247466472e+00 1.743994545409088159e+00 1.171001367165345863e+00
2.785472358257758962e+00 1.745593254237637115e+00 1.170221407129463431e+00
2.790053727268051453e+00 1.747193428592511921e+00 1.169440574508549657e+00
2.794635096278343944e+00 1.748795069817151493e+00 1.168658879583990062e+00
2.799216465288635991e+00 1.750398179256225539e+00 1.167876332568993147e+00
2.803797834298928482e+00 1.752002758255637893e+00 1.167092943609021827e+00
2.808379203309220973e+00 1.753608808162524735e+00 1.166308722782221752e+00
2.812960572319513464e+00 1.755216330325257701e+00 1.165523680099853410e+00
2.817541941329805510e+00 1.756825326093444550e+00 1.164737825506715341e+00
2.822123310340098001e+00 1.758435796817930274e+00 1.163951168881564913e+00
2.826704679350390492e+00 1.760047743850797763e+00 1.163163720037542648e+00
2.831286048360682539e+00 1.761661168545369582e+00 1.162375488722583672e+00
2.835867417370975030e+00 1.763276072256209304e+00 1.161586484619836046e+00
2.840448786381267521e+00 1.764892456339121507e+00 1.160796717348073548e+00
2.845030155391560012e+00 1.766510322151154222e+00 1.160006196462099792e+00
2.849611524401852058e+00 1.768129671050598706e+00 1.159214931453160347e+00
2.854192893412144549e+00 1.769750504396992552e+00 1.158422931749341966e+00
2.858774262422437040e+00 1.771372823551118580e+00 1.157630206715978050e+00
2.863355631432729087e+00 1.772996629875007057e+00 1.156836765656044985e+00
2.867937000443021578e+00 1.774621924731937916e+00 1.156042617810558504e+00
2.872518369453314069e+00 1.776248709486439425e+00 1.155247772358968250e+00
2.877099738463606560e+00 1.777876985504291740e+00 1.154452238419549470e+00
2.881681107473898606e+00 1.779506754152526016e+00 1.153656025049790035e+00
2.886262476484191097e+00 1.781138016799427515e+00 1.152859141246778574e+00
2.890843845494483588e+00 1.782770774814535608e+00 1.152061595947585948e+00
2.895425214504775635e+00 1.784405029568644663e+00 1.151263398029649387e+00
2.900006583515068126e+00 1.786040782433806040e+00 1.150464556311149300e+00
2.904587952525360617e+00 1.787678034783328318e+00 1.149665079551386082e+00
2.909169321535653108e+00 1.789316787991779956e+00 1.148864976451155151e+00
2.913750690545945154e+00 1.790957043434988183e+00 1.148064255653117982e+00
2.918332059556237645e+00 1.792598802490042997e+00 1.147262925742170703e+00
2.922913428566530136e+00 1.794242066535295388e+00 1.146460995245812908e+00
2.927494797576822627e+00 1.795886836950360665e+00 1.145658472634510261e+00
2.932076166587114674e+00 1.797533115116118019e+00 1.144855366322058643e+00
2.936657535597407165e+00 1.799180902414713623e+00 1.144051684665941870e+00
2.941238904607699656e+00 1.800830200229559974e+00 1.143247435967692072e+00
2.945820273617991703e+00 1.802481009945337442e+00 1.142442628473242738e+00
2.950401642628284193e+00 1.804133332947996493e+00 1.141637270373283997e+00
2.954983011638576684e+00 1.805787170624757687e+00 1.140831369803611217e+00
2.959564380648869175e+00 1.807442524364113012e+00 1.140024934845474958e+00
2.964145749659161222e+00 1.809099395555827217e+00 1.139217973525928906e+00
2.968727118669453713e+00 1.810757785590940250e+00 1.138410493818169611e+00
2.973308487679746204e+00 1.812417695861765488e+00 1.137602503641884200e+00
2.977889856690038251e+00 1.814079127761893950e+00 1.136794010863584559e+00
2.982471225700330741e+00 1.815742082686193193e+00 1.135985023296950835e+00
2.987052594710623232e+00 1.817406562030810413e+00 1.135175548703161397e+00
2.991633963720915723e+00 1.819072567193171563e+00 1.134365594791230114e+00
2.996215332731207770e+00 1.820740099571984461e+00 1.133555169218336323e+00
3.000796701741500261e+00 1.822409160567238784e+00 1.132744279590152781e+00
3.005378070751792752e+00 1.824079751580207853e+00 1.131932933461174962e+00
3.009959439762085243e+00 1.825751874013448850e+00 1.131121138335044796e+00
3.014540808772377289e+00 1.827425529270805260e+00 1.130308901664873522e+00
3.019122177782669780e+00 1.829100718757407540e+00 1.129496230853562766e+00
3.023703546792962271e+00 1.830777443879673783e+00 1.128683133254122506e+00
3.028284915803254318e+00 1.832455706045311272e+00 1.127869616169990374e+00
3.032866284813546809e+00 1.834135506663318482e+00 1.127055686855342298e+00
3.037447653823839300e+00 1.835816847143984853e+00 1.126241352515410021e+00
3.042029022834131791e+00 1.837499728898893014e+00 1.125426620306787528e+00
3.046610391844423837e+00 1.839184153340918781e+00 1.124611497337742572e+00
3.051191760854716328e+00 1.840870121884234267e+00 1.123795990668523093e+00
3.055773129865008819e+00 1.842557635944307215e+00 1.122980107311660092e+00
3.060354498875300866e+00 1.844246696937902774e+00 1.122163854232273605e+00
3.064935867885593357e+00 1.845937306283085944e+00 1.121347238348370468e+00
3.069517236895885848e+00 1.847629465399220239e+00 1.120530266531147179e+00
3.074098605906178339e+00 1.849323175706971245e+00 1.119712945605282783e+00
3.078679974916470385e+00 1.851018438628306173e+00 1.118895282349237963e+00
3.083261343926762876e+00 1.852715255586496745e+00 1.118077283495545693e+00
3.087842712937055367e+00 1.854413628006118531e+00 1.117258955731103676e+00
3.092424081947347414e+00 1.856113557313052720e+00 1.116440305697465218e+00
3.097005450957639905e+00 1.857815044934489013e+00 1.115621339991124339e+00
3.101586819967932396e+00 1.859518092298923841e+00 1.114802065163805311e+00
3.106168188978224887e+00 1.861222700836164146e+00 1.113982487722743775e+00
3.110749557988516933e+00 1.862928871977326706e+00 1.113162614130970507e+00
3.115330926998809424e+00 1.864636607154841474e+00 1.112342450807591199e+00
3.119912296009101915e+00 1.866345907802450244e+00 1.111522004128066010e+00
3.124493665019394406e+00 1.868056775355209753e+00 1.110701280424487125e+00
3.129075034029686453e+00 1.869769211249492136e+00 1.109880285985852311e+00
3.133656403039978944e+00 1.871483216922986026e+00 1.109059027058339142e+00
3.138237772050271435e+00 1.873198793814698115e+00 1.108237509845577895e+00
3.142819141060563481e+00 1.874915943364954263e+00 1.107415740508920443e+00
3.147400510070855972e+00 1.876634667015401048e+00 1.106593725167706932e+00
3.151981879081148463e+00 1.878354966209005994e+00 1.105771469899536452e+00
3.156563248091440954e+00 1.880076842390059344e+00 1.104948980740528608e+00
3.161144617101733001e+00 1.881800297004175837e+00 1.104126263685587528e+00
3.165725986112025492e+00 1.883525331498295152e+00 1.103303324688664100e+00
3.170307355122317983e+00 1.885251947320683241e+00 1.102480169663015319e+00
3.174888724132610029e+00 1.886980145920933660e+00 1.101656804481463192e+00
3.179470093142902520e+00 1.888709928749969125e+00 1.100833234976649644e+00
3.184051462153195011e+00 1.890441297260042175e+00 1.100009466941293423e+00
3.188632831163487502e+00 1.892174252904736731e+00 1.099185506128441903e+00
3.193214200173779549e+00 1.893908797138968758e+00 1.098361358251724207e+00
3.197795569184072040e+00 1.895644931418988710e+00 1.097537028985600793e+00
3.202376938194364531e+00 1.897382657202381528e+00 1.096712523965611030e+00
3.206958307204656577e+00 1.899121975948067975e+00 1.095887848788621666e+00
3.211539676214949068e+00 1.900862889116306853e+00 1.095063009013070854e+00
3.216121045225241559e+00 1.902605398168695228e+00 1.094238010159213959e+00
3.220702414235534050e+00 1.904349504568169982e+00 1.093412857709362473e+00
3.225283783245826097e+00 1.906095209779009148e+00 1.092587557108129381e+00
3.229865152256118588e+00 1.907842515266833239e+00 1.091762113762663855e+00
3.234446521266411079e+00 1.909591422498605917e+00 1.090936533042890622e+00
3.239027890276703570e+00 1.911341932942635768e+00 1.090110820281749104e+00
3.243609259286995616e+00 1.913094048068577413e+00 1.089284980775422573e+00
3.248190628297288107e+00 1.914847769347432838e+00 1.088459019783575732e+00
3.252771997307580598e+00 1.916603098251552062e+00 1.087632942529584978e+00
3.257353366317872645e+00 1.918360036254635137e+00 1.086806754200766889e+00
3.261934735328165136e+00 1.920118584831733033e+00 1.085980459948610921e+00
3.266516104338457627e+00 1.921878745459248750e+00 1.085154064889003012e+00
3.271097473348750118e+00 1.923640519614938871e+00 1.084327574102453395e+00
3.275678842359042164e+00 1.925403908777914230e+00 1.083500992634321092e+00
3.280260211369334655e+00 1.927168914428642355e+00 1.082674325495035950e+00
3.284841580379627146e+00 1.928935538048947018e+00 1.081847577660320026e+00
3.289422949389919193e+00 1.930703781122010687e+00 1.081020754071410073e+00
3.294004318400211684e+00 1.932473645132375850e+00 1.080193859635273590e+00
3.298585687410504175e+00 1.934245131565945242e+00 1.079366899224828202e+00
3.303167056420796666e+00 1.936018241909984061e+00 1.078539877679155712e+00
3.307748425431088712e+00 1.937792977653120863e+00 1.077712799803720145e+00
3.312329794441381203e+00 1.939569340285348886e+00 1.076885670370576475e+00
3.316911163451673694e+00 1.941347331298026946e+00 1.076058494118586006e+00
3.321492532461966185e+00 1.943126952183881206e+00 1.075231275753626425e+00
3.326073901472258232e+00 1.944908204437006072e+00 1.074404019948800082e+00
3.330655270482550723e+00 1.946691089552865961e+00 1.073576731344642488e+00
3.335236639492843214e+00 1.948475609028295752e+00 1.072749414549328595e+00
3.339818008503135260e+00 1.950261764361502337e+00 1.071922074138879521e+00
3.344399377513427751e+00 1.952049557052066397e+00 1.071094714657363500e+00
3.348980746523720242e+00 1.953838988600943294e+00 1.070267340617102159e+00
3.353562115534012733e+00 1.955630060510463952e+00 1.069439956498869915e+00
3.358143484544304780e+00 1.957422774284336420e+00 1.068612566752094262e+00
3.362724853554597271e+00 1.959217131427648084e+00 1.067785175795054498e+00
3.367306222564889762e+00 1.961013133446864787e+00 1.066957788015081565e+00
3.371887591575181808e+00 1.962810781849834152e+00 1.066130407768750343e+00
3.376468960585474299e+00 1.964610078145785810e+00 1.065303039382078154e+00
3.381050329595766790e+00 1.966411023845332728e+00 1.064475687150718164e+00
3.385631698606059281e+00 1.968213620460472990e+00 1.063648355340150564e+00
3.390213067616351328e+00 1.970017869504590236e+00 1.062821048185873973e+00
3.394794436626643819e+00 1.971823772492456106e+00 1.061993769893598394e+00
3.399375805636936310e+00 1.973631330940230244e+00 1.061166524639431508e+00
3.403957174647228356e+00 1.975440546365462291e+00 1.060339316570067414e+00
3.408538543657520847e+00 1.977251420287093220e+00 1.059512149802972703e+00
3.413119912667813338e+00 1.979063954225456223e+00 1.058685028426573860e+00
3.417701281678105829e+00 1.980878149702278046e+00 1.057857956500437568e+00
3.422282650688397876e+00 1.982694008240680539e+00 1.057030938055459668e+00
3.426864019698690367e+00 1.984511531365181991e+00 1.056203977094040125e+00
3.431445388708982858e+00 1.986330720601698019e+00 1.055377077590270662e+00
3.436026757719275349e+00 1.988151577477542675e+00 1.054550243490108841e+00
3.440608126729567395e+00 1.989974103521430671e+00 1.053723478711560135e+00
3.445189495739859886e+00 1.991798300263477817e+00 1.052896787144853796e+00
3.449770864750152377e+00 1.993624169235202803e+00 1.052070172652619817e+00
3.454352233760444424e+00 1.995451711969527864e+00 1.051243639070062574e+00
3.458933602770736915e+00 1.997280930000780552e+00 1.050417190205136464e+00
3.463514971781029406e+00 1.999111824864695297e+00 1.049590829838718653e+00
3.468096340791321897e+00 2.000944398098413846e+00 1.048764561724780497e+00
3.472677709801613943e+00 2.002778651240487040e+00 1.047938389590557628e+00
3.477259078811906434e+00 2.004614585830876816e+00 1.047112317136720705e+00
3.481840447822198925e+00 2.006452203410955537e+00 1.046286348037544389e+00
3.486421816832490972e+00 2.008291505523509990e+00 1.045460485941072326e+00
3.491003185842783463e+00 2.010132493712740498e+00 1.044634734469286785e+00
3.495584554853075954e+00 2.011975169524262252e+00 1.043809097218272530e+00
3.500165923863368445e+00 2.013819534505108866e+00 1.042983577758380465e+00
3.504747292873660491e+00 2.015665590203730595e+00 1.042158179634392612e+00
3.509328661883952982e+00 2.017513338169997894e+00 1.041332906365683098e+00
3.513910030894245473e+00 2.019362779955201859e+00 1.040507761446380242e+00
3.518491399904537964e+00 2.021213917112056002e+00 1.039682748345525543e+00
3.523072768914830011e+00 2.023066751194696256e+00 1.038857870507235104e+00
3.527654137925122502e+00 2.024921283758684076e+00 1.038033131350855287e+00
3.532235506935414993e+00 2.026777516361006892e+00 1.037208534271121474e+00
3.536816875945707039e+00 2.028635450560079434e+00 1.036384082638314830e+00
3.541398244955999530e+00 2.030495087915743735e+00 1.035559779798415736e+00
3.545979613966292021e+00 2.032356429989273128e+00 1.034735629073259000e+00
3.550560982976584512e+00 2.034219478343372245e+00 1.033911633760687510e+00
3.555142351986876559e+00 2.036084234542177018e+00 1.033087797134704333e+00
3.559723720997169050e+00 2.037950700151258676e+00 1.032264122445622823e+00
3.564305090007461541e+00 2.039818876737622411e+00 1.031440612920218713e+00
3.568886459017753587e+00 2.041688765869710043e+00 1.030617271761879561e+00
3.573467828028046078e+00 2.043560369117402242e+00 1.029794102150751289e+00
3.578049197038338569e+00 2.045433688052017640e+00 1.028971107243887628e+00
3.582630566048631060e+00 2.047308724246315492e+00 1.028148290175396440e+00
3.587211935058923107e+00 2.049185479274497013e+00 1.027325654056584270e+00
3.591793304069215598e+00 2.051063954712206705e+00 1.026503201976102009e+00
3.596374673079508089e+00 2.052944152136532807e+00 1.025680937000089221e+00
3.600956042089800135e+00 2.054826073126009511e+00 1.024858862172316698e+00
3.605537411100092626e+00 2.056709719260618296e+00 1.024036980514327233e+00
3.610118780110385117e+00 2.058595092121789261e+00 1.023215295025578842e+00
3.614700149120677608e+00 2.060482193292401565e+00 1.022393808683583094e+00
3.619281518130969655e+00 2.062371024356785210e+00 1.021572524444045893e+00
3.623862887141262146e+00 2.064261586900723255e+00 1.020751445241006472e+00
3.628444256151554637e+00 2.066153882511452267e+00 1.019930573986972178e+00
3.633025625161847127e+00 2.068047912777663200e+00 1.019109913573057913e+00
3.637606994172139174e+00 2.069943679289503624e+00 1.018289466869121584e+00
3.642188363182431665e+00 2.071841183638579942e+00 1.017469236723897774e+00
3.646769732192724156e+00 2.073740427417956500e+00 1.016649225965132741e+00
3.651351101203016203e+00 2.075641412222156923e+00 1.015829437399719426e+00
3.655932470213308694e+00 2.077544139647168997e+00 1.015009873813825791e+00
3.660513839223601185e+00 2.079448611290442006e+00 1.014190537973030493e+00
3.665095208233893675e+00 2.081354828750889396e+00 1.013371432622452550e+00
3.669676577244185722e+00 2.083262793628890996e+00 1.012552560486879694e+00
3.674257946254478213e+00 2.085172507526293462e+00 1.011733924270899809e+00
3.678839315264770704e+00 2.087083972046412050e+00 1.010915526659027064e+00
3.683420684275062751e+00 2.088997188794031068e+00 1.010097370315831800e+00
3.688002053285355242e+00 2.090912159375407420e+00 1.009279457886064879e+00
3.692583422295647733e+00 2.092828885398268390e+00 1.008461791994786472e+00
3.697164791305940224e+00 2.094747368471817417e+00 1.007644375247487289e+00
3.701746160316232270e+00 2.096667610206730537e+00 1.006827210230217151e+00
3.706327529326524761e+00 2.098589612215162159e+00 1.006010299509705330e+00
3.710908898336817252e+00 2.100513376110743735e+00 1.005193645633485122e+00
3.715490267347109299e+00 2.102438903508586421e+00 1.004377251130014859e+00
3.720071636357401790e+00 2.104366196025281521e+00 1.003561118508800032e+00
3.724653005367694281e+00 2.106295255278902268e+00 1.002745250260512755e+00
3.729234374377986772e+00 2.108226082889005149e+00 1.001929648857112110e+00
3.733815743388278818e+00 2.110158680476631687e+00 1.001114316751963829e+00
3.738397112398571309e+00 2.112093049664309330e+00 1.000299256379955981e+00
3.742978481408863800e+00 2.114029192076052333e+00 9.994844701576196533e-01
3.747559850419156291e+00 2.115967109337364427e+00 9.986699604832431909e-01
3.752141219429448338e+00 2.117906803075238376e+00 9.978557297369899937e-01
3.756722588439740829e+00 2.119848274918159969e+00 9.970417802810114249e-01
3.761303957450033320e+00 2.121791526496106250e+00 9.962281144595644955e-01
3.765885326460325366e+00 2.123736559440549065e+00 9.954147345991226636e-01
3.770466695470617857e+00 2.125683375384456397e+00 9.946016430084905213e-01
3.775048064480910348e+00 2.127631975962291921e+00 9.937888419789160377e-01
3.779629433491202839e+00 2.129582362810019447e+00 9.929763337842019144e-01
3.784210802501494886e+00 2.131534537565100251e+00 9.921641206808166080e-01
3.788792171511787377e+00 2.133488501866498410e+00 9.913522049080045750e-01
3.793373540522079868e+00 2.135444257354679465e+00 9.905405886878959620e-01
3.797954909532371914e+00 2.137401805671612642e+00 9.897292742256156295e-01
3.802536278542664405e+00 2.139361148460773965e+00 9.889182637093903994e-01
3.807117647552956896e+00 2.141322287367144028e+00 9.881075593106573018e-01
3.811699016563249387e+00 2.143285224037212000e+00 9.872971631841713780e-01
3.816280385573541434e+00 2.145249960118976951e+00 9.864870774681100407e-01
3.820861754583833925e+00 2.147216497261948298e+00 9.856773042841792121e-01
3.825443123594126416e+00 2.149184837117147584e+00 9.848678457377180173e-01
3.830024492604418906e+00 2.151154981337109362e+00 9.840587039178041451e-01
3.834605861614710953e+00 2.153126931575883418e+00 9.832498808973553217e-01
3.839187230625003444e+00 2.155100689489036547e+00 9.824413787332338943e-01
3.843768599635295935e+00 2.157076256733652109e+00 9.816331994663474170e-01
3.848349968645587982e+00 2.159053634968332247e+00 9.808253451217529006e-01
3.852931337655880473e+00 2.161032825853201000e+00 9.800178177087537357e-01
3.857512706666172964e+00 2.163013831049902969e+00 9.792106192210037197e-01
3.862094075676465454e+00 2.164996652221606865e+00 9.784037516366044240e-01
3.866675444686757501e+00 2.166981291033005075e+00 9.775972169182055582e-01
3.871256813697049992e+00 2.168967749150316315e+00 9.767910170131023362e-01
3.875838182707342483e+00 2.170956028241287417e+00 9.759851538533336202e-01
3.880419551717634530e+00 2.172946129975192875e+00 9.751796293557793982e-01
3.885000920727927021e+00 2.174938056022838850e+00 9.743744454222567075e-01
3.889582289738219512e+00 2.176931808056561835e+00 9.735696039396166679e-01
3.894163658748512002e+00 2.178927387750231315e+00 9.727651067798384066e-01
3.898745027758804049e+00 2.180924796779251995e+00 9.719609558001245375e-01
3.903326396769096540e+00 2.182924036820564240e+00 9.711571528429959743e-01
3.907907765779389031e+00 2.184925109552645850e+00 9.703536997363831906e-01
3.912489134789681078e+00 2.186928016655512064e+00 9.695505982937228096e-01
3.917070503799973569e+00 2.188932759810719553e+00 9.687478503140463104e-01
3.921651872810266060e+00 2.190939340701365978e+00 9.679454575820740647e-01
3.926233241820558550e+00 2.192947761012091767e+00 9.671434218683055972e-01
3.930814610830850597e+00 2.194958022429081002e+00 9.663417449291111794e-01
3.935395979841143088e+00 2.196970126640065857e+00 9.655404285068200920e-01
3.939977348851435579e+00 2.198984075334322608e+00 9.647394743298126629e-01
3.944558717861728070e+00 2.200999870202677844e+00 9.639388841126068641e-01
3.949140086872020117e+00 2.203017512937508027e+00 9.631386595559475738e-01
3.953721455882312608e+00 2.205037005232740821e+00 9.623388023468951724e-01
3.958302824892605098e+00 2.207058348783855983e+00 9.615393141589118065e-01
3.962884193902897145e+00 2.209081545287888027e+00 9.607401966519483194e-01
3.967465562913189636e+00 2.211106596443427996e+00 9.599414514725307379e-01
3.972046931923482127e+00 2.213133503950623027e+00 9.591430802538453149e-01
3.976628300933774618e+00 2.215162269511179005e+00 9.583450846158244607e-01
3.981209669944066665e+00 2.217192894828361460e+00 9.575474661652306763e-01
3.985791038954359156e+00 2.219225381606997782e+00 9.567502264957408187e-01
3.990372407964651646e+00 2.221259731553478112e+00 9.559533671880294792e-01
3.994953776974943693e+00 2.223295946375756671e+00 9.551568898098516947e-01
3.999535145985236184e+00 2.225334027783353097e+00 9.543607959161263254e-01
4.004116514995528675e+00 2.227373977487354662e+00 9.535650870490173237e-01
4.008697884005821166e+00 2.229415797200416716e+00 9.527697647380148904e-01
4.013279253016113657e+00 2.231459488636764910e+00 9.519748305000167443e-01
4.017860622026406148e+00 2.233505053512196525e+00 9.511802858394083904e-01
4.022441991036697750e+00 2.235552493544080921e+00 9.503861322481437224e-01
4.027023360046990241e+00 2.237601810451362194e+00 9.495923712058230715e-01
4.031604729057282732e+00 2.239653005954560516e+00 9.487990041797738083e-01
4.036186098067575223e+00 2.241706081775773018e+00 9.480060326251263936e-01
4.040767467077867714e+00 2.243761039638675125e+00 9.472134579848944247e-01
4.045348836088160205e+00 2.245817881268522775e+00 9.464212816900517966e-01
4.049930205098452696e+00 2.247876608392152864e+00 9.456295051596080858e-01
4.054511574108744298e+00 2.249937222737985909e+00 9.448381298006868212e-01
4.059092943119036789e+00 2.251999726036026939e+00 9.440471570085999797e-01
4.063674312129329280e+00 2.254064120017866824e+00 9.432565881669242591e-01
4.068255681139621771e+00 2.256130406416682721e+00 9.424664246475770168e-01
4.072837050149914262e+00 2.258198586967241628e+00 9.416766678108881017e-01
4.077418419160206753e+00 2.260268663405900824e+00 9.408873190056767921e-01
4.081999788170499244e+00 2.262340637470608318e+00 9.400983795693236278e-01
4.086581157180790846e+00 2.264414510900906397e+00 9.393098508278441283e-01
4.091162526191083337e+00 2.266490285437932073e+00 9.385217340959621790e-01
4.095743895201375828e+00 2.268567962824417084e+00 9.377340306771807521e-01
4.100325264211668319e+00 2.270647544804692330e+00 9.369467418638546263e-01
4.104906633221960810e+00 2.272729033124686104e+00 9.361598689372621074e-01
4.109488002232253301e+00 2.274812429531928970e+00 9.353734131676743058e-01
4.114069371242545792e+00 2.276897735775551546e+00 9.345873758144278565e-01
4.118650740252837394e+00 2.278984953606288943e+00 9.338017581259929756e-01
4.123232109263129885e+00 2.281074084776482103e+00 9.330165613400438485e-01
4.127813478273422376e+00 2.283165131040076457e+00 9.322317866835274636e-01
4.132394847283714867e+00 2.285258094152625929e+00 9.314474353727328904e-01
4.136976216294007358e+00 2.287352975871294269e+00 9.306635086133583368e-01
4.141557585304299849e+00 2.289449777954855492e+00 9.298800076005804272e-01
4.146138954314592340e+00 2.291548502163695655e+00 9.290969335191208156e-01
4.150720323324883942e+00 2.293649150259815084e+00 9.283142875433129104e-01
4.155301692335176433e+00 2.295751724006830141e+00 9.275320708371682654e-01
4.159883061345468924e+00 2.297856225169971900e+00 9.267502845544441925e-01
4.164464430355761415e+00 2.299962655516090582e+00 9.259689298387081546e-01
4.169045799366053906e+00 2.302071016813656446e+00 9.251880078234028248e-01
4.173627168376346397e+00 2.304181310832760232e+00 9.244075196319121446e-01
4.178208537386638888e+00 2.306293539345115828e+00 9.236274663776251614e-01
4.182789906396931379e+00 2.308407704124061155e+00 9.228478491639996451e-01
4.187371275407222981e+00 2.310523806944559055e+00 9.220686690846268130e-01
4.191952644417515472e+00 2.312641849583200404e+00 9.212899272232942804e-01
4.196534013427807963e+00 2.314761833818204551e+00 9.205116246540475666e-01
4.201115382438100454e+00 2.316883761429420652e+00 9.197337624412551538e-01
4.205696751448392945e+00 2.319007634198328560e+00 9.189563416396688833e-01
4.210278120458685436e+00 2.321133453908043265e+00 9.181793632944849071e-01
4.214859489468977927e+00 2.323261222343312227e+00 9.174028284414076362e-01
4.219440858479269529e+00 2.325390941290520264e+00 9.166267381067079167e-01
4.224022227489562020e+00 2.327522612537689550e+00 9.158510933072854243e-01
4.228603596499854511e+00 2.329656237874481395e+00 9.150758950507277278e-01
4.233184965510147002e+00 2.331791819092196683e+00 9.143011443353714629e-01
4.237766334520439493e+00 2.333929357983779873e+00 9.135268421503597303e-01
4.242347703530731984e+00 2.336068856343818112e+00 9.127529894757030471e-01
4.246929072541024475e+00 2.338210315968543895e+00 9.119795872823371896e-01
4.251510441551316077e+00 2.340353738655835070e+00 9.112066365321813688e-01
4.256091810561608568e+00 2.342499126205220605e+00 9.104341381781959619e-01
4.260673179571901059e+00 2.344646480417875711e+00 9.096620931644416874e-01
4.265254548582193550e+00 2.346795803096629385e+00 9.088905024261343391e-01
4.269835917592486041e+00 2.348947096045961747e+00 9.081193668897036275e-01
4.274417286602778532e+00 2.351100361072006706e+00 9.073486874728493579e-01
4.278998655613071023e+00 2.353255599982555513e+00 9.065784650845963855e-01
4.283580024623362625e+00 2.355412814587054982e+00 9.058087006253525697e-01
4.288161393633655116e+00 2.357572006696611933e+00 9.050393949869615096e-01
4.292742762643947607e+00 2.359733178123992303e+00 9.042705490527597201e-01
4.297324131654240098e+00 2.361896330683625145e+00 9.035021636976308113e-01
4.301905500664532589e+00 2.364061466191600847e+00 9.027342397880597780e-01
4.306486869674825080e+00 2.366228586465676020e+00 9.019667781821875119e-01
4.311068238685117571e+00 2.368397693325273501e+00 9.011997797298633150e-01
4.315649607695409173e+00 2.370568788591483234e+00 9.004332452726999669e-01
4.320230976705701664e+00 2.372741874087065828e+00 8.996671756441255718e-01
4.324812345715994155e+00 2.374916951636451667e+00 8.989015716694364055e-01
4.329393714726286646e+00 2.377094023065744022e+00 8.981364341658505390e-01
4.333975083736579137e+00 2.379273090202719931e+00 8.973717639425582426e-01
4.338556452746871628e+00 2.381454154876831986e+00 8.966075618007748327e-01
4.343137821757164119e+00 2.383637218919210099e+00 8.958438285337909646e-01
4.347719190767455721e+00 2.385822284162662399e+00 8.950805649270259234e-01
4.352300559777748212e+00 2.388009352441677446e+00 8.943177717580754749e-01
4.356881928788040703e+00 2.390198425592425568e+00 8.935554497967648224e-01
4.361463297798333194e+00 2.392389505452759746e+00 8.927935998051974575e-01
4.366044666808625685e+00 2.394582593862217834e+00 8.920322225378056746e-01
4.370626035818918176e+00 2.396777692662024783e+00 8.912713187413989768e-01
4.375207404829210667e+00 2.398974803695092195e+00 8.905108891552147021e-01
4.379788773839502269e+00 2.401173928806021429e+00 8.897509345109662071e-01
4.384370142849794760e+00 2.403375069841106271e+00 8.889914555328908286e-01
4.388951511860087251e+00 2.405578228648330708e+00 8.882324529377998434e-01
4.393532880870379742e+00 2.407783407077373816e+00 8.874739274351253204e-01
4.398114249880672233e+00 2.409990606979610650e+00 8.867158797269671933e-01
4.402695618890964724e+00 2.412199830208112239e+00 8.859583105081419996e-01
4.407276987901257215e+00 2.414411078617650031e+00 8.852012204662298434e-01
4.411858356911549706e+00 2.416624354064693669e+00 8.844446102816202471e-01
4.416439725921841308e+00 2.418839658407415882e+00 8.836884806275592252e-01
4.421021094932133799e+00 2.421056993505693811e+00 8.829328321701952476e-01
4.425602463942426290e+00 2.423276361221106789e+00 8.821776655686258684e-01
4.430183832952718781e+00 2.425497763416943009e+00 8.814229814749425795e-01
4.434765201963011272e+00 2.427721201958197739e+00 8.806687805342766628e-01
4.439346570973303763e+00 2.429946678711575547e+00 8.799150633848440428e-01
4.443927939983596254e+00 2.432174195545493411e+00 8.791618306579898068e-01
4.448509308993887856e+00 2.434403754330079384e+00 8.784090829782332799e-01
4.453090678004180347e+00 2.436635356937177921e+00 8.776568209633122120e-01
4.457672047014472838e+00 2.438869005240347221e+00 8.769050452242259652e-01
4.462253416024765329e+00 2.441104701114864994e+00 8.761537563652797012e-01
4.466834785035057820e+00 2.443342446437726245e+00 8.754029549841286784e-01
4.471416154045350311e+00 2.445582243087647267e+00 8.746526416718196639e-01
4.475997523055642802e+00 2.447824092945067420e+00 8.739028170128348982e-01
4.480578892065934404e+00 2.450067997892148242e+00 8.731534815851348386e-01
4.485160261076226895e+00 2.452313959812778332e+00 8.724046359601992373e-01
4.489741630086519386e+00 2.454561980592572024e+00 8.716562807030711069e-01
4.494322999096811877e+00 2.456812062118872486e+00 8.709084163723969096e-01
4.498904368107104368e+00 2.459064206280753062e+00 8.701610435204686356e-01
4.503485737117396859e+00 2.461318414969019486e+00 8.694141626932652134e-01
4.508067106127689350e+00 2.463574690076208995e+00 8.686677744304938109e-01
4.512648475137980952e+00 2.465833033496595217e+00 8.679218792656301362e-01
4.517229844148273443e+00 2.468093447126188167e+00 8.671764777259580725e-01
4.521811213158565934e+00 2.470355932862735582e+00 8.664315703326123108e-01
4.526392582168858425e+00 2.472620492605724696e+00 8.656871576006162083e-01
4.530973951179150916e+00 2.474887128256384017e+00 8.649432400389225339e-01
4.535555320189443407e+00 2.477155841717685103e+00 8.641998181504527698e-01
4.540136689199735898e+00 2.479426634894344339e+00 8.634568924321360806e-01
4.544718058210027500e+00 2.481699509692822936e+00 8.627144633749492808e-01
4.549299427220319991e+00 2.483974468021330928e+00 8.619725314639541391e-01
4.553880796230612482e+00 2.486251511789827617e+00 8.612310971783364577e-01
4.558462165240904973e+00 2.488530642910022461e+00 8.604901609914461513e-01
4.563043534251197464e+00 2.490811863295377293e+00 8.597497233708322195e-01
4.567624903261489955e+00 2.493095174861108099e+00 8.590097847782827145e-01
4.572206272271782446e+00 2.495380579524187681e+00 8.582703456698619338e-01
4.576787641282074048e+00 2.497668079203344327e+00 8.575314064959468352e-01
4.581369010292366539e+00 2.499957675819066694e+00 8.567929677012650069e-01
4.585950379302659030e+00 2.502249371293603364e+00 8.560550297249320817e-01
4.590531748312951521e+00 2.504543167550965066e+00 8.553175930004869310e-01
4.595113117323244012e+00 2.506839066516925563e+00 8.545806579559290794e-01
4.599694486333536503e+00 2.509137070119025203e+00 8.538442250137545653e-01
4.604275855343828994e+00 2.511437180286570037e+00 8.531082945909922444e-01
4.608857224354121485e+00 2.513739398950636250e+00 8.523728670992387624e-01
4.613438593364413087e+00 2.516043728044068395e+00 8.516379429446951921e-01
4.618019962374705578e+00 2.518350169501484714e+00 8.509035225282011172e-01
4.622601331384998069e+00 2.520658725259275368e+00 8.501696062452707148e-01
4.627182700395290560e+00 2.522969397255606427e+00 8.494361944861269498e-01
4.631764069405583051e+00 2.525282187430420322e+00 8.487032876357365474e-01
4.636345438415875542e+00 2.527597097725438058e+00 8.479708860738445209e-01
4.640926807426168033e+00 2.529914130084160551e+00 8.472389901750079222e-01
4.645508176436459635e+00 2.532233286451869514e+00 8.465076003086301482e-01
4.650089545446752126e+00 2.534554568775631900e+00 8.457767168389941359e-01
4.654670914457044617e+00 2.536877979004297679e+00 8.450463401252975570e-01
4.659252283467337108e+00 2.539203519088503835e+00 8.443164705216847921e-01
4.663833652477629599e+00 2.541531190980675259e+00 8.435871083772796819e-01
4.668415021487922090e+00 2.543860996635027405e+00 8.428582540362195008e-01
4.672996390498214581e+00 2.546192938007566298e+00 8.421299078376878189e-01
4.677577759508506183e+00 2.548527017056091637e+00 8.414020701159459215e-01
4.682159128518798674e+00 2.550863235740197243e+00 8.406747412003661157e-01
4.686740497529091165e+00 2.553201596021273723e+00 8.399479214154635942e-01
4.691321866539383656e+00 2.555542099862509797e+00 8.392216110809280760e-01
4.695903235549676147e+00 2.557884749228892751e+00 8.384958105116562255e-01
4.700484604559968638e+00 2.560229546087213315e+00 8.377705200177822942e-01
4.705065973570261129e+00 2.562576492406062556e+00 8.370457399047097624e-01
4.709647342580552731e+00 2.564925590155837654e+00 8.363214704731434246e-01
4.714228711590845222e+00 2.567276841308742785e+00 8.355977120191184770e-01
4.718810080601137713e+00 2.569630247838788240e+00 8.348744648340328256e-01
4.723391449611430204e+00 2.571985811721794857e+00 8.341517292046772836e-01
4.727972818621722695e+00 2.574343534935394917e+00 8.334295054132657699e-01
4.732554187632015186e+00 2.576703419459032141e+00 8.327077937374651739e-01
4.737135556642307677e+00 2.579065467273967016e+00 8.319865944504257760e-01
4.741716925652599279e+00 2.581429680363273693e+00 8.312659078208113339e-01
4.746298294662891770e+00 2.583796060711846643e+00 8.305457341128280602e-01
4.750879663673184261e+00 2.586164610306398881e+00 8.298260735862539317e-01
4.755461032683476752e+00 2.588535331135464190e+00 8.291069264964692209e-01
4.760042401693769243e+00 2.590908225189399783e+00 8.283882930944839185e-01
4.764623770704061734e+00 2.593283294460387189e+00 8.276701736269680421e-01
4.769205139714354225e+00 2.595660540942433592e+00 8.269525683362788371e-01
4.773786508724645827e+00 2.598039966631374931e+00 8.262354774604909746e-01
4.778367877734938318e+00 2.600421573524877239e+00 8.255189012334235299e-01
4.782949246745230809e+00 2.602805363622436641e+00 8.248028398846688480e-01
4.787530615755523300e+00 2.605191338925382016e+00 8.240872936396208548e-01
4.792111984765815791e+00 2.607579501436877667e+00 8.233722627195015908e-01
4.796693353776108282e+00 2.609969853161924203e+00 8.226577473413904107e-01
4.801274722786400773e+00 2.612362396107359874e+00 8.219437477182501839e-01
4.805856091796693264e+00 2.614757132281862351e+00 8.212302640589558278e-01
4.810437460806984866e+00 2.617154063695950494e+00 8.205172965683199537e-01
4.815018829817277357e+00 2.619553192361987470e+00 8.198048454471212887e-01
4.819600198827569848e+00 2.621954520294180302e+00 8.190929108921308766e-01
4.824181567837862339e+00 2.624358049508582091e+00 8.183814930961377243e-01
4.828762936848154830e+00 2.626763782023094684e+00 8.176705922479777788e-01
4.833344305858447321e+00 2.629171719857468670e+00 8.169602085325573526e-01
4.837925674868739812e+00 2.631581865033307821e+00 8.162503421308808793e-01
4.842507043879031414e+00 2.633994219574067319e+00 8.155409932200773371e-01
4.847088412889323905e+00 2.636408785505059083e+00 8.148321619734240073e-01
4.851669781899616396e+00 2.638825564853449990e+00 8.141238485603744524e-01
4.856251150909908887e+00 2.641244559648265877e+00 8.134160531465824961e-01
4.860832519920201378e+00 2.643665771920392427e+00 8.127087758939285367e-01
4.865413888930493869e+00 2.646089203702577386e+00 8.120020169605435267e-01
4.869995257940786360e+00 2.648514857029431901e+00 8.112957765008349531e-01
4.874576626951077962e+00 2.650942733937430962e+00 8.105900546655117056e-01
4.879157995961370453e+00 2.653372836464918727e+00 8.098848516016079468e-01
4.883739364971662944e+00 2.655805166652105864e+00 8.091801674525088695e-01
4.888320733981955435e+00 2.658239726541073988e+00 8.084760023579742327e-01
4.892902102992247926e+00 2.660676518175777439e+00 8.077723564541622325e-01
4.897483472002540417e+00 2.663115543602042390e+00 8.070692298736552583e-01
4.902064841012832908e+00 2.665556804867572183e+00 8.063666227454816537e-01
4.906646210023124510e+00 2.668000304021945990e+00 8.056645351951415845e-01
4.911227579033417001e+00 2.670446043116623258e+00 8.049629673446293543e-01
4.915808948043709492e+00 2.672894024204942820e+00 8.042619193124569410e-01
4.920390317054001983e+00 2.675344249342126446e+00 8.035613912136784220e-01
4.924971686064294474e+00 2.677796720585279289e+00 8.028613831599115125e-01
4.929553055074586965e+00 2.680251439993392104e+00 8.021618952593624341e-01
4.934134424084879456e+00 2.682708409627344359e+00 8.014629276168478977e-01
4.938715793095171058e+00 2.685167631549903344e+00 8.007644803338171968e-01
4.943297162105463549e+00 2.687629107825728170e+00 8.000665535083766322e-01
4.947878531115756040e+00 2.690092840521370654e+00 7.993691472353102734e-01
4.952459900126048531e+00 2.692558831705275768e+00 7.986722616061031621e-01
4.957041269136341022e+00 2.695027083447786520e+00 7.979758967089634059e-01
4.961622638146633513e+00 2.697497597821141735e+00 7.972800526288446044e-01
4.966204007156926004e+00 2.699970376899481384e+00 7.965847294474668328e-01
4.970785376167217606e+00 2.702445422758845694e+00 7.958899272433400673e-01
4.975366745177510097e+00 2.704922737477180039e+00 7.951956460917830594e-01
4.979948114187802588e+00 2.707402323134331823e+00 7.945018860649482040e-01
4.984529483198095079e+00 2.709884181812056703e+00 7.938086472318409692e-01
4.989110852208387570e+00 2.712368315594018586e+00 7.931159296583413232e-01
4.993692221218680061e+00 2.714854726565791410e+00 7.924237334072244954e-01
4.998273590228972552e+00 2.717343416814860024e+00 7.917320585381846243e-01
5.002854959239265042e+00 2.719834388430624195e+00 7.910409051078511888e-01
5.007436328249556645e+00 2.722327643504397265e+00 7.903502731698140993e-01
5.012017697259849136e+00 2.724823184129412823e+00 7.896601627746407948e-01
5.016599066270141627e+00 2.727321012400819811e+00 7.889705739698992248e-01
5.021180435280434118e+00 2.729821130415689634e+00 7.882815068001771674e-01
5.025761804290726609e+00 2.732323540273016160e+00 7.875929613071021018e-01
5.030343173301019100e+00 2.734828244073716164e+00 7.869049375293627469e-01
5.034924542311311590e+00 2.737335243920633765e+00 7.862174355027267136e-01
5.039505911321603193e+00 2.739844541918539100e+00 7.855304552600632650e-01
5.044087280331895684e+00 2.742356140174134094e+00 7.848439968313599691e-01
5.048668649342188175e+00 2.744870040796050237e+00 7.841580602437445702e-01
5.053250018352480666e+00 2.747386245894851253e+00 7.834726455215040852e-01
5.057831387362773157e+00 2.749904757583037984e+00 7.827877526861031221e-01
5.062412756373065648e+00 2.752425577975045279e+00 7.821033817562039747e-01
5.066994125383358138e+00 2.754948709187247768e+00 7.814195327476861630e-01
5.071575494393649741e+00 2.757474153337958978e+00 7.807362056736643074e-01
5.076156863403942232e+00 2.760001912547437097e+00 7.800534005445075580e-01
5.080738232414234723e+00 2.762531988937880101e+00 7.793711173678584681e-01
5.085319601424527214e+00 2.765064384633434180e+00 7.786893561486514237e-01
5.089900970434819705e+00 2.767599101760191527e+00 7.780081168891319621e-01
5.094482339445112196e+00 2.770136142446193439e+00 7.773273995888737575e-01
5.099063708455404687e+00 2.772675508821432100e+00 7.766472042447978286e-01
5.103645077465696289e+00 2.775217203017851464e+00 7.759675308511911895e-01
5.108226446475988780e+00 2.777761227169351699e+00 7.752883793997236150e-01
5.112807815486281271e+00 2.780307583411787409e+00 7.746097498794667358e-01
5.117389184496573762e+00 2.782856273882972076e+00 7.739316422769109138e-01
5.121970553506866253e+00 2.785407300722678059e+00 7.732540565759852269e-01
5.126551922517158744e+00 2.787960666072640148e+00 7.725769927580711238e-01
5.131133291527451235e+00 2.790516372076555118e+00 7.719004508020241850e-01
5.135714660537742837e+00 2.793074420880086617e+00 7.712244306841882224e-01
5.140296029548035328e+00 2.795634814630864273e+00 7.705489323784151523e-01
5.144877398558327819e+00 2.798197555478485476e+00 7.698739558560800944e-01
5.149458767568620310e+00 2.800762645574520260e+00 7.691995010861001347e-01
5.154040136578912801e+00 2.803330087072509524e+00 7.685255680349496465e-01
5.158621505589205292e+00 2.805899882127968592e+00 7.678521566666788312e-01
5.163202874599497783e+00 2.808472032898388537e+00 7.671792669429297051e-01
5.167784243609789385e+00 2.811046541543238408e+00 7.665068988229525315e-01
5.172365612620081876e+00 2.813623410223967447e+00 7.658350522636225843e-01
5.176946981630374367e+00 2.816202641104005533e+00 7.651637272194571349e-01
5.181528350640666858e+00 2.818784236348765848e+00 7.644929236426306618e-01
5.186109719650959349e+00 2.821368198125646209e+00 7.638226414829927258e-01
5.190691088661251840e+00 2.823954528604032621e+00 7.631528806880822913e-01
5.195272457671544331e+00 2.826543229955297942e+00 7.624836412031454902e-01
5.199853826681835933e+00 2.829134304352806328e+00 7.618149229711503878e-01
5.204435195692128424e+00 2.831727753971915451e+00 7.611467259328028589e-01
5.209016564702420915e+00 2.834323580989975166e+00 7.604790500265634634e-01
5.213597933712713406e+00 2.836921787586332400e+00 7.598118951886621009e-01
5.218179302723005897e+00 2.839522375942331589e+00 7.591452613531138871e-01
5.222760671733298388e+00 2.842125348241316907e+00 7.584791484517339200e-01
5.227342040743590879e+00 2.844730706668634035e+00 7.578135564141543767e-01
5.231923409753883369e+00 2.847338453411631054e+00 7.571484851678383921e-01
5.236504778764174972e+00 2.849948590659661996e+00 7.564839346380952678e-01
5.241086147774467463e+00 2.852561120604088618e+00 7.558199047480955723e-01
5.245667516784759954e+00 2.855176045438280408e+00 7.551563954188871275e-01
5.250248885795052445e+00 2.857793367357617687e+00 7.544934065694086645e-01
5.254830254805344936e+00 2.860413088559492945e+00 7.538309381165056999e-01
5.259411623815637427e+00 2.863035211243313949e+00 7.531689899749443029e-01
5.263992992825929917e+00 2.865659737610503743e+00 7.525075620574257496e-01
5.268574361836221520e+00 2.868286669864502869e+00 7.518466542746029546e-01
5.273155730846514011e+00 2.870916010210774250e+00 7.511862665350911294e-01
5.277737099856806502e+00 2.873547760856800526e+00 7.505263987454858787e-01
5.282318468867098993e+00 2.876181924012088054e+00 7.498670508103756349e-01
5.286899837877391484e+00 2.878818501888168679e+00 7.492082226323564242e-01
5.291481206887683975e+00 2.881457496698601961e+00 7.485499141120450783e-01
5.296062575897976465e+00 2.884098910658976500e+00 7.478921251480941113e-01
5.300643944908268068e+00 2.886742745986911718e+00 7.472348556372054862e-01
5.305225313918560559e+00 2.889389004902060076e+00 7.465781054741443823e-01
5.309806682928853050e+00 2.892037689626108854e+00 7.459218745517522953e-01
5.314388051939145541e+00 2.894688802382781478e+00 7.452661627609619144e-01
5.318969420949438032e+00 2.897342345397840191e+00 7.446109699908097790e-01
5.323550789959730523e+00 2.899998320899087823e+00 7.439562961284499343e-01
5.328132158970023013e+00 2.902656731116369571e+00 7.433021410591670319e-01
5.332713527980314616e+00 2.905317578281572555e+00 7.426485046663909850e-01
5.337294896990607107e+00 2.907980864628633810e+00 7.419953868317080703e-01
5.341876266000899598e+00 2.910646592393534959e+00 7.413427874348760271e-01
5.346457635011192089e+00 2.913314763814308428e+00 7.406907063538361591e-01
5.351039004021484580e+00 2.915985381131038334e+00 7.400391434647263234e-01
5.355620373031777071e+00 2.918658446585861821e+00 7.393880986418936985e-01
5.360201742042069561e+00 2.921333962422972164e+00 7.387375717579089951e-01
5.364783111052361164e+00 2.924011930888617883e+00 7.380875626835772252e-01
5.369364480062653655e+00 2.926692354231110738e+00 7.374380712879510247e-01
5.373945849072946146e+00 2.929375234700819064e+00 7.367890974383439762e-01
5.378527218083238637e+00 2.932060574550176213e+00 7.361406410003430434e-01
5.383108587093531128e+00 2.934748376033680106e+00 7.354927018378195624e-01
5.387689956103823619e+00 2.937438641407895901e+00 7.348452798129431196e-01
5.392271325114116109e+00 2.940131372931455545e+00 7.341983747861935417e-01
5.396852694124407712e+00 2.942826572865063106e+00 7.335519866163726643e-01
5.401434063134700203e+00 2.945524243471495218e+00 7.329061151606164337e-01
5.406015432144992694e+00 2.948224387015601078e+00 7.322607602744074518e-01
5.410596801155285185e+00 2.950927005764308220e+00 7.316159218115863005e-01
5.415178170165577676e+00 2.953632101986620295e+00 7.309715996243644209e-01
5.419759539175870167e+00 2.956339677953621514e+00 7.303277935633354367e-01
5.424340908186162658e+00 2.959049735938479309e+00 7.296845034774853689e-01
5.428922277196455148e+00 2.961762278216443001e+00 7.290417292142075123e-01
5.433503646206746751e+00 2.964477307064848244e+00 7.283994706193116508e-01
5.438085015217039242e+00 2.967194824763119243e+00 7.277577275370357146e-01
5.442666384227331733e+00 2.969914833592768755e+00 7.271164998100583254e-01
5.447247753237624224e+00 2.972637335837401640e+00 7.264757872795093441e-01
5.451829122247916715e+00 2.975362333782714863e+00 7.258355897849816385e-01
5.456410491258209206e+00 2.978089829716501935e+00 7.251959071645421862e-01
5.460991860268501696e+00 2.980819825928653355e+00 7.245567392547429542e-01
5.465573229278793299e+00 2.983552324711158388e+00 7.239180858906320015e-01
5.470154598289085790e+00 2.986287328358107729e+00 7.232799469057659136e-01
5.474735967299378281e+00 2.989024839165694836e+00 7.226423221322185730e-01
5.479317336309670772e+00 2.991764859432217705e+00 7.220052114005934829e-01
5.483898705319963263e+00 2.994507391458081536e+00 7.213686145400344252e-01
5.488480074330255754e+00 2.997252437545800952e+00 7.207325313782353415e-01
5.493061443340548244e+00 3.000000000000000444e+00 7.200969617414531010e-01
