# tau=beta*t, lambda=exp[(gamma_dot/beta)*tau], sigma_norm=sigma/mu
# tau lambda sigma_over_mu
0.000000000000000000e+00 1.000000000000000000e+00 0.000000000000000000e+00
3.054246006861578624e-03 1.000916693709138716e+00 8.225523174508579671e-03
6.108492013723157248e-03 1.001834227745634021e+00 1.640443543080985153e-02
9.162738020584735438e-03 1.002752602879808386e+00 2.453697281026697569e-02
1.221698402744631450e-02 1.003671819882690830e+00 3.262337015422872577e-02
1.527123003430789355e-02 1.004591879526017140e+00 4.066386111029100803e-02
1.832547604116947088e-02 1.005512782582230535e+00 4.865867813852597923e-02
2.137972204803105167e-02 1.006434529824482338e+00 5.660805251767811463e-02
2.443396805489262899e-02 1.007357122026632634e+00 6.451221435132847848e-02
2.748821406175420631e-02 1.008280559963250500e+00 7.237139257401929704e-02
3.054246006861578711e-02 1.009204844409615776e+00 8.018581495736050446e-02
3.359670607547736443e-02 1.010129976141718400e+00 8.795570811608133255e-02
3.665095208233894175e-02 1.011055955936260187e+00 9.568129751407095096e-02
3.970519808920051907e-02 1.011982784570654159e+00 1.033628074703650673e-01
4.275944409606210334e-02 1.012910462823026991e+00 1.110004611651263795e-01
4.581369010292368066e-02 1.013838991472217677e+00 1.185944806455620365e-01
4.886793610978525798e-02 1.014768371297779748e+00 1.261450868318370333e-01
5.192218211664683530e-02 1.015698603079981499e+00 1.336524995229413926e-01
5.497642812350841263e-02 1.016629687599805987e+00 1.411169374025209866e-01
5.803067413036999689e-02 1.017561625638952583e+00 1.485386180446931492e-01
6.108492013723157421e-02 1.018494417979836753e+00 1.559177579198134378e-01
6.413916614409315153e-02 1.019428065405591832e+00 1.632545724002282816e-01
6.719341215095472886e-02 1.020362568700068806e+00 1.705492757659818892e-01
7.024765815781630618e-02 1.021297928647836750e+00 1.778020812104960657e-01
7.330190416467788350e-02 1.022234146034184832e+00 1.850132008462325728e-01
7.635615017153946082e-02 1.023171221645121198e+00 1.921828457103003096e-01
7.941039617840103815e-02 1.024109156267375198e+00 1.993112257700582757e-01
8.246464218526262935e-02 1.025047950688396936e+00 2.063985499286680181e-01
8.551888819212420667e-02 1.025987605696358607e+00 2.134450260306290648e-01
8.857313419898578399e-02 1.026928122080154715e+00 2.204508608672774428e-01
9.162738020584736132e-02 1.027869500629403410e+00 2.274162601822615204e-01
9.468162621270893864e-02 1.028811742134446039e+00 2.343414286769758825e-01
9.773587221957051596e-02 1.029754847386348704e+00 2.412265700159811344e-01
1.007901182264320933e-01 1.030698817176903148e+00 2.480718868323890103e-01
1.038443642332936706e-01 1.031643652298625868e+00 2.548775807332057108e-01
1.068986102401552479e-01 1.032589353544761002e+00 2.616438523046734632e-01
1.099528562470168253e-01 1.033535921709279215e+00 2.683709011175565706e-01
1.130071022538784026e-01 1.034483357586879038e+00 2.750589257324136394e-01
1.160613482607399938e-01 1.035431661972987749e+00 2.817081237048403852e-01
1.191155942676015711e-01 1.036380835663761601e+00 2.883186915906789660e-01
1.221698402744631484e-01 1.037330879456086485e+00 2.948908249512030011e-01
1.252240862813247257e-01 1.038281794147579262e+00 3.014247183582774436e-01
1.282783322881863031e-01 1.039233580536587764e+00 3.079205653994845360e-01
1.313325782950478804e-01 1.040186239422191461e+00 3.143785586832247847e-01
1.343868243019094577e-01 1.041139771604202569e+00 3.207988898437936776e-01
1.374410703087710350e-01 1.042094177883166273e+00 3.271817495464268144e-01
1.404953163156326124e-01 1.043049459060362061e+00 3.335273274923223896e-01
1.435495623224941897e-01 1.044005615937803277e+00 3.398358124236289246e-01
1.466038083293557670e-01 1.044962649318238901e+00 3.461073921284177346e-01
1.496580543362173443e-01 1.045920560005153988e+00 3.523422534456206456e-01
1.527123003430789216e-01 1.046879348802769671e+00 3.585405822699404554e-01
1.557665463499404990e-01 1.047839016516044497e+00 3.647025635567403556e-01
1.588207923568020763e-01 1.048799563950675084e+00 3.708283813269061535e-01
1.618750383636636536e-01 1.049760991913096131e+00 3.769182186716754090e-01
1.649292843705252587e-01 1.050723301210482186e+00 3.829722577574552478e-01
1.679835303773868360e-01 1.051686492650747429e+00 3.889906798305972635e-01
1.710377763842484133e-01 1.052650567042546559e+00 3.949736652221594868e-01
1.740920223911099907e-01 1.053615525195275904e+00 4.009213933526385443e-01
1.771462683979715680e-01 1.054581367919073420e+00 4.068340427366741729e-01
1.802005144048331453e-01 1.055548096024819804e+00 4.127117909877331958e-01
1.832547604116947226e-01 1.056515710324139157e+00 4.185548148227657972e-01
1.863090064185563000e-01 1.057484211629399651e+00 4.243632900668379837e-01
1.893632524254178773e-01 1.058453600753713753e+00 4.301373916577353462e-01
1.924174984322794546e-01 1.059423878510939998e+00 4.358772936505523887e-01
1.954717444391410319e-01 1.060395045715682549e+00 4.415831692222448313e-01
1.985259904460026092e-01 1.061367103183292082e+00 4.472551906761626506e-01
2.015802364528641866e-01 1.062340051729866897e+00 4.528935294465645245e-01
2.046344824597257639e-01 1.063313892172254027e+00 4.584983561031042987e-01
2.076887284665873412e-01 1.064288625328048132e+00 4.640698403552826479e-01
2.107429744734489185e-01 1.065264252015594382e+00 4.696081510568976269e-01
2.137972204803104959e-01 1.066240773053987567e+00 4.751134562104502579e-01
2.168514664871720732e-01 1.067218189263073436e+00 4.805859229715383485e-01
2.199057124940336505e-01 1.068196501463449355e+00 4.860257176532233325e-01
2.229599585008952278e-01 1.069175710476464980e+00 4.914330057303761268e-01
2.260142045077568052e-01 1.070155817124222697e+00 4.968079518439937892e-01
2.290684505146184102e-01 1.071136822229578733e+00 5.021507198055025212e-01
2.321226965214799876e-01 1.072118726616143602e+00 5.074614726010290289e-01
2.351769425283415649e-01 1.073101531108282547e+00 5.127403723956535098e-01
2.382311885352031422e-01 1.074085236531116649e+00 5.179875805376399356e-01
2.412854345420647195e-01 1.075069843710523720e+00 5.232032575626456294e-01
2.443396805489262968e-01 1.076055353473137854e+00 5.283875631978984799e-01
2.473939265557878742e-01 1.077041766646351872e+00 5.335406563663702695e-01
2.504481725626494515e-01 1.078029084058316434e+00 5.386626951909079253e-01
2.535024185695110011e-01 1.079017306537941145e+00 5.437538369983544451e-01
2.565566645763726061e-01 1.080006434914896563e+00 5.488142383236521704e-01
2.596109105832341557e-01 1.080996470019612410e+00 5.538440549139042046e-01
2.626651565900957608e-01 1.081987412683280692e+00 5.588434417324411596e-01
2.657194025969573659e-01 1.082979263737854803e+00 5.638125529628432719e-01
2.687736486038189154e-01 1.083972024016051083e+00 5.687515420129561905e-01
2.718278946106805205e-01 1.084965694351349041e+00 5.736605615188767882e-01
2.748821406175420701e-01 1.085960275577992240e+00 5.785397633489222091e-01
2.779363866244036751e-01 1.086955768530989186e+00 5.833892986075774889e-01
2.809906326312652247e-01 1.087952174046113774e+00 5.882093176394198597e-01
2.840448786381268298e-01 1.088949492959905729e+00 5.929999700330229606e-01
2.870991246449883794e-01 1.089947726109671944e+00 5.977614046248430624e-01
2.901533706518499844e-01 1.090946874333486916e+00 6.024937695030834206e-01
2.932076166587115340e-01 1.091946938470192974e+00 6.071972120115330940e-01
2.962618626655731391e-01 1.092947919359402054e+00 6.118718787533964365e-01
2.993161086724346887e-01 1.093949817841495031e+00 6.165179155950885059e-01
3.023703546792962937e-01 1.094952634757623944e+00 6.211354676700249211e-01
3.054246006861578433e-01 1.095956370949711101e+00 6.257246793823765252e-01
3.084788466930194484e-01 1.096961027260451305e+00 6.302856944108191639e-01
3.115330926998809979e-01 1.097966604533311408e+00 6.348186557122514895e-01
3.145873387067426030e-01 1.098973103612531643e+00 6.393237055255002188e-01
3.176415847136041526e-01 1.099980525343126070e+00 6.438009853750024103e-01
3.206958307204657577e-01 1.100988870570883238e+00 6.482506360744696439e-01
3.237500767273273072e-01 1.101998140142367300e+00 6.526727977305342154e-01
3.268043227341889123e-01 1.103008334904918453e+00 6.570676097463729048e-01
3.298585687410505174e-01 1.104019455706653607e+00 6.614352108253136464e-01
3.329128147479120670e-01 1.105031503396466608e+00 6.657757389744196619e-01
3.359670607547736720e-01 1.106044478824030453e+00 6.700893315080650448e-01
3.390213067616352216e-01 1.107058382839796185e+00 6.743761250514750394e-01
3.420755527684968267e-01 1.108073216294994667e+00 6.786362555442622124e-01
3.451297987753583763e-01 1.109088980041637473e+00 6.828698582439390874e-01
3.481840447822199813e-01 1.110105674932516884e+00 6.870770677294070206e-01
3.512382907890815309e-01 1.111123301821206777e+00 6.912580179044343076e-01
3.542925367959431360e-01 1.112141861562063960e+00 6.954128420011125300e-01
3.573467828028046855e-01 1.113161355010227727e+00 6.995416725832924731e-01
3.604010288096662906e-01 1.114181783021622074e+00 7.036446415500094975e-01
3.634552748165278402e-01 1.115203146452955041e+00 7.077218801388795999e-01
3.665095208233894453e-01 1.116225446161720258e+00 7.117735189294887022e-01
3.695637668302509948e-01 1.117248683006197396e+00 7.157996878467555169e-01
3.726180128371125999e-01 1.118272857845452828e+00 7.198005161642829774e-01
3.756722588439741495e-01 1.119297971539340297e+00 7.237761325076856878e-01
3.787265048508357546e-01 1.120324024948502251e+00 7.277266648579082675e-01
3.817807508576973041e-01 1.121351018934369614e+00 7.316522405545177188e-01
3.848349968645589092e-01 1.122378954359163128e+00 7.355529862989825807e-01
3.878892428714204588e-01 1.123407832085894009e+00 7.394290281579353197e-01
3.909434888782820638e-01 1.124437652978364399e+00 7.432804915664164014e-01
3.939977348851436689e-01 1.125468417901168472e+00 7.471075013311005986e-01
3.970519808920052185e-01 1.126500127719692879e+00 7.509101816335082002e-01
4.001062268988668236e-01 1.127532783300117414e+00 7.546886560331975691e-01
4.031604729057283731e-01 1.128566385509416570e+00 7.584430474709433767e-01
4.062147189125899782e-01 1.129600935215358426e+00 7.621734782718919687e-01
4.092689649194515278e-01 1.130636433286507758e+00 7.658800701487109563e-01
4.123232109263131329e-01 1.131672880592224706e+00 7.695629442047101643e-01
4.153774569331746824e-01 1.132710278002666549e+00 7.732222209369541410e-01
4.184317029400362875e-01 1.133748626388788372e+00 7.768580202393575718e-01
4.214859489468978371e-01 1.134787926622343734e+00 7.804704614057609291e-01
4.245401949537594422e-01 1.135828179575885111e+00 7.840596631329920241e-01
4.275944409606209917e-01 1.136869386122765002e+00 7.876257435239124582e-01
4.306486869674825968e-01 1.137911547137136159e+00 7.911688200904447577e-01
4.337029329743441464e-01 1.138954663493953134e+00 7.946890097565895150e-01
4.367571789812057514e-01 1.139998736068972285e+00 7.981864288614207714e-01
4.398114249880673010e-01 1.141043765738752880e+00 8.016611931620671871e-01
4.428656709949289061e-01 1.142089753380657768e+00 8.051134178366814442e-01
4.459199170017904557e-01 1.143136699872853601e+00 8.085432174873858902e-01
4.489741630086520607e-01 1.144184606094312828e+00 8.119507061432148509e-01
4.520284090155136103e-01 1.145233472924812812e+00 8.153359972630268571e-01
4.550826550223752154e-01 1.146283301244938269e+00 8.186992037384166476e-01
4.581369010292368205e-01 1.147334091936080380e+00 8.220404378965980863e-01
4.611911470360983700e-01 1.148385845880438572e+00 8.253598115032825255e-01
4.642453930429599751e-01 1.149438563961021398e+00 8.286574357655375200e-01
4.672996390498215247e-01 1.150492247061645879e+00 8.319334213346275542e-01
4.703538850566831298e-01 1.151546896066940384e+00 8.351878783088499958e-01
4.734081310635446793e-01 1.152602511862343082e+00 8.384209162363407408e-01
4.764623770704062844e-01 1.153659095334105045e+00 8.416326441178838547e-01
4.795166230772678340e-01 1.154716647369288474e+00 8.448231704096873518e-01
4.825708690841294390e-01 1.155775168855769808e+00 8.479926030261610848e-01
4.856251150909909886e-01 1.156834660682238614e+00 8.511410493426680990e-01
4.886793610978525937e-01 1.157895123738199805e+00 8.542686161982687709e-01
4.917336071047141433e-01 1.158956558913972978e+00 8.573754098984460725e-01
4.947878531115757483e-01 1.160018967100694631e+00 8.604615362178215099e-01
4.978420991184372979e-01 1.161082349190317498e+00 8.635271004028505226e-01
5.008963451252989030e-01 1.162146706075612546e+00 8.665722071745100008e-01
5.039505911321604525e-01 1.163212038650168312e+00 8.695969607309657068e-01
5.070048371390220021e-01 1.164278347808393566e+00 8.726014647502352561e-01
5.100590831458836627e-01 1.165345634445515977e+00 8.755858223928226769e-01
5.131133291527452123e-01 1.166413899457584558e+00 8.785501363043547451e-01
5.161675751596067618e-01 1.167483143741469442e+00 8.814945086181914524e-01
5.192218211664683114e-01 1.168553368194862774e+00 8.844190409580303669e-01
5.222760671733299720e-01 1.169624573716280036e+00 8.873238344404942302e-01
5.253303131801915216e-01 1.170696761205059833e+00 8.902089896777042322e-01
5.283845591870530711e-01 1.171769931561365663e+00 8.930746067798435162e-01
5.314388051939147317e-01 1.172844085686185922e+00 8.959207853577022540e-01
5.344930512007762813e-01 1.173919224481335233e+00 8.987476245252149498e-01
5.375472972076378309e-01 1.174995348849454224e+00 9.015552229019789809e-01
5.406015432144993804e-01 1.176072459694011973e+00 9.043436786157657004e-01
5.436557892213610410e-01 1.177150557919304896e+00 9.071130893050127764e-01
5.467100352282225906e-01 1.178229644430458745e+00 9.098635521213072064e-01
5.497642812350841401e-01 1.179309720133428829e+00 9.125951637318555631e-01
5.528185272419456897e-01 1.180390785935001352e+00 9.153080203219393640e-01
5.558727732488073503e-01 1.181472842742793627e+00 9.180022175973592269e-01
5.589270192556688999e-01 1.182555891465254083e+00 9.206778507868615957e-01
5.619812652625304494e-01 1.183639933011665368e+00 9.233350146445649109e-01
5.650355112693919990e-01 1.184724968292142577e+00 9.259738034523568029e-01
5.680897572762536596e-01 1.185810998217635692e+00 9.285943110222930619e-01
5.711440032831152092e-01 1.186898023699929361e+00 9.311966306989742925e-01
5.741982492899767587e-01 1.187986045651644451e+00 9.337808553619165730e-01
5.772524952968383083e-01 1.189075064986238051e+00 9.363470774279051279e-01
5.803067413036999689e-01 1.190165082618004799e+00 9.388953888533402292e-01
5.833609873105615184e-01 1.191256099462077334e+00 9.414258811365664448e-01
5.864152333174230680e-01 1.192348116434427396e+00 9.439386453201934479e-01
5.894694793242847286e-01 1.193441134451866281e+00 9.464337719934026172e-01
5.925237253311462782e-01 1.194535154432045720e+00 9.489113512942419781e-01
5.955779713380078277e-01 1.195630177293458773e+00 9.513714729119099323e-01
5.986322173448693773e-01 1.196726203955440271e+00 9.538142260890263291e-01
6.016864633517310379e-01 1.197823235338167702e+00 9.562396996238921032e-01
6.047407093585925875e-01 1.198921272362662549e+00 9.586479818727381419e-01
6.077949553654541370e-01 1.200020315950790062e+00 9.610391607519590540e-01
6.108492013723156866e-01 1.201120367025260816e+00 9.634133237403408323e-01
6.139034473791773472e-01 1.202221426509631597e+00 9.657705578812727509e-01
6.169576933860388968e-01 1.203323495328304737e+00 9.681109497849460510e-01
6.200119393929004463e-01 1.204426574406531003e+00 9.704345856305490736e-01
6.230661853997619959e-01 1.205530664670409147e+00 9.727415511684435190e-01
6.261204314066236565e-01 1.206635767046886576e+00 9.750319317223308246e-01
6.291746774134852060e-01 1.207741882463760241e+00 9.773058121914093288e-01
6.322289234203467556e-01 1.208849011849678190e+00 9.795632770525209976e-01
6.352831694272083052e-01 1.209957156134139344e+00 9.818044103622828311e-01
6.383374154340699658e-01 1.211066316247495056e+00 9.840292957592112755e-01
6.413916614409315153e-01 1.212176493120949106e+00 9.862380164658334225e-01
6.444459074477930649e-01 1.213287687686559035e+00 9.884306552907877741e-01
6.475001534546546145e-01 1.214399900877236815e+00 9.906072946309145699e-01
6.505543994615162751e-01 1.215513133626749731e+00 9.927680164733352353e-01
6.536086454683778246e-01 1.216627386869721050e+00 9.949129023975211705e-01
6.566628914752393742e-01 1.217742661541630467e+00 9.970420335773496623e-01
6.597171374821010348e-01 1.218858958578815654e+00 9.991554907831531329e-01
6.627713834889625844e-01 1.219976278918472268e+00 1.001253354383753846e+00
6.658256294958241339e-01 1.221094623498655496e+00 1.003335704348491397e+00
6.688798755026856835e-01 1.222213993258279841e+00 1.005402620249236767e+00
6.719341215095473441e-01 1.223334389137121114e+00 1.007454181262398052e+00
6.749883675164088936e-01 1.224455812075816219e+00 1.009490466170915202e+00
6.780426135232704432e-01 1.225578263015864700e+00 1.011511553366244653e+00
6.810968595301319928e-01 1.226701742899628522e+00 1.013517520850331088e+00
6.841511055369936534e-01 1.227826252670334295e+00 1.015508446237575413e+00
6.872053515438552029e-01 1.228951793272072601e+00 1.017484406756784088e+00
6.902595975507167525e-01 1.230078365649799998e+00 1.019445479253116016e+00
6.933138435575783021e-01 1.231205970749338796e+00 1.021391740190014330e+00
6.963680895644399627e-01 1.232334609517378832e+00 1.023323265651130631e+00
6.994223355713015122e-01 1.233464282901477471e+00 1.025240131342238792e+00
7.024765815781630618e-01 1.234594991850060719e+00 1.027142412593138321e+00
7.055308275850246114e-01 1.235726737312423884e+00 1.029030184359547295e+00
7.085850735918862719e-01 1.236859520238732912e+00 1.030903521224988406e+00
7.116393195987478215e-01 1.237993341580024165e+00 1.032762497402662571e+00
7.146935656056093711e-01 1.239128202288206193e+00 1.034607186737313445e+00
7.177478116124710317e-01 1.240264103316060407e+00 1.036437662707083485e+00
7.208020576193325812e-01 1.241401045617240850e+00 1.038253998425356261e+00
7.238563036261941308e-01 1.242539030146276424e+00 1.040056266642596761e+00
7.269105496330556804e-01 1.243678057858570885e+00 1.041844539748176368e+00
7.299647956399173410e-01 1.244818129710403953e+00 1.043618889772189418e+00
7.330190416467788905e-01 1.245959246658931319e+00 1.045379388387259967e+00
7.360732876536404401e-01 1.247101409662186855e+00 1.047126106910341692e+00
7.391275336605019897e-01 1.248244619679082401e+00 1.048859116304508232e+00
7.421817796673636503e-01 1.249388877669408648e+00 1.050578487180731102e+00
7.452360256742251998e-01 1.250534184593836029e+00 1.052284289799649608e+00
7.482902716810867494e-01 1.251680541413916270e+00 1.053976594073336104e+00
7.513445176879482990e-01 1.252827949092081949e+00 1.055655469567044147e+00
7.543987636948099595e-01 1.253976408591647829e+00 1.057320985500956434e+00
7.574530097016715091e-01 1.255125920876812184e+00 1.058973210751915639e+00
7.605072557085330587e-01 1.256276486912657031e+00 1.060612213855152364e+00
7.635615017153946082e-01 1.257428107665149009e+00 1.062238063006001099e+00
7.666157477222562688e-01 1.258580784101139827e+00 1.063850826061606414e+00
7.696699937291178184e-01 1.259734517188368264e+00 1.065450570542626263e+00
7.727242397359793680e-01 1.260889307895459943e+00 1.067037363634918856e+00
7.757784857428409175e-01 1.262045157191928002e+00 1.068611272191224426e+00
7.788327317497025781e-01 1.263202066048175087e+00 1.070172362732840998e+00
7.818869777565641277e-01 1.264360035435492469e+00 1.071720701451284841e+00
7.849412237634256773e-01 1.265519066326062703e+00 1.073256354209950469e+00
7.879954697702873379e-01 1.266679159692959189e+00 1.074779386545754667e+00
7.910497157771488874e-01 1.267840316510146836e+00 1.076289863670776725e+00
7.941039617840104370e-01 1.269002537752484283e+00 1.077787850473889142e+00
7.971582077908719866e-01 1.270165824395723009e+00 1.079273411522379655e+00
8.002124537977336471e-01 1.271330177416509777e+00 1.080746611063564178e+00
8.032666998045951967e-01 1.272495597792385746e+00 1.082207513026392842e+00
8.063209458114567463e-01 1.273662086501788915e+00 1.083656181023047615e+00
8.093751918183182958e-01 1.274829644524053673e+00 1.085092678350529916e+00
8.124294378251799564e-01 1.275998272839412584e+00 1.086517067992243124e+00
8.154836838320415060e-01 1.277167972428996379e+00 1.087929412619563552e+00
8.185379298389030556e-01 1.278338744274835737e+00 1.089329774593407185e+00
8.215921758457646051e-01 1.279510589359860839e+00 1.090718215965784665e+00
8.246464218526262657e-01 1.280683508667903370e+00 1.092094798481349160e+00
8.277006678594878153e-01 1.281857503183697178e+00 1.093459583578940686e+00
8.307549138663493649e-01 1.283032573892878059e+00 1.094812632393114882e+00
8.338091598732109144e-01 1.284208721781985751e+00 1.096154005755668459e+00
8.368634058800725750e-01 1.285385947838464604e+00 1.097483764197160205e+00
8.399176518869341246e-01 1.286564253050663353e+00 1.098801967948414227e+00
8.429718978937956742e-01 1.287743638407837787e+00 1.100108676942027408e+00
8.460261439006572237e-01 1.288924104900149858e+00 1.101403950813858668e+00
8.490803899075188843e-01 1.290105653518669238e+00 1.102687848904518209e+00
8.521346359143804339e-01 1.291288285255373980e+00 1.103960430260844117e+00
8.551888819212419834e-01 1.292472001103152301e+00 1.105221753637374738e+00
8.582431279281036440e-01 1.293656802055801691e+00 1.106471877497811951e+00
8.612973739349651936e-01 1.294842689108030909e+00 1.107710860016475785e+00
8.643516199418267432e-01 1.296029663255460429e+00 1.108938759079754810e+00
8.674058659486882927e-01 1.297217725494623997e+00 1.110155632287546990e+00
8.704601119555499533e-01 1.298406876822968403e+00 1.111361536954692086e+00
8.735143579624115029e-01 1.299597118238854376e+00 1.112556530112398079e+00
8.765686039692730525e-01 1.300788450741559021e+00 1.113740668509663134e+00
8.796228499761346020e-01 1.301980875331274046e+00 1.114914008614683150e+00
8.826770959829962626e-01 1.303174393009109311e+00 1.116076606616260625e+00
8.857313419898578122e-01 1.304369004777091501e+00 1.117228518425198214e+00
8.887855879967193617e-01 1.305564711638166342e+00 1.118369799675691834e+00
8.918398340035809113e-01 1.306761514596198603e+00 1.119500505726711559e+00
8.948940800104425719e-01 1.307959414655973651e+00 1.120620691663380741e+00
8.979483260173041215e-01 1.309158412823197892e+00 1.121730412298341806e+00
9.010025720241656710e-01 1.310358510104498997e+00 1.122829722173119826e+00
9.040568180310272206e-01 1.311559707507428119e+00 1.123918675559477887e+00
9.071110640378888812e-01 1.312762006040460117e+00 1.124997326460764890e+00
9.101653100447504308e-01 1.313965406712994000e+00 1.126065728613256711e+00
9.132195560516119803e-01 1.315169910535353592e+00 1.127123935487489792e+00
9.162738020584736409e-01 1.316375518518790200e+00 1.128172000289591859e+00
9.193280480653351905e-01 1.317582231675480609e+00 1.129209975962597978e+00
9.223822940721967401e-01 1.318790051018530640e+00 1.130237915187768616e+00
9.254365400790582896e-01 1.319998977561974041e+00 1.131255870385895035e+00
9.284907860859199502e-01 1.321209012320774923e+00 1.132263893718600922e+00
9.315450320927814998e-01 1.322420156310826878e+00 1.133262037089635577e+00
9.345992780996430493e-01 1.323632410548955196e+00 1.134250352146161767e+00
9.376535241065045989e-01 1.324845776052917756e+00 1.135228890280037151e+00
9.407077701133662595e-01 1.326060253841404579e+00 1.136197702629087480e+00
9.437620161202278091e-01 1.327275844934040050e+00 1.137156840078375586e+00
9.468162621270893586e-01 1.328492550351382917e+00 1.138106353261461257e+00
9.498705081339509082e-01 1.329710371114927847e+00 1.139046292561658014e+00
9.529247541408125688e-01 1.330929308247105425e+00 1.139976708113280779e+00
9.559790001476741184e-01 1.332149362771283929e+00 1.140897649802886660e+00
9.590332461545356679e-01 1.333370535711769778e+00 1.141809167270514180e+00
9.620874921613972175e-01 1.334592828093807748e+00 1.142711309910908524e+00
9.651417381682588781e-01 1.335816240943583200e+00 1.143604126874748994e+00
9.681959841751204277e-01 1.337040775288221406e+00 1.144487667069862935e+00
9.712502301819819772e-01 1.338266432155790220e+00 1.145361979162437649e+00
9.743044761888435268e-01 1.339493212575299186e+00 1.146227111578225211e+00
9.773587221957051874e-01 1.340721117576701094e+00 1.147083112503741731e+00
9.804129682025667369e-01 1.341950148190893088e+00 1.147930029887457515e+00
9.834672142094282865e-01 1.343180305449717560e+00 1.148767911440986111e+00
9.865214602162899471e-01 1.344411590385962585e+00 1.149596804640262260e+00
9.895757062231514967e-01 1.345644004033362595e+00 1.150416756726718059e+00
9.926299522300130462e-01 1.346877547426600374e+00 1.151227814708450259e+00
9.956841982368745958e-01 1.348112221601306615e+00 1.152030025361382437e+00
9.987384442437362564e-01 1.349348027594061694e+00 1.152823435230422300e+00
1.001792690250597806e+00 1.350584966442396118e+00 1.153608090630612093e+00
1.004846936257459467e+00 1.351823039184791186e+00 1.154384037648272354e+00
1.007901182264320905e+00 1.353062246860680773e+00 1.155151322142141890e+00
1.010955428271182566e+00 1.354302590510451099e+00 1.155909989744510202e+00
1.014009674278044004e+00 1.355544071175442511e+00 1.156660085862346143e+00
1.017063920284905665e+00 1.356786689897949483e+00 1.157401655678417463e+00
1.020118166291767325e+00 1.358030447721222167e+00 1.158134744152408357e+00
1.023172412298628764e+00 1.359275345689467063e+00 1.158859396022028365e+00
1.026226658305490425e+00 1.360521384847848125e+00 1.159575655804118810e+00
1.029280904312352085e+00 1.361768566242486989e+00 1.160283567795749704e+00
1.032335150319213524e+00 1.363016890920464297e+00 1.160983176075314649e+00
1.035389396326075184e+00 1.364266359929821260e+00 1.161674524503618189e+00
1.038443642332936623e+00 1.365516974319558541e+00 1.162357656724958055e+00
1.041497888339798283e+00 1.366768735139639590e+00 1.163032616168201638e+00
1.044552134346659944e+00 1.368021643440989532e+00 1.163699446047857800e+00
1.047606380353521383e+00 1.369275700275497609e+00 1.164358189365143570e+00
1.050660626360383043e+00 1.370530906696016737e+00 1.165008888909042639e+00
1.053714872367244704e+00 1.371787263756365283e+00 1.165651587257362065e+00
1.056769118374106142e+00 1.373044772511327505e+00 1.166286326777782101e+00
1.059823364380967803e+00 1.374303434016654668e+00 1.166913149628898916e+00
1.062877610387829463e+00 1.375563249329065485e+00 1.167532097761265542e+00
1.065931856394690902e+00 1.376824219506247893e+00 1.168143212918425489e+00
1.068986102401552563e+00 1.378086345606859275e+00 1.168746536637940814e+00
1.072040348408414001e+00 1.379349628690527130e+00 1.169342110252414857e+00
1.075094594415275662e+00 1.380614069817850842e+00 1.169929974890512314e+00
1.078148840422137322e+00 1.381879670050401243e+00 1.170510171477970429e+00
1.081203086428998761e+00 1.383146430450723274e+00 1.171082740738608630e+00
1.084257332435860421e+00 1.384414352082335320e+00 1.171647723195329505e+00
1.087311578442722082e+00 1.385683436009730762e+00 1.172205159171117561e+00
1.090365824449583521e+00 1.386953683298378648e+00 1.172755088790032652e+00
1.093420070456445181e+00 1.388225095014725019e+00 1.173297551978194742e+00
1.096474316463306620e+00 1.389497672226193581e+00 1.173832588464771121e+00
1.099528562470168280e+00 1.390771416001186367e+00 1.174360237782948735e+00
1.102582808477029941e+00 1.392046327409084849e+00 1.174880539270912072e+00
1.105637054483891379e+00 1.393322407520250383e+00 1.175393532072806391e+00
1.108691300490753040e+00 1.394599657406026427e+00 1.175899255139703392e+00
1.111745546497614701e+00 1.395878078138737655e+00 1.176397747230558899e+00
1.114799792504476139e+00 1.397157670791692174e+00 1.176889046913164316e+00
1.117854038511337800e+00 1.398438436439181976e+00 1.177373192565098314e+00
1.120908284518199460e+00 1.399720376156483814e+00 1.177850222374665856e+00
1.123962530525060899e+00 1.401003491019859659e+00 1.178320174341840110e+00
1.127016776531922559e+00 1.402287782106559133e+00 1.178783086279195924e+00
1.130071022538783998e+00 1.403573250494818403e+00 1.179238995812838864e+00
1.133125268545645659e+00 1.404859897263862401e+00 1.179687940383329581e+00
1.136179514552507319e+00 1.406147723493905710e+00 1.180129957246602856e+00
1.139233760559368758e+00 1.407436730266152347e+00 1.180565083474885535e+00
1.142288006566230418e+00 1.408726918662798200e+00 1.180993355957604019e+00
1.145342252573092079e+00 1.410018289767031030e+00 1.181414811402292209e+00
1.148396498579953517e+00 1.411310844663031139e+00 1.181829486335492341e+00
1.151450744586815178e+00 1.412604584435973143e+00 1.182237417103652044e+00
1.154504990593676617e+00 1.413899510172025975e+00 1.182638639874015629e+00
1.157559236600538277e+00 1.415195622958355326e+00 1.183033190635514709e+00
1.160613482607399938e+00 1.416492923883121868e+00 1.183421105199647494e+00
1.163667728614261376e+00 1.417791414035485253e+00 1.183802419201361200e+00
1.166721974621123037e+00 1.419091094505602557e+00 1.184177168099924016e+00
1.169776220627984697e+00 1.420391966384630722e+00 1.184545387179797737e+00
1.172830466634846136e+00 1.421694030764726779e+00 1.184907111551500192e+00
1.175884712641707797e+00 1.422997288739048960e+00 1.185262376152469432e+00
1.178938958648569457e+00 1.424301741401757804e+00 1.185611215747919278e+00
1.181993204655430896e+00 1.425607389848016160e+00 1.185953664931691076e+00
1.185047450662292556e+00 1.426914235173991630e+00 1.186289758127103244e+00
1.188101696669153995e+00 1.428222278476856122e+00 1.186619529587795485e+00
1.191155942676015655e+00 1.429531520854787852e+00 1.186943013398567892e+00
1.194210188682877316e+00 1.430841963406971118e+00 1.187260243476215837e+00
1.197264434689738755e+00 1.432153607233598080e+00 1.187571253570362195e+00
1.200318680696600415e+00 1.433466453435869425e+00 1.187876077264285124e+00
1.203372926703462076e+00 1.434780503115995698e+00 1.188174747975738521e+00
1.206427172710323514e+00 1.436095757377197080e+00 1.188467298957773810e+00
1.209481418717185175e+00 1.437412217323705832e+00 1.188753763299551958e+00
1.212535664724046613e+00 1.438729884060765407e+00 1.189034173927155269e+00
1.215589910730908274e+00 1.440048758694634001e+00 1.189308563604394298e+00
1.218644156737769935e+00 1.441368842332582556e+00 1.189576964933609649e+00
1.221698402744631373e+00 1.442690136082897423e+00 1.189839410356469784e+00
1.224752648751493034e+00 1.444012641054881252e+00 1.190095932154765723e+00
1.227806894758354694e+00 1.445336358358853213e+00 1.190346562451202406e+00
1.230861140765216133e+00 1.446661289106150328e+00 1.190591333210183178e+00
1.233915386772077794e+00 1.447987434409128582e+00 1.190830276238594054e+00
1.236969632778939232e+00 1.449314795381163590e+00 1.191063423186580206e+00
1.240023878785800893e+00 1.450643373136651260e+00 1.191290805548321563e+00
1.243078124792662553e+00 1.451973168791009572e+00 1.191512454662804199e+00
1.246132370799523992e+00 1.453304183460678578e+00 1.191728401714585717e+00
1.249186616806385652e+00 1.454636418263122177e+00 1.191938677734558416e+00
1.252240862813247313e+00 1.455969874316828117e+00 1.192143313600708243e+00
1.255295108820108752e+00 1.457304552741309767e+00 1.192342340038870629e+00
1.258349354826970412e+00 1.458640454657107233e+00 1.192535787623482113e+00
1.261403600833832073e+00 1.459977581185786688e+00 1.192723686778326186e+00
1.264457846840693511e+00 1.461315933449943483e+00 1.192906067777278478e+00
1.267512092847555172e+00 1.462655512573201255e+00 1.193082960745047938e+00
1.270566338854416610e+00 1.463996319680214375e+00 1.193254395657910916e+00
1.273620584861278271e+00 1.465338355896667499e+00 1.193420402344445463e+00
1.276674830868139932e+00 1.466681622349277792e+00 1.193581010486259641e+00
1.279729076875001370e+00 1.468026120165794923e+00 1.193736249618717382e+00
1.282783322881863031e+00 1.469371850475002406e+00 1.193886149131659025e+00
1.285837568888724691e+00 1.470718814406718478e+00 1.194030738270121628e+00
1.288891814895586130e+00 1.472067013091797216e+00 1.194170046135051066e+00
1.291946060902447790e+00 1.473416447662129203e+00 1.194304101684014574e+00
1.295000306909309229e+00 1.474767119250642633e+00 1.194432933731906177e+00
1.298054552916170890e+00 1.476119028991304427e+00 1.194556570951653240e+00
1.301108798923032550e+00 1.477472178019120896e+00 1.194675041874913912e+00
1.304163044929893989e+00 1.478826567470138409e+00 1.194788374892775229e+00
1.307217290936755649e+00 1.480182198481445832e+00 1.194896598256446785e+00
1.310271536943617310e+00 1.481539072191172979e+00 1.194999740077948180e+00
1.313325782950478748e+00 1.482897189738493937e+00 1.195097828330797807e+00
1.316380028957340409e+00 1.484256552263626849e+00 1.195190890850695187e+00
1.319434274964202070e+00 1.485617160907835022e+00 1.195278955336198434e+00
1.322488520971063508e+00 1.486979016813427812e+00 1.195362049349402600e+00
1.325542766977925169e+00 1.488342121123762185e+00 1.195440200316610690e+00
1.328597012984786607e+00 1.489706474983242490e+00 1.195513435529003576e+00
1.331651258991648268e+00 1.491072079537323125e+00 1.195581782143305904e+00
1.334705504998509928e+00 1.492438935932507427e+00 1.195645267182447791e+00
1.337759751005371367e+00 1.493807045316350557e+00 1.195703917536224736e+00
1.340813997012233028e+00 1.495176408837459281e+00 1.195757759961953548e+00
1.343868243019094688e+00 1.496547027645493300e+00 1.195806821085124483e+00
1.346922489025956127e+00 1.497918902891166137e+00 1.195851127400050729e+00
1.349976735032817787e+00 1.499292035726246697e+00 1.195890705270514331e+00
1.353030981039679226e+00 1.500666427303558814e+00 1.195925580930409238e+00
1.356085227046540886e+00 1.502042078776983924e+00 1.195955780484381004e+00
1.359139473053402547e+00 1.503418991301460395e+00 1.195981329908462509e+00
1.362193719060263986e+00 1.504797166032986189e+00 1.196002255050707674e+00
1.365247965067125646e+00 1.506176604128618646e+00 1.196018581631820954e+00
1.368302211073987307e+00 1.507557306746475367e+00 1.196030335245786169e+00
1.371356457080848745e+00 1.508939275045736217e+00 1.196037541360486456e+00
1.374410703087710406e+00 1.510322510186643097e+00 1.196040225318329320e+00
1.377464949094572066e+00 1.511707013330501947e+00 1.196038412336859702e+00
1.380519195101433505e+00 1.513092785639682969e+00 1.196032127509378151e+00
1.383573441108295166e+00 1.514479828277622175e+00 1.196021395805549226e+00
1.386627687115156604e+00 1.515868142408821839e+00 1.196006242072013004e+00
1.389681933122018265e+00 1.517257729198851823e+00 1.195986691032985938e+00
1.392736179128879925e+00 1.518648589814350691e+00 1.195962767290867701e+00
1.395790425135741364e+00 1.520040725423026151e+00 1.195934495326834934e+00
1.398844671142603024e+00 1.521434137193656166e+00 1.195901899501444765e+00
1.401898917149464685e+00 1.522828826296090732e+00 1.195865004055220115e+00
1.404953163156326124e+00 1.524224793901251429e+00 1.195823833109245227e+00
1.408007409163187784e+00 1.525622041181134092e+00 1.195778410665752300e+00
1.411061655170049223e+00 1.527020569308808362e+00 1.195728760608701480e+00
1.414115901176910883e+00 1.528420379458419243e+00 1.195674906704368823e+00
1.417170147183772544e+00 1.529821472805188431e+00 1.195616872601920067e+00
1.420224393190633982e+00 1.531223850525414321e+00 1.195554681833987498e+00
1.423278639197495643e+00 1.532627513796474217e+00 1.195488357817243719e+00
1.426332885204357304e+00 1.534032463796824564e+00 1.195417923852969411e+00
1.429387131211218742e+00 1.535438701706001829e+00 1.195343403127623105e+00
1.432441377218080403e+00 1.536846228704623840e+00 1.195264818713401844e+00
1.435495623224942063e+00 1.538255045974391111e+00 1.195182193568806062e+00
1.438549869231803502e+00 1.539665154698086846e+00 1.195095550539196250e+00
1.441604115238665162e+00 1.541076556059578939e+00 1.195004912357348958e+00
1.444658361245526601e+00 1.542489251243819970e+00 1.194910301644008799e+00
1.447712607252388262e+00 1.543903241436849427e+00 1.194811740908441555e+00
1.450766853259249922e+00 1.545318527825793486e+00 1.194709252548977751e+00
1.453821099266111361e+00 1.546735111598867007e+00 1.194602858853560878e+00
1.456875345272973021e+00 1.548152993945373979e+00 1.194492582000287406e+00
1.459929591279834682e+00 1.549572176055707962e+00 1.194378444057946798e+00
1.462983837286696120e+00 1.550992659121354755e+00 1.194260466986557079e+00
1.466038083293557781e+00 1.552414444334891730e+00 1.194138672637901077e+00
1.469092329300419220e+00 1.553837532889989825e+00 1.194013082756054889e+00
1.472146575307280880e+00 1.555261925981413773e+00 1.193883718977918340e+00
1.475200821314142541e+00 1.556687624805024095e+00 1.193750602833741015e+00
1.478255067321003979e+00 1.558114630557777103e+00 1.193613755747643612e+00
1.481309313327865640e+00 1.559542944437726453e+00 1.193473199038141530e+00
1.484363559334727301e+00 1.560972567644024478e+00 1.193328953918660451e+00
1.487417805341588739e+00 1.562403501376921966e+00 1.193181041498054151e+00
1.490472051348450400e+00 1.563835746837770602e+00 1.193029482781115425e+00
1.493526297355311838e+00 1.565269305229023189e+00 1.192874298669087452e+00
1.496580543362173499e+00 1.566704177754234539e+00 1.192715509960172504e+00
1.499634789369035159e+00 1.568140365618063470e+00 1.192553137350034875e+00
1.502689035375896598e+00 1.569577870026272137e+00 1.192387201432306698e+00
1.505743281382758259e+00 1.571016692185728703e+00 1.192217722699086435e+00
1.508797527389619919e+00 1.572456833304407331e+00 1.192044721541436703e+00
1.511851773396481358e+00 1.573898294591389746e+00 1.191868218249880762e+00
1.514906019403343018e+00 1.575341077256866118e+00 1.191688233014893239e+00
1.517960265410204679e+00 1.576785182512135508e+00 1.191504785927393728e+00
1.521014511417066117e+00 1.578230611569607422e+00 1.191317896979230850e+00
1.524068757423927778e+00 1.579677365642803810e+00 1.191127586063672084e+00
1.527123003430789216e+00 1.581125445946357289e+00 1.190933872975883379e+00
1.530177249437650877e+00 1.582574853696015804e+00 1.190736777413411218e+00
1.533231495444512538e+00 1.584025590108640191e+00 1.190536318976661123e+00
1.536285741451373976e+00 1.585477656402207502e+00 1.190332517169374160e+00
1.539339987458235637e+00 1.586931053795811453e+00 1.190125391399097676e+00
1.542394233465097297e+00 1.588385783509663307e+00 1.189914960977660696e+00
1.545448479471958736e+00 1.589841846765091882e+00 1.189701245121639550e+00
1.548502725478820397e+00 1.591299244784547096e+00 1.189484262952825722e+00
1.551556971485681835e+00 1.592757978791598417e+00 1.189264033498689921e+00
1.554611217492543496e+00 1.594218050010937304e+00 1.189040575692843715e+00
1.557665463499405156e+00 1.595679459668377875e+00 1.188813908375498718e+00
1.560719709506266595e+00 1.597142208990858014e+00 1.188584050293925998e+00
1.563773955513128255e+00 1.598606299206440040e+00 1.188351020102908384e+00
1.566828201519989916e+00 1.600071731544312259e+00 1.188114836365194549e+00
1.569882447526851355e+00 1.601538507234789632e+00 1.187875517551949978e+00
1.572936693533713015e+00 1.603006627509315329e+00 1.187633082043203503e+00
1.575990939540574676e+00 1.604476093600460951e+00 1.187387548128296055e+00
1.579045185547436114e+00 1.605946906741928082e+00 1.187138934006322089e+00
1.582099431554297775e+00 1.607419068168549403e+00 1.186887257786571670e+00
1.585153677561159213e+00 1.608892579116289134e+00 1.186632537488971906e+00
1.588207923568020874e+00 1.610367440822245255e+00 1.186374791044520594e+00
1.591262169574882535e+00 1.611843654524648839e+00 1.186114036295724095e+00
1.594316415581743973e+00 1.613321221462866939e+00 1.185850290997030099e+00
1.597370661588605634e+00 1.614800142877402145e+00 1.185583572815257059e+00
1.600424907595467294e+00 1.616280420009894359e+00 1.185313899330022736e+00
1.603479153602328733e+00 1.617762054103121461e+00 1.185041288034173412e+00
1.606533399609190393e+00 1.619245046401001309e+00 1.184765756334204001e+00
1.609587645616051832e+00 1.620729398148591294e+00 1.184487321550683925e+00
1.612641891622913493e+00 1.622215110592090337e+00 1.184206000918675228e+00
1.615696137629775153e+00 1.623702184978840224e+00 1.183921811588152018e+00
1.618750383636636592e+00 1.625190622557324938e+00 1.183634770624414800e+00
1.621804629643498252e+00 1.626680424577174655e+00 1.183344895008506370e+00
1.624858875650359913e+00 1.628171592289163971e+00 1.183052201637621259e+00
1.627913121657221351e+00 1.629664126945213898e+00 1.182756707325518519e+00
1.630967367664083012e+00 1.631158029798393638e+00 1.182458428802926509e+00
1.634021613670944673e+00 1.632653302102921256e+00 1.182157382717952343e+00
1.637075859677806111e+00 1.634149945114163671e+00 1.181853585636480242e+00
1.640130105684667772e+00 1.635647960088639330e+00 1.181547054042578759e+00
1.643184351691529210e+00 1.637147348284018200e+00 1.181237804338897801e+00
1.646238597698390871e+00 1.638648110959123549e+00 1.180925852847066526e+00
1.649292843705252531e+00 1.640150249373931945e+00 1.180611215808090364e+00
1.652347089712113970e+00 1.641653764789575476e+00 1.180293909382741369e+00
1.655401335718975631e+00 1.643158658468342193e+00 1.179973949651956344e+00
1.658455581725837291e+00 1.644664931673677000e+00 1.179651352617220317e+00
1.661509827732698730e+00 1.646172585670183430e+00 1.179326134200958220e+00
1.664564073739560390e+00 1.647681621723624090e+00 1.178998310246921033e+00
1.667618319746421829e+00 1.649192041100921768e+00 1.178667896520567027e+00
1.670672565753283489e+00 1.650703845070160769e+00 1.178334908709448126e+00
1.673726811760145150e+00 1.652217034900587800e+00 1.177999362423586494e+00
1.676781057767006589e+00 1.653731611862613082e+00 1.177661273195855784e+00
1.679835303773868249e+00 1.655247577227811462e+00 1.177320656482355954e+00
1.682889549780729910e+00 1.656764932268923518e+00 1.176977527662788958e+00
1.685943795787591348e+00 1.658283678259856009e+00 1.176631902040831568e+00
1.688998041794453009e+00 1.659803816475684535e+00 1.176283794844505515e+00
1.692052287801314447e+00 1.661325348192652429e+00 1.175933221226548975e+00
1.695106533808176108e+00 1.662848274688173422e+00 1.175580196264780053e+00
1.698160779815037769e+00 1.664372597240832308e+00 1.175224734962466488e+00
1.701215025821899207e+00 1.665898317130386053e+00 1.174866852248686699e+00
1.704269271828760868e+00 1.667425435637764242e+00 1.174506562978692381e+00
1.707323517835622528e+00 1.668953954045071519e+00 1.174143881934269773e+00
1.710377763842483967e+00 1.670483873635586924e+00 1.173778823824095374e+00
1.713432009849345627e+00 1.672015195693766554e+00 1.173411403284096322e+00
1.716486255856207288e+00 1.673547921505243563e+00 1.173041634877801220e+00
1.719540501863068727e+00 1.675082052356829720e+00 1.172669533096695860e+00
1.722594747869930387e+00 1.676617589536516517e+00 1.172295112360574931e+00
1.725648993876791826e+00 1.678154534333476056e+00 1.171918387017887309e+00
1.728703239883653486e+00 1.679692888038062160e+00 1.171539371346091096e+00
1.731757485890515147e+00 1.681232651941811929e+00 1.171158079551992248e+00
1.734811731897376585e+00 1.682773827337445738e+00 1.170774525772093622e+00
1.737865977904238246e+00 1.684316415518869459e+00 1.170388724072937370e+00
1.740920223911099907e+00 1.685860417781174903e+00 1.170000688451444004e+00
1.743974469917961345e+00 1.687405835420640932e+00 1.169610432835252567e+00
1.747028715924823006e+00 1.688952669734735235e+00 1.169217971083059915e+00
1.750082961931684444e+00 1.690500922022114105e+00 1.168823316984953786e+00
1.753137207938546105e+00 1.692050593582625329e+00 1.168426484262749643e+00
1.756191453945407766e+00 1.693601685717307070e+00 1.168027486570321294e+00
1.759245699952269204e+00 1.695154199728390765e+00 1.167626337493934408e+00
1.762299945959130865e+00 1.696708136919302223e+00 1.167223050552572916e+00
1.765354191965992525e+00 1.698263498594660748e+00 1.166817639198268974e+00
1.768408437972853964e+00 1.699820286060282237e+00 1.166410116816429143e+00
1.771462683979715624e+00 1.701378500623180301e+00 1.166000496726156133e+00
1.774516929986577285e+00 1.702938143591565590e+00 1.165588792180576538e+00
1.777571175993438723e+00 1.704499216274848683e+00 1.165175016367156813e+00
1.780625422000300384e+00 1.706061719983639868e+00 1.164759182408027227e+00
1.783679668007161823e+00 1.707625656029751138e+00 1.164341303360298063e+00
1.786733914014023483e+00 1.709191025726197743e+00 1.163921392216376027e+00
1.789788160020885144e+00 1.710757830387197531e+00 1.163499461904280663e+00
1.792842406027746582e+00 1.712326071328173382e+00 1.163075525287955880e+00
1.795896652034608243e+00 1.713895749865754325e+00 1.162649595167583705e+00
1.798950898041469904e+00 1.715466867317775979e+00 1.162221684279893807e+00
1.802005144048331342e+00 1.717039425003282105e+00 1.161791805298472813e+00
1.805059390055193003e+00 1.718613424242525944e+00 1.161359970834069832e+00
1.808113636062054441e+00 1.720188866356970436e+00 1.160926193434905551e+00
1.811167882068916102e+00 1.721765752669290661e+00 1.160490485586973097e+00
1.814222128075777762e+00 1.723344084503373175e+00 1.160052859714343576e+00
1.817276374082639201e+00 1.724923863184319117e+00 1.159613328179465830e+00
1.820330620089500862e+00 1.726505090038443546e+00 1.159171903283466643e+00
1.823384866096362522e+00 1.728087766393277880e+00 1.158728597266448057e+00
1.826439112103223961e+00 1.729671893577570341e+00 1.158283422307787136e+00
1.829493358110085621e+00 1.731257472921287066e+00 1.157836390526428394e+00
1.832547604116947282e+00 1.732844505755613662e+00 1.157387513981178451e+00
1.835601850123808720e+00 1.734432993412955426e+00 1.156936804671000019e+00
1.838656096130670381e+00 1.736022937226940011e+00 1.156484274535300782e+00
1.841710342137531820e+00 1.737614338532416536e+00 1.156029935454224722e+00
1.844764588144393480e+00 1.739207198665458476e+00 1.155573799248939881e+00
1.847818834151255141e+00 1.740801518963364103e+00 1.155115877681923253e+00
1.850873080158116579e+00 1.742397300764656931e+00 1.154656182457250102e+00
1.853927326164978240e+00 1.743994545409088381e+00 1.154194725220874407e+00
1.856981572171839900e+00 1.745593254237637337e+00 1.153731517560911746e+00
1.860035818178701339e+00 1.747193428592512143e+00 1.153266571007923291e+00
1.863090064185563000e+00 1.748795069817151715e+00 1.152799897035192256e+00
1.866144310192424438e+00 1.750398179256225761e+00 1.152331507059003668e+00
1.869198556199286099e+00 1.752002758255638115e+00 1.151861412438921706e+00
1.872252802206147759e+00 1.753608808162524957e+00 1.151389624478064588e+00
1.875307048213009198e+00 1.755216330325257923e+00 1.150916154423379911e+00
1.878361294219870858e+00 1.756825326093444772e+00 1.150441013465916207e+00
1.881415540226732519e+00 1.758435796817930497e+00 1.149964212741096059e+00
1.884469786233593958e+00 1.760047743850797763e+00 1.149485763328985444e+00
1.887524032240455618e+00 1.761661168545369804e+00 1.149005676254561958e+00
1.890578278247317279e+00 1.763276072256209526e+00 1.148523962487984607e+00
1.893632524254178717e+00 1.764892456339121507e+00 1.148040632944858030e+00
1.896686770261040378e+00 1.766510322151154222e+00 1.147555698486497855e+00
1.899741016267901816e+00 1.768129671050598928e+00 1.147069169920196030e+00
1.902795262274763477e+00 1.769750504396992774e+00 1.146581057999480624e+00
1.905849508281625138e+00 1.771372823551118802e+00 1.146091373424378723e+00
1.908903754288486576e+00 1.772996629875007280e+00 1.145600126841676891e+00
1.911958000295348237e+00 1.774621924731938138e+00 1.145107328845176076e+00
1.915012246302209897e+00 1.776248709486439648e+00 1.144612989975953621e+00
1.918066492309071336e+00 1.777876985504291740e+00 1.144117120722615955e+00
1.921120738315932996e+00 1.779506754152526238e+00 1.143619731521554383e+00
1.924174984322794435e+00 1.781138016799427737e+00 1.143120832757198890e+00
1.927229230329656096e+00 1.782770774814535830e+00 1.142620434762269266e+00
1.930283476336517756e+00 1.784405029568644885e+00 1.142118547818027574e+00
1.933337722343379195e+00 1.786040782433806040e+00 1.141615182154526842e+00
1.936391968350240855e+00 1.787678034783328318e+00 1.141110347950860193e+00
1.939446214357102516e+00 1.789316787991779956e+00 1.140604055335407097e+00
1.942500460363963954e+00 1.790957043434988405e+00 1.140096314386081167e+00
1.945554706370825615e+00 1.792598802490043219e+00 1.139587135130573525e+00
1.948608952377687054e+00 1.794242066535295388e+00 1.139076527546597495e+00
1.951663198384548714e+00 1.795886836950360665e+00 1.138564501562130404e+00
1.954717444391410375e+00 1.797533115116118241e+00 1.138051067055654508e+00
1.957771690398271813e+00 1.799180902414713845e+00 1.137536233856399237e+00
1.960825936405133474e+00 1.800830200229560196e+00 1.137020011744576786e+00
1.963880182411995134e+00 1.802481009945337886e+00 1.136502410451623035e+00
1.966934428418856573e+00 1.804133332947996715e+00 1.135983439660432026e+00
1.969988674425718234e+00 1.805787170624757909e+00 1.135463109005592663e+00
1.973042920432579894e+00 1.807442524364113234e+00 1.134941428073621639e+00
1.976097166439441333e+00 1.809099395555827439e+00 1.134418406403198576e+00
1.979151412446302993e+00 1.810757785590940472e+00 1.133894053485394737e+00
1.982205658453164432e+00 1.812417695861765710e+00 1.133368378763908391e+00
1.985259904460026092e+00 1.814079127761894172e+00 1.132841391635290185e+00
1.988314150466887753e+00 1.815742082686193415e+00 1.132313101449173853e+00
1.991368396473749192e+00 1.817406562030810413e+00 1.131783517508504255e+00
1.994422642480610852e+00 1.819072567193171563e+00 1.131252649069761640e+00
1.997476888487472513e+00 1.820740099571984683e+00 1.130720505343188576e+00
2.000531134494333951e+00 1.822409160567239006e+00 1.130187095493012661e+00
2.003585380501195612e+00 1.824079751580208075e+00 1.129652428637671902e+00
2.006639626508057273e+00 1.825751874013449072e+00 1.129116513850034753e+00
2.009693872514918933e+00 1.827425529270805704e+00 1.128579360157619726e+00
2.012748118521780150e+00 1.829100718757407540e+00 1.128040976542818541e+00
2.015802364528641810e+00 1.830777443879673783e+00 1.127501371943112174e+00
2.018856610535503471e+00 1.832455706045311494e+00 1.126960555251289575e+00
2.021910856542365131e+00 1.834135506663318704e+00 1.126418535315662828e+00
2.024965102549226792e+00 1.835816847143985076e+00 1.125875320940285862e+00
2.028019348556088008e+00 1.837499728898893014e+00 1.125330920885164065e+00
2.031073594562949669e+00 1.839184153340918781e+00 1.124785343866472775e+00
2.034127840569811330e+00 1.840870121884234267e+00 1.124238598556765334e+00
2.037182086576672990e+00 1.842557635944307215e+00 1.123690693585186251e+00
2.040236332583534651e+00 1.844246696937902996e+00 1.123141637537682147e+00
2.043290578590396311e+00 1.845937306283086166e+00 1.122591438957209808e+00
2.046344824597257528e+00 1.847629465399220239e+00 1.122040106343944021e+00
2.049399070604119188e+00 1.849323175706971245e+00 1.121487648155486516e+00
2.052453316610980849e+00 1.851018438628306395e+00 1.120934072807069803e+00
2.055507562617842510e+00 1.852715255586496967e+00 1.120379388671764787e+00
2.058561808624704170e+00 1.854413628006118753e+00 1.119823604080682378e+00
2.061616054631565387e+00 1.856113557313052942e+00 1.119266727323179333e+00
2.064670300638427047e+00 1.857815044934489235e+00 1.118708766647056985e+00
2.067724546645288708e+00 1.859518092298924063e+00 1.118149730258765961e+00
2.070778792652150369e+00 1.861222700836164368e+00 1.117589626323604035e+00
2.073833038659012029e+00 1.862928871977327150e+00 1.117028462965917068e+00
2.076887284665873246e+00 1.864636607154841696e+00 1.116466248269293970e+00
2.079941530672734906e+00 1.866345907802450466e+00 1.115902990276768314e+00
2.082995776679596567e+00 1.868056775355209975e+00 1.115338696991011069e+00
2.086050022686458227e+00 1.869769211249492358e+00 1.114773376374527558e+00
2.089104268693319888e+00 1.871483216922986248e+00 1.114207036349851965e+00
2.092158514700181549e+00 1.873198793814698337e+00 1.113639684799740515e+00
2.095212760707042765e+00 1.874915943364954263e+00 1.113071329567362877e+00
2.098267006713904426e+00 1.876634667015401048e+00 1.112501978456494456e+00
2.101321252720766086e+00 1.878354966209005994e+00 1.111931639231707347e+00
2.104375498727627747e+00 1.880076842390059344e+00 1.111360319618561299e+00
2.107429744734489407e+00 1.881800297004176059e+00 1.110788027303787562e+00
2.110483990741350624e+00 1.883525331498295152e+00 1.110214769935482959e+00
2.113538236748212285e+00 1.885251947320683241e+00 1.109640555123291517e+00
2.116592482755073945e+00 1.886980145920933660e+00 1.109065390438594534e+00
2.119646728761935606e+00 1.888709928749969347e+00 1.108489283414692439e+00
2.122700974768797266e+00 1.890441297260042397e+00 1.107912241546990639e+00
2.125755220775658927e+00 1.892174252904736953e+00 1.107334272293182043e+00
2.128809466782520143e+00 1.893908797138968980e+00 1.106755383073430687e+00
2.131863712789381804e+00 1.895644931418988932e+00 1.106175581270552044e+00
2.134917958796243465e+00 1.897382657202381750e+00 1.105594874230192426e+00
2.137972204803105125e+00 1.899121975948068197e+00 1.105013269261012399e+00
2.141026450809966786e+00 1.900862889116307075e+00 1.104430773634861751e+00
2.144080696816828002e+00 1.902605398168695228e+00 1.103847394586959130e+00
2.147134942823689663e+00 1.904349504568169982e+00 1.103263139316069674e+00
2.150189188830551323e+00 1.906095209779009370e+00 1.102678014984678878e+00
2.153243434837412984e+00 1.907842515266833461e+00 1.102092028719171779e+00
2.156297680844274645e+00 1.909591422498606139e+00 1.101505187610003489e+00
2.159351926851136305e+00 1.911341932942635990e+00 1.100917498711875497e+00
2.162406172857997522e+00 1.913094048068577635e+00 1.100328969043907312e+00
2.165460418864859182e+00 1.914847769347433060e+00 1.099739605589808766e+00
2.168514664871720843e+00 1.916603098251552284e+00 1.099149415298050103e+00
2.171568910878582503e+00 1.918360036254635581e+00 1.098558405082034284e+00
2.174623156885444164e+00 1.920118584831733477e+00 1.097966581820264853e+00
2.177677402892305381e+00 1.921878745459248750e+00 1.097373952356514915e+00
2.180731648899167041e+00 1.923640519614938871e+00 1.096780523499995219e+00
2.183785894906028702e+00 1.925403908777914452e+00 1.096186302025520254e+00
2.186840140912890362e+00 1.927168914428642577e+00 1.095591294673675664e+00
2.189894386919752023e+00 1.928935538048947240e+00 1.094995508150983010e+00
2.192948632926613239e+00 1.930703781122010687e+00 1.094398949130064524e+00
2.196002878933474900e+00 1.932473645132375850e+00 1.093801624249804760e+00
2.199057124940336561e+00 1.934245131565945242e+00 1.093203540115517791e+00
2.202111370947198221e+00 1.936018241909984061e+00 1.092604703299105751e+00
2.205165616954059882e+00 1.937792977653121085e+00 1.092005120339221369e+00
2.208219862960921542e+00 1.939569340285349108e+00 1.091404797741428734e+00
2.211274108967782759e+00 1.941347331298026946e+00 1.090803741978362496e+00
2.214328354974644419e+00 1.943126952183881206e+00 1.090201959489887740e+00
2.217382600981506080e+00 1.944908204437006294e+00 1.089599456683257195e+00
2.220436846988367741e+00 1.946691089552866183e+00 1.088996239933269772e+00
2.223491092995229401e+00 1.948475609028295974e+00 1.088392315582426439e+00
2.226545339002090618e+00 1.950261764361502559e+00 1.087787689941085878e+00
2.229599585008952278e+00 1.952049557052066620e+00 1.087182369287621242e+00
2.232653831015813939e+00 1.953838988600943516e+00 1.086576359868571595e+00
2.235708077022675599e+00 1.955630060510464174e+00 1.085969667898800006e+00
2.238762323029537260e+00 1.957422774284336864e+00 1.085362299561641874e+00
2.241816569036398921e+00 1.959217131427648306e+00 1.084754261009059473e+00
2.244870815043260137e+00 1.961013133446865009e+00 1.084145558361793604e+00
2.247925061050121798e+00 1.962810781849834374e+00 1.083536197709513704e+00
2.250979307056983458e+00 1.964610078145785810e+00 1.082926185110966832e+00
2.254033553063845119e+00 1.966411023845332950e+00 1.082315526594128441e+00
2.257087799070706780e+00 1.968213620460473212e+00 1.081704228156350922e+00
2.260142045077567996e+00 1.970017869504590236e+00 1.081092295764508826e+00
2.263196291084429657e+00 1.971823772492456106e+00 1.080479735355149629e+00
2.266250537091291317e+00 1.973631330940230244e+00 1.079866552834636950e+00
2.269304783098152978e+00 1.975440546365462513e+00 1.079252754079298215e+00
2.272359029105014638e+00 1.977251420287093442e+00 1.078638344935568538e+00
2.275413275111875855e+00 1.979063954225456223e+00 1.078023331220135272e+00
2.278467521118737515e+00 1.980878149702278046e+00 1.077407718720080565e+00
2.281521767125599176e+00 1.982694008240680761e+00 1.076791513193026795e+00
2.284576013132460837e+00 1.984511531365182213e+00 1.076174720367274240e+00
2.287630259139322497e+00 1.986330720601698241e+00 1.075557345941948073e+00
2.290684505146184158e+00 1.988151577477542897e+00 1.074939395587133806e+00
2.293738751153045374e+00 1.989974103521430893e+00 1.074320874944020954e+00
2.296792997159907035e+00 1.991798300263478039e+00 1.073701789625040703e+00
2.299847243166768695e+00 1.993624169235203025e+00 1.073082145214004912e+00
2.302901489173630356e+00 1.995451711969528086e+00 1.072461947266244886e+00
2.305955735180492017e+00 1.997280930000780774e+00 1.071841201308747271e+00
2.309009981187353233e+00 1.999111824864695297e+00 1.071219912840291277e+00
2.312064227194214894e+00 2.000944398098413846e+00 1.070598087331585901e+00
2.315118473201076554e+00 2.002778651240487040e+00 1.069975730225404043e+00
2.318172719207938215e+00 2.004614585830876816e+00 1.069352846936716617e+00
2.321226965214799876e+00 2.006452203410955981e+00 1.068729442852827782e+00
2.324281211221661536e+00 2.008291505523510434e+00 1.068105523333508833e+00
2.327335457228522753e+00 2.010132493712740498e+00 1.067481093711129203e+00
2.330389703235384413e+00 2.011975169524262697e+00 1.066856159290789030e+00
2.333443949242246074e+00 2.013819534505109310e+00 1.066230725350451269e+00
2.336498195249107734e+00 2.015665590203731039e+00 1.065604797141072480e+00
2.339552441255969395e+00 2.017513338169998338e+00 1.064978379886733162e+00
2.342606687262830611e+00 2.019362779955201859e+00 1.064351478784765215e+00
2.345660933269692272e+00 2.021213917112056002e+00 1.063724099005883605e+00
2.348715179276553933e+00 2.023066751194696256e+00 1.063096245694313824e+00
2.351769425283415593e+00 2.024921283758684520e+00 1.062467923967918004e+00
2.354823671290277254e+00 2.026777516361007336e+00 1.061839138918324155e+00
2.357877917297138914e+00 2.028635450560079434e+00 1.061209895611051390e+00
2.360932163304000131e+00 2.030495087915743735e+00 1.060580199085635611e+00
2.363986409310861792e+00 2.032356429989273128e+00 1.059950054355755622e+00
2.367040655317723452e+00 2.034219478343372245e+00 1.059319466409356147e+00
2.370094901324585113e+00 2.036084234542177462e+00 1.058688440208773729e+00
2.373149147331446773e+00 2.037950700151259120e+00 1.058056980690858628e+00
2.376203393338307990e+00 2.039818876737622411e+00 1.057425092767098951e+00
2.379257639345169650e+00 2.041688765869710487e+00 1.056792781323740993e+00
2.382311885352031311e+00 2.043560369117402686e+00 1.056160051221912033e+00
2.385366131358892972e+00 2.045433688052018084e+00 1.055526907297742234e+00
2.388420377365754632e+00 2.047308724246315936e+00 1.054893354362482549e+00
2.391474623372615849e+00 2.049185479274497457e+00 1.054259397202627069e+00
2.394528869379477509e+00 2.051063954712206705e+00 1.053625040580030703e+00
2.397583115386339170e+00 2.052944152136532807e+00 1.052990289232028420e+00
2.400637361393200830e+00 2.054826073126009955e+00 1.052355147871553154e+00
2.403691607400062491e+00 2.056709719260618741e+00 1.051719621187254150e+00
2.406745853406924152e+00 2.058595092121789705e+00 1.051083713843612433e+00
2.409800099413785368e+00 2.060482193292401565e+00 1.050447430481058042e+00
2.412854345420647029e+00 2.062371024356785210e+00 1.049810775716086164e+00
2.415908591427508689e+00 2.064261586900723255e+00 1.049173754141371706e+00
2.418962837434370350e+00 2.066153882511452267e+00 1.048536370325884315e+00
2.422017083441232010e+00 2.068047912777663200e+00 1.047898628815002731e+00
2.425071329448093227e+00 2.069943679289503624e+00 1.047260534130628251e+00
2.428125575454954888e+00 2.071841183638579942e+00 1.046622090771296865e+00
2.431179821461816548e+00 2.073740427417956500e+00 1.045983303212293380e+00
2.434234067468678209e+00 2.075641412222157367e+00 1.045344175905762230e+00
2.437288313475539869e+00 2.077544139647169441e+00 1.044704713280819153e+00
2.440342559482401530e+00 2.079448611290442006e+00 1.044064919743663111e+00
2.443396805489262746e+00 2.081354828750889396e+00 1.043424799677683312e+00
2.446451051496124407e+00 2.083262793628890996e+00 1.042784357443573340e+00
2.449505297502986068e+00 2.085172507526293462e+00 1.042143597379437070e+00
2.452559543509847728e+00 2.087083972046412050e+00 1.041502523800900137e+00
2.455613789516709389e+00 2.088997188794031512e+00 1.040861141001215184e+00
2.458668035523570605e+00 2.090912159375407420e+00 1.040219453251371995e+00
2.461722281530432266e+00 2.092828885398268834e+00 1.039577464800202966e+00
2.464776527537293926e+00 2.094747368471817417e+00 1.038935179874491688e+00
2.467830773544155587e+00 2.096667610206730537e+00 1.038292602679075971e+00
2.470885019551017248e+00 2.098589612215162159e+00 1.037649737396957317e+00
2.473939265557878464e+00 2.100513376110743735e+00 1.037006588189403500e+00
2.476993511564740125e+00 2.102438903508586421e+00 1.036363159196052264e+00
2.480047757571601785e+00 2.104366196025281521e+00 1.035719454535019013e+00
2.483102003578463446e+00 2.106295255278902268e+00 1.035075478302996732e+00
2.486156249585325106e+00 2.108226082889005593e+00 1.034431234575361236e+00
2.489210495592186767e+00 2.110158680476632131e+00 1.033786727406272421e+00
2.492264741599047984e+00 2.112093049664309774e+00 1.033141960828778183e+00
2.495318987605909644e+00 2.114029192076052777e+00 1.032496938854913671e+00
2.498373233612771305e+00 2.115967109337364871e+00 1.031851665475803870e+00
2.501427479619632965e+00 2.117906803075238820e+00 1.031206144661763968e+00
2.504481725626494626e+00 2.119848274918160413e+00 1.030560380362399275e+00
2.507535971633355842e+00 2.121791526496106250e+00 1.029914376506705587e+00
2.510590217640217503e+00 2.123736559440549065e+00 1.029268137003166217e+00
2.513644463647079164e+00 2.125683375384456397e+00 1.028621665739853475e+00
2.516698709653940824e+00 2.127631975962292366e+00 1.027974966584525252e+00
2.519752955660802485e+00 2.129582362810019447e+00 1.027328043384723166e+00
2.522807201667664145e+00 2.131534537565100695e+00 1.026680899967868932e+00
2.525861447674525362e+00 2.133488501866498410e+00 1.026033540141363165e+00
2.528915693681387022e+00 2.135444257354679465e+00 1.025385967692679312e+00
2.531969939688248683e+00 2.137401805671613086e+00 1.024738186389461125e+00
2.535024185695110344e+00 2.139361148460774409e+00 1.024090199979617255e+00
2.538078431701972004e+00 2.141322287367144028e+00 1.023442012191417172e+00
2.541132677708833221e+00 2.143285224037212000e+00 1.022793626733583983e+00
2.544186923715694881e+00 2.145249960118977395e+00 1.022145047295389908e+00
2.547241169722556542e+00 2.147216497261948742e+00 1.021496277546748654e+00
2.550295415729418202e+00 2.149184837117148028e+00 1.020847321138310448e+00
2.553349661736279863e+00 2.151154981337109806e+00 1.020198181701552187e+00
2.556403907743141524e+00 2.153126931575883862e+00 1.019548862848871584e+00
2.559458153750002740e+00 2.155100689489036991e+00 1.018899368173677100e+00
2.562512399756864401e+00 2.157076256733652109e+00 1.018249701250482087e+00
2.565566645763726061e+00 2.159053634968332691e+00 1.017599865634992051e+00
2.568620891770587722e+00 2.161032825853201444e+00 1.016949864864198583e+00
2.571675137777449383e+00 2.163013831049903413e+00 1.016299702456466614e+00
2.574729383784310599e+00 2.164996652221606865e+00 1.015649381911625682e+00
2.577783629791172260e+00 2.166981291033005075e+00 1.014998906711057858e+00
2.580837875798033920e+00 2.168967749150316759e+00 1.014348280317787898e+00
2.583892121804895581e+00 2.170956028241287861e+00 1.013697506176569840e+00
2.586946367811757241e+00 2.172946129975193763e+00 1.013046587713976709e+00
2.590000613818618458e+00 2.174938056022838850e+00 1.012395528338486006e+00
2.593054859825480118e+00 2.176931808056561835e+00 1.011744331440567635e+00
2.596109105832341779e+00 2.178927387750231315e+00 1.011093000392771168e+00
2.599163351839203440e+00 2.180924796779252439e+00 1.010441538549810669e+00
2.602217597846065100e+00 2.182924036820564684e+00 1.009789949248651730e+00
2.605271843852926761e+00 2.184925109552645850e+00 1.009138235808595185e+00
2.608326089859787977e+00 2.186928016655512064e+00 1.008486401531363708e+00
2.611380335866649638e+00 2.188932759810719553e+00 1.007834449701185520e+00
2.614434581873511299e+00 2.190939340701365978e+00 1.007182383584879215e+00
2.617488827880372959e+00 2.192947761012091767e+00 1.006530206431935026e+00
2.620543073887234620e+00 2.194958022429081890e+00 1.005877921474601644e+00
2.623597319894095836e+00 2.196970126640065857e+00 1.005225531927967042e+00
2.626651565900957497e+00 2.198984075334323052e+00 1.004573040990040855e+00
2.629705811907819157e+00 2.200999870202678288e+00 1.003920451841836980e+00
2.632760057914680818e+00 2.203017512937508471e+00 1.003267767647455733e+00
2.635814303921542479e+00 2.205037005232740821e+00 1.002614991554164225e+00
2.638868549928404139e+00 2.207058348783855983e+00 1.001962126692477639e+00
2.641922795935265356e+00 2.209081545287888471e+00 1.001309176176240712e+00
2.644977041942127016e+00 2.211106596443428440e+00 1.000656143102705675e+00
2.648031287948988677e+00 2.213133503950623471e+00 1.000003030552614192e+00
2.651085533955850337e+00 2.215162269511179449e+00 9.993498415902757337e-01
2.654139779962711998e+00 2.217192894828361904e+00 9.986965792636465222e-01
2.657194025969573214e+00 2.219225381606998226e+00 9.980432466044077966e-01
2.660248271976434875e+00 2.221259731553478556e+00 9.973898466280457509e-01
2.663302517983296536e+00 2.223295946375757115e+00 9.967363823339268070e-01
2.666356763990158196e+00 2.225334027783353541e+00 9.960828567053774396e-01
2.669411009997019857e+00 2.227373977487355106e+00 9.954292727097596716e-01
2.672465256003881517e+00 2.229415797200417160e+00 9.947756332985487893e-01
2.675519502010742734e+00 2.231459488636764910e+00 9.941219414074090599e-01
2.678573748017604395e+00 2.233505053512196525e+00 9.934681999562696708e-01
2.681627994024466055e+00 2.235552493544080921e+00 9.928144118494013348e-01
2.684682240031327716e+00 2.237601810451362638e+00 9.921605799754905641e-01
2.687736486038189376e+00 2.239653005954560960e+00 9.915067072077149435e-01
2.690790732045050593e+00 2.241706081775773018e+00 9.908527964038171820e-01
2.693844978051912253e+00 2.243761039638675125e+00 9.901988504061798313e-01
2.696899224058773914e+00 2.245817881268522775e+00 9.895448720418998922e-01
2.699953470065635575e+00 2.247876608392152864e+00 9.888908641228602026e-01
2.703007716072497235e+00 2.249937222737986353e+00 9.882368294458041547e-01
2.706061962079358452e+00 2.251999726036027383e+00 9.875827707924078602e-01
2.709116208086220112e+00 2.254064120017866824e+00 9.869286909293533139e-01
2.712170454093081773e+00 2.256130406416682721e+00 9.862745926083987813e-01
2.715224700099943433e+00 2.258198586967242072e+00 9.856204785664526291e-01
2.718278946106805094e+00 2.260268663405900824e+00 9.849663515256433799e-01
2.721333192113666755e+00 2.262340637470608762e+00 9.843122141933905445e-01
2.724387438120527971e+00 2.264414510900906841e+00 9.836580692624765643e-01
2.727441684127389632e+00 2.266490285437932517e+00 9.830039194111153122e-01
2.730495930134251292e+00 2.268567962824417528e+00 9.823497673030243682e-01
2.733550176141112953e+00 2.270647544804692775e+00 9.816956155874925205e-01
2.736604422147974613e+00 2.272729033124686548e+00 9.810414668994505982e-01
2.739658668154835830e+00 2.274812429531928970e+00 9.803873238595396389e-01
2.742712914161697491e+00 2.276897735775551990e+00 9.797331890741800553e-01
2.745767160168559151e+00 2.278984953606289832e+00 9.790790651356398033e-01
2.748821406175420812e+00 2.281074084776482547e+00 9.784249546221023275e-01
2.751875652182282472e+00 2.283165131040076901e+00 9.777708600977340625e-01
2.754929898189144133e+00 2.285258094152626374e+00 9.771167841127526010e-01
2.757984144196005349e+00 2.287352975871294269e+00 9.764627292034920858e-01
2.761038390202867010e+00 2.289449777954855492e+00 9.758086978924723764e-01
2.764092636209728671e+00 2.291548502163695655e+00 9.751546926884628874e-01
2.767146882216590331e+00 2.293649150259815972e+00 9.745007160865500895e-01
2.770201128223451992e+00 2.295751724006830585e+00 9.738467705682039011e-01
2.773255374230313208e+00 2.297856225169971900e+00 9.731928586013410820e-01
2.776309620237174869e+00 2.299962655516091026e+00 9.725389826403918470e-01
2.779363866244036529e+00 2.302071016813656446e+00 9.718851451263647023e-01
2.782418112250898190e+00 2.304181310832760676e+00 9.712313484869099511e-01
2.785472358257759851e+00 2.306293539345116272e+00 9.705775951363855292e-01
2.788526604264621067e+00 2.308407704124061155e+00 9.699238874759188445e-01
2.791580850271482728e+00 2.310523806944559055e+00 9.692702278934718363e-01
2.794635096278344388e+00 2.312641849583200848e+00 9.686166187639040359e-01
2.797689342285206049e+00 2.314761833818204995e+00 9.679630624490346280e-01
2.800743588292067709e+00 2.316883761429420652e+00 9.673095612977069546e-01
2.803797834298929370e+00 2.319007634198329004e+00 9.666561176458484672e-01
2.806852080305790587e+00 2.321133453908043265e+00 9.660027338165348976e-01
2.809906326312652247e+00 2.323261222343312227e+00 9.653494121200509870e-01
2.812960572319513908e+00 2.325390941290520708e+00 9.646961548539514375e-01
2.816014818326375568e+00 2.327522612537689994e+00 9.640429643031240836e-01
2.819069064333237229e+00 2.329656237874481839e+00 9.633898427398485120e-01
2.822123310340098445e+00 2.331791819092197127e+00 9.627367924238582342e-01
2.825177556346960106e+00 2.333929357983780317e+00 9.620838156023999721e-01
2.828231802353821767e+00 2.336068856343818556e+00 9.614309145102943877e-01
2.831286048360683427e+00 2.338210315968543895e+00 9.607780913699952574e-01
2.834340294367545088e+00 2.340353738655835958e+00 9.601253483916492026e-01
2.837394540374406748e+00 2.342499126205221049e+00 9.594726877731551973e-01
2.840448786381267965e+00 2.344646480417876155e+00 9.588201117002226326e-01
2.843503032388129625e+00 2.346795803096629829e+00 9.581676223464300479e-01
2.846557278394991286e+00 2.348947096045961747e+00 9.575152218732847498e-01
2.849611524401852947e+00 2.351100361072007150e+00 9.568629124302785449e-01
2.852665770408714607e+00 2.353255599982555957e+00 9.562106961549475814e-01
2.855720016415575824e+00 2.355412814587055426e+00 9.555585751729289701e-01
2.858774262422437484e+00 2.357572006696612377e+00 9.549065515980170726e-01
2.861828508429299145e+00 2.359733178123992747e+00 9.542546275322225657e-01
2.864882754436160806e+00 2.361896330683625145e+00 9.536028050658269528e-01
2.867937000443022466e+00 2.364061466191600847e+00 9.529510862774407398e-01
2.870991246449884127e+00 2.366228586465676464e+00 9.522994732340572810e-01
2.874045492456745343e+00 2.368397693325273501e+00 9.516479679911116207e-01
2.877099738463607004e+00 2.370568788591483678e+00 9.509965725925330071e-01
2.880153984470468664e+00 2.372741874087066272e+00 9.503452890708026235e-01
2.883208230477330325e+00 2.374916951636452556e+00 9.496941194470069902e-01
2.886262476484191986e+00 2.377094023065744466e+00 9.490430657308939200e-01
2.889316722491053202e+00 2.379273090202720375e+00 9.483921299209258082e-01
2.892370968497914863e+00 2.381454154876832430e+00 9.477413140043356998e-01
2.895425214504776523e+00 2.383637218919210543e+00 9.470906199571788031e-01
2.898479460511638184e+00 2.385822284162662843e+00 9.464400497443883342e-01
2.901533706518499844e+00 2.388009352441677891e+00 9.457896053198284747e-01
2.904587952525361061e+00 2.390198425592425568e+00 9.451392886263463300e-01
2.907642198532222721e+00 2.392389505452759746e+00 9.444891015958273295e-01
2.910696444539084382e+00 2.394582593862218278e+00 9.438390461492449646e-01
2.913750690545946043e+00 2.396777692662024783e+00 9.431891241967165218e-01
2.916804936552807703e+00 2.398974803695092639e+00 9.425393376375522658e-01
2.919859182559669364e+00 2.401173928806022317e+00 9.418896883603089520e-01
2.922913428566530580e+00 2.403375069841106271e+00 9.412401782428418962e-01
2.925967674573392241e+00 2.405578228648330708e+00 9.405908091523554893e-01
2.929021920580253902e+00 2.407783407077374260e+00 9.399415829454540461e-01
2.932076166587115562e+00 2.409990606979610650e+00 9.392925014681953177e-01
2.935130412593977223e+00 2.412199830208112683e+00 9.386435665561373431e-01
2.938184658600838439e+00 2.414411078617650031e+00 9.379947800343927389e-01
2.941238904607700100e+00 2.416624354064693669e+00 9.373461437176759947e-01
2.944293150614561760e+00 2.418839658407416771e+00 9.366976594103548770e-01
2.947347396621423421e+00 2.421056993505694255e+00 9.360493289065009437e-01
2.950401642628285082e+00 2.423276361221107233e+00 9.354011539899371730e-01
2.953455888635146742e+00 2.425497763416943453e+00 9.347531364342884785e-01
2.956510134642007959e+00 2.427721201958198183e+00 9.341052780030304481e-01
2.959564380648869619e+00 2.429946678711575991e+00 9.334575804495385265e-01
2.962618626655731280e+00 2.432174195545493856e+00 9.328100455171357552e-01
2.965672872662592940e+00 2.434403754330080272e+00 9.321626749391421773e-01
2.968727118669454601e+00 2.436635356937178365e+00 9.315154704389222440e-01
2.971781364676315818e+00 2.438869005240347665e+00 9.308684337299333311e-01
2.974835610683177478e+00 2.441104701114864994e+00 9.302215665157721469e-01
2.977889856690039139e+00 2.443342446437726245e+00 9.295748704902233595e-01
2.980944102696900799e+00 2.445582243087647711e+00 9.289283473373068922e-01
2.983998348703762460e+00 2.447824092945067864e+00 9.282819987313237764e-01
2.987052594710623676e+00 2.450067997892148686e+00 9.276358263369047785e-01
2.990106840717485337e+00 2.452313959812778776e+00 9.269898318090541434e-01
2.993161086724346998e+00 2.454561980592572468e+00 9.263440167931987768e-01
2.996215332731208658e+00 2.456812062118872930e+00 9.256983829252326546e-01
2.999269578738070319e+00 2.459064206280753950e+00 9.250529318315632299e-01
3.002323824744931979e+00 2.461318414969019486e+00 9.244076651291567304e-01
3.005378070751793196e+00 2.463574690076208995e+00 9.237625844255843433e-01
3.008432316758654856e+00 2.465833033496595217e+00 9.231176913190667355e-01
3.011486562765516517e+00 2.468093447126188611e+00 9.224729873985189066e-01
3.014540808772378178e+00 2.470355932862735582e+00 9.218284742435960410e-01
3.017595054779239838e+00 2.472620492605724696e+00 9.211841534247366958e-01
3.020649300786101055e+00 2.474887128256384017e+00 9.205400265032089857e-01
3.023703546792962715e+00 2.477155841717685103e+00 9.198960950311517726e-01
3.026757792799824376e+00 2.479426634894344339e+00 9.192523605516220719e-01
3.029812038806686036e+00 2.481699509692823380e+00 9.186088245986364642e-01
3.032866284813547697e+00 2.483974468021331372e+00 9.179654886972156147e-01
3.035920530820409358e+00 2.486251511789828061e+00 9.173223543634267951e-01
3.038974776827270574e+00 2.488530642910022461e+00 9.166794231044279595e-01
3.042029022834132235e+00 2.490811863295377293e+00 9.160366964185093774e-01
3.045083268840993895e+00 2.493095174861108543e+00 9.153941757951384872e-01
3.048137514847855556e+00 2.495380579524188125e+00 9.147518627149996417e-01
3.051191760854717216e+00 2.497668079203345215e+00 9.141097586500386285e-01
3.054246006861578433e+00 2.499957675819067582e+00 9.134678650635033037e-01
3.057300252868440094e+00 2.502249371293604252e+00 9.128261834099866689e-01
3.060354498875301754e+00 2.504543167550965510e+00 9.121847151354673944e-01
3.063408744882163415e+00 2.506839066516926007e+00 9.115434616773525622e-01
3.066462990889025075e+00 2.509137070119025648e+00 9.109024244645174129e-01
3.069517236895886736e+00 2.511437180286570925e+00 9.102616049173481994e-01
3.072571482902747952e+00 2.513739398950636250e+00 9.096210044477814893e-01
3.075625728909609613e+00 2.516043728044068839e+00 9.089806244593456874e-01
3.078679974916471274e+00 2.518350169501484714e+00 9.083404663472020024e-01
3.081734220923332934e+00 2.520658725259275812e+00 9.077005314981835271e-01
3.084788466930194595e+00 2.522969397255606872e+00 9.070608212908362056e-01
3.087842712937055811e+00 2.525282187430420322e+00 9.064213370954589122e-01
3.090896958943917472e+00 2.527597097725438058e+00 9.057820802741424204e-01
3.093951204950779132e+00 2.529914130084160551e+00 9.051430521808098151e-01
3.097005450957640793e+00 2.532233286451870402e+00 9.045042541612546838e-01
3.100059696964502454e+00 2.534554568775632788e+00 9.038656875531823065e-01
3.103113942971363670e+00 2.536877979004298123e+00 9.032273536862467367e-01
3.106168188978225331e+00 2.539203519088504279e+00 9.025892538820898814e-01
3.109222434985086991e+00 2.541531190980675703e+00 9.019513894543811361e-01
3.112276680991948652e+00 2.543860996635027849e+00 9.013137617088549103e-01
3.115330926998810313e+00 2.546192938007566742e+00 9.006763719433490412e-01
3.118385173005671973e+00 2.548527017056092081e+00 9.000392214478434294e-01
3.121439419012533190e+00 2.550863235740197243e+00 8.994023115044972316e-01
3.124493665019394850e+00 2.553201596021273723e+00 8.987656433876867190e-01
3.127547911026256511e+00 2.555542099862509797e+00 8.981292183640434690e-01
3.130602157033118171e+00 2.557884749228893195e+00 8.974930376924903364e-01
3.133656403039979832e+00 2.560229546087213315e+00 8.968571026242804223e-01
3.136710649046841048e+00 2.562576492406062556e+00 8.962214144030321572e-01
3.139764895053702709e+00 2.564925590155838542e+00 8.955859742647673816e-01
3.142819141060564370e+00 2.567276841308743673e+00 8.949507834379480942e-01
3.145873387067426030e+00 2.569630247838789128e+00 8.943158431435127564e-01
3.148927633074287691e+00 2.571985811721795745e+00 8.936811545949108204e-01
3.151981879081149351e+00 2.574343534935395361e+00 8.930467189981425857e-01
3.155036125088010568e+00 2.576703419459032141e+00 8.924125375517912850e-01
3.158090371094872228e+00 2.579065467273967016e+00 8.917786114470606096e-01
3.161144617101733889e+00 2.581429680363274137e+00 8.911449418678115686e-01
3.164198863108595550e+00 2.583796060711847531e+00 8.905115299905950188e-01
3.167253109115457210e+00 2.586164610306399769e+00 8.898783769846897451e-01
3.170307355122318427e+00 2.588535331135464634e+00 8.892454840121357673e-01
3.173361601129180087e+00 2.590908225189400227e+00 8.886128522277697561e-01
3.176415847136041748e+00 2.593283294460387189e+00 8.879804827792606714e-01
3.179470093142903409e+00 2.595660540942434036e+00 8.873483768071425137e-01
3.182524339149765069e+00 2.598039966631375819e+00 8.867165354448508507e-01
3.185578585156626286e+00 2.600421573524877683e+00 8.860849598187557907e-01
3.188632831163487946e+00 2.602805363622436641e+00 8.854536510481960665e-01
3.191687077170349607e+00 2.605191338925382460e+00 8.848226102455137854e-01
3.194741323177211267e+00 2.607579501436878111e+00 8.841918385160877358e-01
3.197795569184072928e+00 2.609969853161924647e+00 8.835613369583671384e-01
3.200849815190934589e+00 2.612362396107360318e+00 8.829311066639048411e-01
3.203904061197795805e+00 2.614757132281862351e+00 8.823011487173908485e-01
3.206958307204657466e+00 2.617154063695950938e+00 8.816714641966858501e-01
3.210012553211519126e+00 2.619553192361988359e+00 8.810420541728530841e-01
3.213066799218380787e+00 2.621954520294181190e+00 8.804129197101928650e-01
3.216121045225242447e+00 2.624358049508582980e+00 8.797840618662737810e-01
3.219175291232103664e+00 2.626763782023094684e+00 8.791554816919662230e-01
3.222229537238965325e+00 2.629171719857469114e+00 8.785271802314735812e-01
3.225283783245826985e+00 2.631581865033308265e+00 8.778991585223657745e-01
3.228338029252688646e+00 2.633994219574068207e+00 8.772714175956110028e-01
3.231392275259550306e+00 2.636408785505059527e+00 8.766439584756067216e-01
3.234446521266411967e+00 2.638825564853450434e+00 8.760167821802126165e-01
3.237500767273273183e+00 2.641244559648265877e+00 8.753898897207819108e-01
3.240555013280134844e+00 2.643665771920392427e+00 8.747632821021916749e-01
3.243609259286996505e+00 2.646089203702577386e+00 8.741369603228759111e-01
3.246663505293858165e+00 2.648514857029431901e+00 8.735109253748558622e-01
3.249717751300719826e+00 2.650942733937431406e+00 8.728851782437707651e-01
3.252771997307581042e+00 2.653372836464918727e+00 8.722597199089094921e-01
3.255826243314442703e+00 2.655805166652106308e+00 8.716345513432399716e-01
3.258880489321304363e+00 2.658239726541074432e+00 8.710096735134414958e-01
3.261934735328166024e+00 2.660676518175777439e+00 8.703850873799335863e-01
3.264988981335027685e+00 2.663115543602042834e+00 8.697607938969076358e-01
3.268043227341889345e+00 2.665556804867572627e+00 8.691367940123561064e-01
3.271097473348750562e+00 2.668000304021946434e+00 8.685130886681027285e-01
3.274151719355612222e+00 2.670446043116624146e+00 8.678896787998315876e-01
3.277205965362473883e+00 2.672894024204943708e+00 8.672665653371195438e-01
3.280260211369335543e+00 2.675344249342126890e+00 8.666437492034625434e-01
3.283314457376197204e+00 2.677796720585279733e+00 8.660212313163075937e-01
3.286368703383058421e+00 2.680251439993392548e+00 8.653990125870794081e-01
3.289422949389920081e+00 2.682708409627344803e+00 8.647770939212120478e-01
3.292477195396781742e+00 2.685167631549903788e+00 8.641554762181773430e-01
3.295531441403643402e+00 2.687629107825729058e+00 8.635341603715127601e-01
3.298585687410505063e+00 2.690092840521371098e+00 8.629131472688512661e-01
3.301639933417366279e+00 2.692558831705276212e+00 8.622924377919491956e-01
3.304694179424227940e+00 2.695027083447786520e+00 8.616720328167151166e-01
3.307748425431089601e+00 2.697497597821142179e+00 8.610519332132376968e-01
3.310802671437951261e+00 2.699970376899481828e+00 8.604321398458150139e-01
3.313856917444812922e+00 2.702445422758846583e+00 8.598126535729817554e-01
3.316911163451674582e+00 2.704922737477180927e+00 8.591934752475368642e-01
3.319965409458535799e+00 2.707402323134331823e+00 8.585746057165719591e-01
3.323019655465397459e+00 2.709884181812057147e+00 8.579560458214990915e-01
3.326073901472259120e+00 2.712368315594019030e+00 8.573377963980776117e-01
3.329128147479120781e+00 2.714854726565791410e+00 8.567198582764422587e-01
3.332182393485982441e+00 2.717343416814860024e+00 8.561022322811303598e-01
3.335236639492843658e+00 2.719834388430624195e+00 8.554849192311082540e-01
3.338290885499705318e+00 2.722327643504398154e+00 8.548679199397994921e-01
3.341345131506566979e+00 2.724823184129413267e+00 8.542512352151109267e-01
3.344399377513428639e+00 2.727321012400820255e+00 8.536348658594593575e-01
3.347453623520290300e+00 2.729821130415690078e+00 8.530188126697988427e-01
3.350507869527151961e+00 2.732323540273016604e+00 8.524030764376465674e-01
3.353562115534013177e+00 2.734828244073716164e+00 8.517876579491101552e-01
3.356616361540874838e+00 2.737335243920633765e+00 8.511725579849124257e-01
3.359670607547736498e+00 2.739844541918539544e+00 8.505577773204188174e-01
3.362724853554598159e+00 2.742356140174134982e+00 8.499433167256633670e-01
3.365779099561459820e+00 2.744870040796050681e+00 8.493291769653739109e-01
3.368833345568321036e+00 2.747386245894851253e+00 8.487153587989978432e-01
3.371887591575182697e+00 2.749904757583037984e+00 8.481018629807286491e-01
3.374941837582044357e+00 2.752425577975045279e+00 8.474886902595308857e-01
3.377996083588906018e+00 2.754948709187247768e+00 8.468758413791652728e-01
3.381050329595767678e+00 2.757474153337959866e+00 8.462633170782144498e-01
3.384104575602628895e+00 2.760001912547437541e+00 8.456511180901085112e-01
3.387158821609490555e+00 2.762531988937880989e+00 8.450392451431485430e-01
3.390213067616352216e+00 2.765064384633435068e+00 8.444276989605334904e-01
3.393267313623213877e+00 2.767599101760192415e+00 8.438164802603833614e-01
3.396321559630075537e+00 2.770136142446194327e+00 8.432055897557649837e-01
3.399375805636937198e+00 2.772675508821432544e+00 8.425950281547165410e-01
3.402430051643798414e+00 2.775217203017851908e+00 8.419847961602711095e-01
3.405484297650660075e+00 2.777761227169352143e+00 8.413748944704816379e-01
3.408538543657521735e+00 2.780307583411788297e+00 8.407653237784450395e-01
3.411592789664383396e+00 2.782856273882972520e+00 8.401560847723276160e-01
3.414647035671245057e+00 2.785407300722678947e+00 8.395471781353858187e-01
3.417701281678106273e+00 2.787960666072640592e+00 8.389386045459942265e-01
3.420755527684967934e+00 2.790516372076556006e+00 8.383303646776654183e-01
3.423809773691829594e+00 2.793074420880087505e+00 8.377224591990770630e-01
3.426864019698691255e+00 2.795634814630864717e+00 8.371148887740932354e-01
3.429918265705552916e+00 2.798197555478486365e+00 8.365076540617879530e-01
3.432972511712414576e+00 2.800762645574521148e+00 8.359007557164701563e-01
3.436026757719275793e+00 2.803330087072509524e+00 8.352941943877053577e-01
3.439081003726137453e+00 2.805899882127968592e+00 8.346879707203385124e-01
3.442135249732999114e+00 2.808472032898388537e+00 8.340820853545192204e-01
3.445189495739860774e+00 2.811046541543238853e+00 8.334765389257220436e-01
3.448243741746722435e+00 2.813623410223968335e+00 8.328713320647709306e-01
3.451297987753583651e+00 2.816202641104005533e+00 8.322664653978608662e-01
3.454352233760445312e+00 2.818784236348765848e+00 8.316619395465816300e-01
3.457406479767306973e+00 2.821368198125646209e+00 8.310577551279385577e-01
3.460460725774168633e+00 2.823954528604032621e+00 8.304539127543768551e-01
3.463514971781030294e+00 2.826543229955297942e+00 8.298504130338029139e-01
3.466569217787891954e+00 2.829134304352806772e+00 8.292472565696057396e-01
3.469623463794753171e+00 2.831727753971915895e+00 8.286444439606801549e-01
3.472677709801614832e+00 2.834323580989975611e+00 8.280419758014480047e-01
3.475731955808476492e+00 2.836921787586333288e+00 8.274398526818805832e-01
3.478786201815338153e+00 2.839522375942332477e+00 8.268380751875201717e-01
3.481840447822199813e+00 2.842125348241317795e+00 8.262366438995008000e-01
3.484894693829061030e+00 2.844730706668634035e+00 8.256355593945714499e-01
3.487948939835922690e+00 2.847338453411631054e+00 8.250348222451158176e-01
3.491003185842784351e+00 2.849948590659662440e+00 8.244344330191744064e-01
3.494057431849646012e+00 2.852561120604089506e+00 8.238343922804667319e-01
3.497111677856507672e+00 2.855176045438281296e+00 8.232347005884097513e-01
3.500165923863368889e+00 2.857793367357618131e+00 8.226353584981425104e-01
3.503220169870230549e+00 2.860413088559493833e+00 8.220363665605427972e-01
3.506274415877092210e+00 2.863035211243314393e+00 8.214377253222527875e-01
3.509328661883953870e+00 2.865659737610504187e+00 8.208394353256952547e-01
3.512382907890815531e+00 2.868286669864504201e+00 8.202414971090975504e-01
3.515437153897677192e+00 2.870916010210775582e+00 8.196439112065095900e-01
3.518491399904538408e+00 2.873547760856801414e+00 8.190466781478268343e-01
3.521545645911400069e+00 2.876181924012088498e+00 8.184497984588083863e-01
3.524599891918261729e+00 2.878818501888169124e+00 8.178532726610986403e-01
3.527654137925123390e+00 2.881457496698602849e+00 8.172571012722458228e-01
3.530708383931985050e+00 2.884098910658976944e+00 8.166612848057251961e-01
3.533762629938846267e+00 2.886742745986911718e+00 8.160658237709552676e-01
3.536816875945707928e+00 2.889389004902060076e+00 8.154707186733199942e-01
3.539871121952569588e+00 2.892037689626108854e+00 8.148759700141872120e-01
3.542925367959431249e+00 2.894688802382781478e+00 8.142815782909307298e-01
3.545979613966292909e+00 2.897342345397840191e+00 8.136875439969463164e-01
3.549033859973154570e+00 2.899998320899087823e+00 8.130938676216741268e-01
3.552088105980015786e+00 2.902656731116369571e+00 8.125005496506167990e-01
3.555142351986877447e+00 2.905317578281572999e+00 8.119075905653592162e-01
3.558196597993739108e+00 2.907980864628634254e+00 8.113149908435872693e-01
3.561250844000600768e+00 2.910646592393535403e+00 8.107227509591070636e-01
3.564305090007462429e+00 2.913314763814308872e+00 8.101308713818647922e-01
3.567359336014323645e+00 2.915985381131038334e+00 8.095393525779644994e-01
3.570413582021185306e+00 2.918658446585861821e+00 8.089481950096872875e-01
3.573467828028046966e+00 2.921333962422972164e+00 8.083573991355107458e-01
3.576522074034908627e+00 2.924011930888618771e+00 8.077669654101270469e-01
3.579576320041770288e+00 2.926692354231111182e+00 8.071768942844618211e-01
3.582630566048631504e+00 2.929375234700819508e+00 8.065871862056920305e-01
3.585684812055493165e+00 2.932060574550176657e+00 8.059978416172648430e-01
3.588739058062354825e+00 2.934748376033680994e+00 8.054088609589160619e-01
3.591793304069216486e+00 2.937438641407896345e+00 8.048202446666891108e-01
3.594847550076078146e+00 2.940131372931456433e+00 8.042319931729510207e-01
3.597901796082939807e+00 2.942826572865064438e+00 8.036441069064127474e-01
3.600956042089801024e+00 2.945524243471495662e+00 8.030565862921456022e-01
3.604010288096662684e+00 2.948224387015601966e+00 8.024694317516003483e-01
3.607064534103524345e+00 2.950927005764308664e+00 8.018826437026242981e-01
3.610118780110386005e+00 2.953632101986620739e+00 8.012962225594789656e-01
3.613173026117247666e+00 2.956339677953622402e+00 8.007101687328583850e-01
3.616227272124108882e+00 2.959049735938479309e+00 8.001244826299058754e-01
3.619281518130970543e+00 2.961762278216443001e+00 7.995391646542324704e-01
3.622335764137832204e+00 2.964477307064848688e+00 7.989542152059332381e-01
3.625390010144693864e+00 2.967194824763119687e+00 7.983696346816052669e-01
3.628444256151555525e+00 2.969914833592769643e+00 7.977854234743646522e-01
3.631498502158417185e+00 2.972637335837402084e+00 7.972015819738644815e-01
3.634552748165278402e+00 2.975362333782715307e+00 7.966181105663102668e-01
3.637606994172140062e+00 2.978089829716502823e+00 7.960350096344784854e-01
3.640661240179001723e+00 2.980819825928654243e+00 7.954522795577326777e-01
3.643715486185863384e+00 2.983552324711159276e+00 7.948699207120406562e-01
3.646769732192725044e+00 2.986287328358108617e+00 7.942879334699912697e-01
3.649823978199586261e+00 2.989024839165694836e+00 7.937063182008103901e-01
3.652878224206447921e+00 2.991764859432217705e+00 7.931250752703785656e-01
3.655932470213309582e+00 2.994507391458081536e+00 7.925442050412464523e-01
3.658986716220171242e+00 2.997252437545800952e+00 7.919637078726525781e-01
3.662040962227032903e+00 3.000000000000000444e+00 7.913835841205385524e-01
