# tau=beta*t, lambda=exp[(gamma_dot/beta)*tau], sigma_norm=sigma/mu
# tau lambda sigma_over_mu
0.000000000000000000e+00 1.000000000000000000e+00 0.000000000000000000e+00
1.527123003430789355e-02 1.000916693709138716e+00 3.238872633006832646e-02
3.054246006861578711e-02 1.001834227745634021e+00 6.419587340017413046e-02
4.581369010292368066e-02 1.002752602879808386e+00 9.543139106424283757e-02
6.108492013723157421e-02 1.003671819882690830e+00 1.261050591678948563e-01
7.635615017153946082e-02 1.004591879526017140e+00 1.562264904568385349e-01
9.162738020584736132e-02 1.005512782582230535e+00 1.858051334354492712e-01
1.068986102401552618e-01 1.006434529824482338e+00 2.148502751763775309e-01
1.221698402744631484e-01 1.007357122026632634e+00 2.433710440820264775e-01
1.374410703087710350e-01 1.008280559963250500e+00 2.713764125987077058e-01
1.527123003430789216e-01 1.009204844409615776e+00 2.988751998843521274e-01
1.679835303773868360e-01 1.010129976141718400e+00 3.258760744304484147e-01
1.832547604116947226e-01 1.011055955936260187e+00 3.523875566391438952e-01
1.985259904460026092e-01 1.011982784570654159e+00 3.784180213561303963e-01
2.137972204803105236e-01 1.012910462823026991e+00 4.039757003602347796e-01
2.290684505146184102e-01 1.013838991472217677e+00 4.290686848102630568e-01
2.443396805489262968e-01 1.014768371297779748e+00 4.537049276500339512e-01
2.596109105832342112e-01 1.015698603079981499e+00 4.778922459721664517e-01
2.748821406175420701e-01 1.016629687599805987e+00 5.016383233413781451e-01
2.901533706518499844e-01 1.017561625638952583e+00 5.249507120780380065e-01
3.054246006861578433e-01 1.018494417979836753e+00 5.478368355025625691e-01
3.206958307204657577e-01 1.019428065405591832e+00 5.703039901414286295e-01
3.359670607547736720e-01 1.020362568700068806e+00 5.923593478953603775e-01
3.512382907890815309e-01 1.021297928647836750e+00 6.140099581704009379e-01
3.665095208233894453e-01 1.022234146034184832e+00 6.352627499725331806e-01
3.817807508576973596e-01 1.023171221645121198e+00 6.561245339663573928e-01
3.970519808920052185e-01 1.024109156267375198e+00 6.766020044985964210e-01
4.123232109263131329e-01 1.025047950688396936e+00 6.967017415868944630e-01
4.275944409606210472e-01 1.025987605696358607e+00 7.164302128745999587e-01
4.428656709949289061e-01 1.026928122080154715e+00 7.357937755520591594e-01
4.581369010292368205e-01 1.027869500629403410e+00 7.547986782450363252e-01
4.734081310635446793e-01 1.028811742134446039e+00 7.734510628707662594e-01
4.886793610978525937e-01 1.029754847386348704e+00 7.917569664622730041e-01
5.039505911321604525e-01 1.030698817176902926e+00 8.097223229614376461e-01
5.192218211664684224e-01 1.031643652298625868e+00 8.273529649813613496e-01
5.344930512007762813e-01 1.032589353544761002e+00 8.446546255385675162e-01
5.497642812350841401e-01 1.033535921709279215e+00 8.616329397555617664e-01
5.650355112693921100e-01 1.034483357586879038e+00 8.782934465342270292e-01
5.803067413036999689e-01 1.035431661972987749e+00 8.946415902005945275e-01
5.955779713380078277e-01 1.036380835663761601e+00 9.106827221214416346e-01
6.108492013723156866e-01 1.037330879456086485e+00 9.264221022932319638e-01
6.261204314066236565e-01 1.038281794147579262e+00 9.418649009038623232e-01
6.413916614409315153e-01 1.039233580536587764e+00 9.570161998676655069e-01
6.566628914752393742e-01 1.040186239422191461e+00 9.718809943341466528e-01
6.719341215095473441e-01 1.041139771604202569e+00 9.864641941709046957e-01
6.872053515438552029e-01 1.042094177883166273e+00 1.000770625421165017e+00
7.024765815781630618e-01 1.043049459060362061e+00 1.014805031736379259e+00
7.177478116124710317e-01 1.044005615937803277e+00 1.028572075784285778e+00
7.330190416467788905e-01 1.044962649318238901e+00 1.042076340632904996e+00
7.482902716810867494e-01 1.045920560005153988e+00 1.055322331110830181e+00
7.635615017153947193e-01 1.046879348802769671e+00 1.068314475144237274e+00
7.788327317497025781e-01 1.047839016516044497e+00 1.081057125071032354e+00
7.941039617840104370e-01 1.048799563950675084e+00 1.093554558932504861e+00
8.093751918183184069e-01 1.049760991913096131e+00 1.105810981742866739e+00
8.246464218526262657e-01 1.050723301210482186e+00 1.117830526737098040e+00
8.399176518869341246e-01 1.051686492650747429e+00 1.129617256597412300e+00
8.551888819212420945e-01 1.052650567042546559e+00 1.141175164658750463e+00
8.704601119555499533e-01 1.053615525195275904e+00 1.152508176093657077e+00
8.857313419898578122e-01 1.054581367919073198e+00 1.163620149076864285e+00
9.010025720241656710e-01 1.055548096024819804e+00 1.174514875929980828e+00
9.162738020584736409e-01 1.056515710324139157e+00 1.185196084246559423e+00
9.315450320927814998e-01 1.057484211629399651e+00 1.195667437997958160e+00
9.468162621270893586e-01 1.058453600753713753e+00 1.205932538620250849e+00
9.620874921613973285e-01 1.059423878510939998e+00 1.215994926082569538e+00
9.773587221957051874e-01 1.060395045715682549e+00 1.225858079937149236e+00
9.926299522300130462e-01 1.061367103183292082e+00 1.235525420351419879e+00
1.007901182264320905e+00 1.062340051729866897e+00 1.245000309122454851e+00
1.023172412298628764e+00 1.063313892172254027e+00 1.254286050674055186e+00
1.038443642332936845e+00 1.064288625328048132e+00 1.263385893036769847e+00
1.053714872367244704e+00 1.065264252015594382e+00 1.272303028811182291e+00
1.068986102401552563e+00 1.066240773053987567e+00 1.281040596114693120e+00
1.084257332435860421e+00 1.067218189263073436e+00 1.289601679512123011e+00
1.099528562470168280e+00 1.068196501463449355e+00 1.297989310930400375e+00
1.114799792504476139e+00 1.069175710476464980e+00 1.306206470557599530e+00
1.130071022538784220e+00 1.070155817124222697e+00 1.314256087726607403e+00
1.145342252573092079e+00 1.071136822229578733e+00 1.322141041783678972e+00
1.160613482607399938e+00 1.072118726616143602e+00 1.329864162942136163e+00
1.175884712641707797e+00 1.073101531108282547e+00 1.337428233121468635e+00
1.191155942676015655e+00 1.074085236531116649e+00 1.344835986772087599e+00
1.206427172710323514e+00 1.075069843710523720e+00 1.352090111685977813e+00
1.221698402744631373e+00 1.076055353473137854e+00 1.359193249793476221e+00
1.236969632778939454e+00 1.077041766646351872e+00 1.366147997946449699e+00
1.252240862813247313e+00 1.078029084058316434e+00 1.372956908688053757e+00
1.267512092847555172e+00 1.079017306537941145e+00 1.379622491009347307e+00
1.282783322881863031e+00 1.080006434914896563e+00 1.386147211092974008e+00
1.298054552916170890e+00 1.080996470019612410e+00 1.392533493044105564e+00
1.313325782950478748e+00 1.081987412683280692e+00 1.398783719608920784e+00
1.328597012984786829e+00 1.082979263737854803e+00 1.404900232880771815e+00
1.343868243019094688e+00 1.083972024016051083e+00 1.410885334994295359e+00
1.359139473053402547e+00 1.084965694351349041e+00 1.416741288807649379e+00
1.374410703087710406e+00 1.085960275577992240e+00 1.422470318573090031e+00
1.389681933122018265e+00 1.086955768530989186e+00 1.428074610596085980e+00
1.404953163156326124e+00 1.087952174046113774e+00 1.433556313883160627e+00
1.420224393190634204e+00 1.088949492959905729e+00 1.438917540778662740e+00
1.435495623224942063e+00 1.089947726109671944e+00 1.444160367590655358e+00
1.450766853259249922e+00 1.090946874333486916e+00 1.449286835206101465e+00
1.466038083293557781e+00 1.091946938470192974e+00 1.454298949695535192e+00
1.481309313327865640e+00 1.092947919359402054e+00 1.459198682907402400e+00
1.496580543362173499e+00 1.093949817841495031e+00 1.463987973052232272e+00
1.511851773396481358e+00 1.094952634757623944e+00 1.468668725276838005e+00
1.527123003430789439e+00 1.095956370949711101e+00 1.473242812228690912e+00
1.542394233465097297e+00 1.096961027260451305e+00 1.477712074610658899e+00
1.557665463499405156e+00 1.097966604533311408e+00 1.482078321726255199e+00
1.572936693533713015e+00 1.098973103612531643e+00 1.486343332015577223e+00
1.588207923568020874e+00 1.099980525343126070e+00 1.490508853582080295e+00
1.603479153602328733e+00 1.100988870570883238e+00 1.494576604710350143e+00
1.618750383636636814e+00 1.101998140142367522e+00 1.498548274375032019e+00
1.634021613670944673e+00 1.103008334904918675e+00 1.502425522741054786e+00
1.649292843705252531e+00 1.104019455706653607e+00 1.506209981655314500e+00
1.664564073739560390e+00 1.105031503396466608e+00 1.509903255129952049e+00
1.679835303773868249e+00 1.106044478824030453e+00 1.513506919817375840e+00
1.695106533808176108e+00 1.107058382839796185e+00 1.517022525477160544e+00
1.710377763842484189e+00 1.108073216294994667e+00 1.520451595434980208e+00
1.725648993876792048e+00 1.109088980041637473e+00 1.523795627033690092e+00
1.740920223911099907e+00 1.110105674932516884e+00 1.527056092076704230e+00
1.756191453945407766e+00 1.111123301821206777e+00 1.530234437263799263e+00
1.771462683979715624e+00 1.112141861562063738e+00 1.533332084619470237e+00
1.786733914014023483e+00 1.113161355010227727e+00 1.536350431913971359e+00
1.802005144048331342e+00 1.114181783021622074e+00 1.539290853077158516e+00
1.817276374082639423e+00 1.115203146452955041e+00 1.542154698605268326e+00
1.832547604116947282e+00 1.116225446161720258e+00 1.544943295960740759e+00
1.847818834151255141e+00 1.117248683006197396e+00 1.547657949965219437e+00
1.863090064185563000e+00 1.118272857845452828e+00 1.550299943185829976e+00
1.878361294219870858e+00 1.119297971539340297e+00 1.552870536314867378e+00
1.893632524254178717e+00 1.120324024948502251e+00 1.555370968542993504e+00
1.908903754288486798e+00 1.121351018934369614e+00 1.557802457926060757e+00
1.924174984322794657e+00 1.122378954359163128e+00 1.560166201745670556e+00
1.939446214357102516e+00 1.123407832085894009e+00 1.562463376863569842e+00
1.954717444391410375e+00 1.124437652978364399e+00 1.564695140070001766e+00
1.969988674425718234e+00 1.125468417901168472e+00 1.566862628426098247e+00
1.985259904460026092e+00 1.126500127719692879e+00 1.568966959600432087e+00
2.000531134494333951e+00 1.127532783300117414e+00 1.571009232199812589e+00
2.015802364528641810e+00 1.128566385509416570e+00 1.572990526094441455e+00
2.031073594562949669e+00 1.129600935215358426e+00 1.574911902737507141e+00
2.046344824597257528e+00 1.130636433286507758e+00 1.576774405479326013e+00
2.061616054631565831e+00 1.131672880592224706e+00 1.578579059876116686e+00
2.076887284665873690e+00 1.132710278002666549e+00 1.580326873993502357e+00
2.092158514700181549e+00 1.133748626388788372e+00 1.582018838704830177e+00
2.107429744734489407e+00 1.134787926622343734e+00 1.583655927984396250e+00
2.122700974768797266e+00 1.135828179575885111e+00 1.585239099195661971e+00
2.137972204803105125e+00 1.136869386122765002e+00 1.586769293374551415e+00
2.153243434837412984e+00 1.137911547137136159e+00 1.588247435507911698e+00
2.168514664871720843e+00 1.138954663493953134e+00 1.589674434807213155e+00
2.183785894906028702e+00 1.139998736068972285e+00 1.591051184977584798e+00
2.199057124940336561e+00 1.141043765738752880e+00 1.592378564482248571e+00
2.214328354974644419e+00 1.142089753380657768e+00 1.593657436802444316e+00
2.229599585008952278e+00 1.143136699872853601e+00 1.594888650692910526e+00
2.244870815043260137e+00 1.144184606094312828e+00 1.596073040433012569e+00
2.260142045077568440e+00 1.145233472924813034e+00 1.597211426073574581e+00
2.275413275111876299e+00 1.146283301244938269e+00 1.598304613679500275e+00
2.290684505146184158e+00 1.147334091936080380e+00 1.599353395568255731e+00
2.305955735180492017e+00 1.148385845880438572e+00 1.600358550544276337e+00
2.321226965214799876e+00 1.149438563961021398e+00 1.601320844129371368e+00
2.336498195249107734e+00 1.150492247061645879e+00 1.602241028789201049e+00
2.351769425283415593e+00 1.151546896066940162e+00 1.603119844155880713e+00
2.367040655317723452e+00 1.152602511862343082e+00 1.603958017246791323e+00
2.382311885352031311e+00 1.153659095334105045e+00 1.604756262679650325e+00
2.397583115386339170e+00 1.154716647369288474e+00 1.605515282883912986e+00
2.412854345420647029e+00 1.155775168855769808e+00 1.606235768308568623e+00
2.428125575454954888e+00 1.156834660682238614e+00 1.606918397626381889e+00
2.443396805489262746e+00 1.157895123738199805e+00 1.607563837934658180e+00
2.458668035523571049e+00 1.158956558913973200e+00 1.608172744952574895e+00
2.473939265557878908e+00 1.160018967100694631e+00 1.608745763215147617e+00
2.489210495592186767e+00 1.161082349190317720e+00 1.609283526263886710e+00
2.504481725626494626e+00 1.162146706075612546e+00 1.609786656834196528e+00
2.519752955660802485e+00 1.163212038650168312e+00 1.610255767039582731e+00
2.535024185695110344e+00 1.164278347808393566e+00 1.610691458552707900e+00
2.550295415729418202e+00 1.165345634445515977e+00 1.611094322783365618e+00
2.565566645763726061e+00 1.166413899457584558e+00 1.611464941053409872e+00
2.580837875798033920e+00 1.167483143741469442e+00 1.611803884768705508e+00
2.596109105832341779e+00 1.168553368194862774e+00 1.612111715588139260e+00
2.611380335866649638e+00 1.169624573716280036e+00 1.612388985589752854e+00
2.626651565900957497e+00 1.170696761205059833e+00 1.612636237434033726e+00
2.641922795935265800e+00 1.171769931561365663e+00 1.612854004524426843e+00
2.657194025969573659e+00 1.172844085686185922e+00 1.613042811165101620e+00
2.672465256003881517e+00 1.173919224481335233e+00 1.613203172716033196e+00
2.687736486038189376e+00 1.174995348849454224e+00 1.613335595745430062e+00
2.703007716072497235e+00 1.176072459694011973e+00 1.613440578179568652e+00
2.718278946106805094e+00 1.177150557919304896e+00 1.613518609450066421e+00
2.733550176141112953e+00 1.178229644430458745e+00 1.613570170638643608e+00
2.748821406175420812e+00 1.179309720133428829e+00 1.613595734619418076e+00
2.764092636209728671e+00 1.180390785935001352e+00 1.613595766198767212e+00
2.779363866244036529e+00 1.181472842742793405e+00 1.613570722252807954e+00
2.794635096278344388e+00 1.182555891465254083e+00 1.613521051862530253e+00
2.809906326312652247e+00 1.183639933011665368e+00 1.613447196446626153e+00
2.825177556346960106e+00 1.184724968292142577e+00 1.613349589892050240e+00
2.840448786381268409e+00 1.185810998217635692e+00 1.613228658682355876e+00
2.855720016415576268e+00 1.186898023699929361e+00 1.613084822023841625e+00
2.870991246449884127e+00 1.187986045651644451e+00 1.612918491969543622e+00
2.886262476484191986e+00 1.189075064986238051e+00 1.612730073541117859e+00
2.901533706518499844e+00 1.190165082618004799e+00 1.612519964848637688e+00
2.916804936552807703e+00 1.191256099462077334e+00 1.612288557208351847e+00
2.932076166587115562e+00 1.192348116434427396e+00 1.612036235258433869e+00
2.947347396621423421e+00 1.193441134451866281e+00 1.611763377072753745e+00
2.962618626655731280e+00 1.194535154432045720e+00 1.611470354272715122e+00
2.977889856690039139e+00 1.195630177293458773e+00 1.611157532137178716e+00
2.993161086724346998e+00 1.196726203955440271e+00 1.610825269710517205e+00
3.008432316758654856e+00 1.197823235338167702e+00 1.610473919908820495e+00
3.023703546792962715e+00 1.198921272362662549e+00 1.610103829624296656e+00
3.038974776827271018e+00 1.200020315950790062e+00 1.609715339827886948e+00
3.054246006861578877e+00 1.201120367025261038e+00 1.609308785670134689e+00
3.069517236895886736e+00 1.202221426509631597e+00 1.608884496580331724e+00
3.084788466930194595e+00 1.203323495328304737e+00 1.608442796363975802e+00
3.100059696964502454e+00 1.204426574406531003e+00 1.607984003298562836e+00
3.115330926998810313e+00 1.205530664670409147e+00 1.607508430227752472e+00
3.130602157033118171e+00 1.206635767046886354e+00 1.607016384653919383e+00
3.145873387067426030e+00 1.207741882463760241e+00 1.606508168829133609e+00
3.161144617101733889e+00 1.208849011849678190e+00 1.605984079844585466e+00
3.176415847136041748e+00 1.209957156134139344e+00 1.605444409718487453e+00
3.191687077170349607e+00 1.211066316247495056e+00 1.604889445482476473e+00
3.206958307204657466e+00 1.212176493120949106e+00 1.604319469266545006e+00
3.222229537238965325e+00 1.213287687686559035e+00 1.603734758382520109e+00
3.237500767273273627e+00 1.214399900877236815e+00 1.603135585406125774e+00
3.252771997307581486e+00 1.215513133626749731e+00 1.602522218257636633e+00
3.268043227341889345e+00 1.216627386869721050e+00 1.601894920281168977e+00
3.283314457376197204e+00 1.217742661541630467e+00 1.601253950322607089e+00
3.298585687410505063e+00 1.218858958578815654e+00 1.600599562806212628e+00
3.313856917444812922e+00 1.219976278918472268e+00 1.599932007809918844e+00
3.329128147479120781e+00 1.221094623498655496e+00 1.599251531139347371e+00
3.344399377513428639e+00 1.222213993258279841e+00 1.598558374400561588e+00
3.359670607547736498e+00 1.223334389137121114e+00 1.597852775071576970e+00
3.374941837582044357e+00 1.224455812075816219e+00 1.597134966572657744e+00
3.390213067616352216e+00 1.225578263015864700e+00 1.596405178335410735e+00
3.405484297650660075e+00 1.226701742899628522e+00 1.595663635870704145e+00
3.420755527684968378e+00 1.227826252670334295e+00 1.594910560835427704e+00
3.436026757719276237e+00 1.228951793272072601e+00 1.594146171098113740e+00
3.451297987753584096e+00 1.230078365649799998e+00 1.593370680803444017e+00
3.466569217787891954e+00 1.231205970749338796e+00 1.592584300435651024e+00
3.481840447822199813e+00 1.232334609517378832e+00 1.591787236880844558e+00
3.497111677856507672e+00 1.233464282901477471e+00 1.590979693488272062e+00
3.512382907890815531e+00 1.234594991850060719e+00 1.590161870130535560e+00
3.527654137925123390e+00 1.235726737312423884e+00 1.589333963262786753e+00
3.542925367959431249e+00 1.236859520238732912e+00 1.588496165980905594e+00
3.558196597993739108e+00 1.237993341580024165e+00 1.587648668078693204e+00
3.573467828028046966e+00 1.239128202288206193e+00 1.586791656104089343e+00
3.588739058062354825e+00 1.240264103316060185e+00 1.585925313414430216e+00
3.604010288096662684e+00 1.241401045617240850e+00 1.585049820230764350e+00
3.619281518130970987e+00 1.242539030146276424e+00 1.584165353691248113e+00
3.634552748165278846e+00 1.243678057858570885e+00 1.583272087903621950e+00
3.649823978199586705e+00 1.244818129710403953e+00 1.582370193996802010e+00
3.665095208233894564e+00 1.245959246658931319e+00 1.581459840171587805e+00
3.680366438268202423e+00 1.247101409662186855e+00 1.580541191750503893e+00
3.695637668302510281e+00 1.248244619679082401e+00 1.579614411226800241e+00
3.710908898336818140e+00 1.249388877669408648e+00 1.578679658312608147e+00
3.726180128371125999e+00 1.250534184593836029e+00 1.577737089986282149e+00
3.741451358405433858e+00 1.251680541413916270e+00 1.576786860538932133e+00
3.756722588439741717e+00 1.252827949092081949e+00 1.575829121620166973e+00
3.771993818474049576e+00 1.253976408591647829e+00 1.574864022283052334e+00
3.787265048508357435e+00 1.255125920876812184e+00 1.573891709028307773e+00
3.802536278542665293e+00 1.256276486912657031e+00 1.572912325847749093e+00
3.817807508576973596e+00 1.257428107665149009e+00 1.571926014266990412e+00
3.833078738611281455e+00 1.258580784101139827e+00 1.570932913387420360e+00
3.848349968645589314e+00 1.259734517188368486e+00 1.569933159927460631e+00
3.863621198679897173e+00 1.260889307895459943e+00 1.568926888263122210e+00
3.878892428714205032e+00 1.262045157191928002e+00 1.567914230467876147e+00
3.894163658748512891e+00 1.263202066048175087e+00 1.566895316351834433e+00
3.909434888782820749e+00 1.264360035435492469e+00 1.565870273500275855e+00
3.924706118817128608e+00 1.265519066326062703e+00 1.564839227311504599e+00
3.939977348851436467e+00 1.266679159692958967e+00 1.563802301034072695e+00
3.955248578885744326e+00 1.267840316510146836e+00 1.562759615803362090e+00
3.970519808920052185e+00 1.269002537752484283e+00 1.561711290677548325e+00
3.985791038954360044e+00 1.270165824395723009e+00 1.560657442672949591e+00
4.001062268988667903e+00 1.271330177416509777e+00 1.559598186798772046e+00
4.016333499022976206e+00 1.272495597792385746e+00 1.558533636091267160e+00
4.031604729057283620e+00 1.273662086501788915e+00 1.557463901647305748e+00
4.046875959091591923e+00 1.274829644524053673e+00 1.556389092657377349e+00
4.062147189125899338e+00 1.275998272839412584e+00 1.555309316438032941e+00
4.077418419160207641e+00 1.277167972428996379e+00 1.554224678463771214e+00
4.092689649194515056e+00 1.278338744274835737e+00 1.553135282398383499e+00
4.107960879228823359e+00 1.279510589359860839e+00 1.552041230125763782e+00
4.123232109263131662e+00 1.280683508667903592e+00 1.550942621780196484e+00
4.138503339297439076e+00 1.281857503183697178e+00 1.549839555776124644e+00
4.153774569331747379e+00 1.283032573892878059e+00 1.548732128837414734e+00
4.169045799366054794e+00 1.284208721781985751e+00 1.547620436026122981e+00
4.184317029400363097e+00 1.285385947838464604e+00 1.546504570770766529e+00
4.199588259434670512e+00 1.286564253050663353e+00 1.545384624894123871e+00
4.214859489468978815e+00 1.287743638407837787e+00 1.544260688640549883e+00
4.230130719503286230e+00 1.288924104900149858e+00 1.543132850702834791e+00
4.245401949537594533e+00 1.290105653518669238e+00 1.542001198248600602e+00
4.260673179571901947e+00 1.291288285255373980e+00 1.540865816946252354e+00
4.275944409606210250e+00 1.292472001103152301e+00 1.539726790990481264e+00
4.291215639640517665e+00 1.293656802055801691e+00 1.538584203127343342e+00
4.306486869674825968e+00 1.294842689108030909e+00 1.537438134678900559e+00
4.321758099709134271e+00 1.296029663255460429e+00 1.536288665567449918e+00
4.337029329743441686e+00 1.297217725494623997e+00 1.535135874339335960e+00
4.352300559777749989e+00 1.298406876822968403e+00 1.533979838188361144e+00
4.367571789812057403e+00 1.299597118238854376e+00 1.532820632978795894e+00
4.382843019846365706e+00 1.300788450741559021e+00 1.531658333267995387e+00
4.398114249880673121e+00 1.301980875331274046e+00 1.530493012328634217e+00
4.413385479914981424e+00 1.303174393009109311e+00 1.529324742170562690e+00
4.428656709949288839e+00 1.304369004777091501e+00 1.528153593562288082e+00
4.443927939983597142e+00 1.305564711638166342e+00 1.526979636052092415e+00
4.459199170017904557e+00 1.306761514596198603e+00 1.525802937988791408e+00
4.474470400052212860e+00 1.307959414655973651e+00 1.524623566542138597e+00
4.489741630086520274e+00 1.309158412823197670e+00 1.523441587722882185e+00
4.505012860120828577e+00 1.310358510104498997e+00 1.522257066402481929e+00
4.520284090155136880e+00 1.311559707507428119e+00 1.521070066332489201e+00
4.535555320189444295e+00 1.312762006040460117e+00 1.519880650163597524e+00
4.550826550223752598e+00 1.313965406712994000e+00 1.518688879464369146e+00
4.566097780258060013e+00 1.315169910535353592e+00 1.517494814739643871e+00
4.581369010292368316e+00 1.316375518518790200e+00 1.516298515448631035e+00
4.596640240326675730e+00 1.317582231675480609e+00 1.515100040022699046e+00
4.611911470360984033e+00 1.318790051018530640e+00 1.513899445882856742e+00
4.627182700395291448e+00 1.319998977561974041e+00 1.512696789456941637e+00
4.642453930429599751e+00 1.321209012320774923e+00 1.511492126196512409e+00
4.657725160463907166e+00 1.322420156310826655e+00 1.510285510593456726e+00
4.672996390498215469e+00 1.323632410548955196e+00 1.509076996196313747e+00
4.688267620532522884e+00 1.324845776052917756e+00 1.507866635626320395e+00
4.703538850566831186e+00 1.326060253841404579e+00 1.506654480593187850e+00
4.718810080601139489e+00 1.327275844934040050e+00 1.505440581910600262e+00
4.734081310635446904e+00 1.328492550351382917e+00 1.504224989511460775e+00
4.749352540669755207e+00 1.329710371114927847e+00 1.503007752462870439e+00
4.764623770704062622e+00 1.330929308247105425e+00 1.501788918980855758e+00
4.779895000738370925e+00 1.332149362771284151e+00 1.500568536444845114e+00
4.795166230772678340e+00 1.333370535711769778e+00 1.499346651411899378e+00
4.810437460806986643e+00 1.334592828093807748e+00 1.498123309630697175e+00
4.825708690841294057e+00 1.335816240943583200e+00 1.496898556055287655e+00
4.840979920875602360e+00 1.337040775288221628e+00 1.495672434858604127e+00
4.856251150909909775e+00 1.338266432155790220e+00 1.494444989445752325e+00
4.871522380944218078e+00 1.339493212575299186e+00 1.493216262467067956e+00
4.886793610978525493e+00 1.340721117576701094e+00 1.491986295830957099e+00
4.902064841012833796e+00 1.341950148190893088e+00 1.490755130716513222e+00
4.917336071047142099e+00 1.343180305449717782e+00 1.489522807585924147e+00
4.932607301081449513e+00 1.344411590385962585e+00 1.488289366196663854e+00
4.947878531115757816e+00 1.345644004033362595e+00 1.487054845613480447e+00
4.963149761150065231e+00 1.346877547426600374e+00 1.485819284220178726e+00
4.978420991184373534e+00 1.348112221601306615e+00 1.484582719731200040e+00
4.993692221218680949e+00 1.349348027594061694e+00 1.483345189203010728e+00
5.008963451252989252e+00 1.350584966442396118e+00 1.482106729045291393e+00
5.024234681287296667e+00 1.351823039184791186e+00 1.480867375031938327e+00
5.039505911321604970e+00 1.353062246860680773e+00 1.479627162311878186e+00
5.054777141355912384e+00 1.354302590510451099e+00 1.478386125419697272e+00
5.070048371390220687e+00 1.355544071175442511e+00 1.477144298286092061e+00
5.085319601424528990e+00 1.356786689897949483e+00 1.475901714248138985e+00
5.100590831458836405e+00 1.358030447721222167e+00 1.474658406059394578e+00
5.115862061493144708e+00 1.359275345689467063e+00 1.473414405899816870e+00
5.131133291527452123e+00 1.360521384847848125e+00 1.472169745385524697e+00
5.146404521561760426e+00 1.361768566242486989e+00 1.470924455578386247e+00
5.161675751596067840e+00 1.363016890920464297e+00 1.469678566995449742e+00
5.176946981630376143e+00 1.364266359929821260e+00 1.468432109618205139e+00
5.192218211664683558e+00 1.365516974319558541e+00 1.467185112901700395e+00
5.207489441698991861e+00 1.366768735139639590e+00 1.465937605783490305e+00
5.222760671733299276e+00 1.368021643440989532e+00 1.464689616692443908e+00
5.238031901767607579e+00 1.369275700275497609e+00 1.463441173557392450e+00
5.253303131801914994e+00 1.370530906696016737e+00 1.462192303815638583e+00
5.268574361836223297e+00 1.371787263756365283e+00 1.460943034421316122e+00
5.283845591870531599e+00 1.373044772511327505e+00 1.459693391853609246e+00
5.299116821904839014e+00 1.374303434016654668e+00 1.458443402124831367e+00
5.314388051939147317e+00 1.375563249329065485e+00 1.457193090788367229e+00
5.329659281973454732e+00 1.376824219506247893e+00 1.455942482946478433e+00
5.344930512007763035e+00 1.378086345606859275e+00 1.454691603257979748e+00
5.360201742042070450e+00 1.379349628690527130e+00 1.453440475945781962e+00
5.375472972076378753e+00 1.380614069817850842e+00 1.452189124804305509e+00
5.390744202110686167e+00 1.381879670050401243e+00 1.450937573206772191e+00
5.406015432144994470e+00 1.383146430450723274e+00 1.449685844112368338e+00
5.421286662179301885e+00 1.384414352082335320e+00 1.448433960073291171e+00
5.436557892213610188e+00 1.385683436009730540e+00 1.447181943241669266e+00
5.451829122247917603e+00 1.386953683298378648e+00 1.445929815376372884e+00
5.467100352282225906e+00 1.388225095014725019e+00 1.444677597849700401e+00
5.482371582316534209e+00 1.389497672226193803e+00 1.443425311653955934e+00
5.497642812350841623e+00 1.390771416001186367e+00 1.442172977407917944e+00
5.512914042385149926e+00 1.392046327409084849e+00 1.440920615363189272e+00
5.528185272419457341e+00 1.393322407520250383e+00 1.439668245410447911e+00
5.543456502453765644e+00 1.394599657406026427e+00 1.438415887085584988e+00
5.558727732488073059e+00 1.395878078138737655e+00 1.437163559575744820e+00
5.573998962522381362e+00 1.397157670791692174e+00 1.435911281725255062e+00
5.589270192556688777e+00 1.398438436439181976e+00 1.434659072041463146e+00
5.604541422590997080e+00 1.399720376156483814e+00 1.433406948700467254e+00
5.619812652625304494e+00 1.401003491019859659e+00 1.432154929552755585e+00
5.635083882659612797e+00 1.402287782106559133e+00 1.430903032128745700e+00
5.650355112693920212e+00 1.403573250494818403e+00 1.429651273644229725e+00
5.665626342728228515e+00 1.404859897263862623e+00 1.428399671005731841e+00
5.680897572762536818e+00 1.406147723493905710e+00 1.427148240815768521e+00
5.696168802796844233e+00 1.407436730266152347e+00 1.425896999378023278e+00
5.711440032831152536e+00 1.408726918662798422e+00 1.424645962702431046e+00
5.726711262865459950e+00 1.410018289767031030e+00 1.423395146510179732e+00
5.741982492899768253e+00 1.411310844663031139e+00 1.422144566238623620e+00
5.757253722934075668e+00 1.412604584435973143e+00 1.420894237046111508e+00
5.772524952968383971e+00 1.413899510172026197e+00 1.419644173816740462e+00
5.787796183002691386e+00 1.415195622958355326e+00 1.418394391165020751e+00
5.803067413036999689e+00 1.416492923883121868e+00 1.417144903440463954e+00
5.818338643071307104e+00 1.417791414035485253e+00 1.415895724732095573e+00
5.833609873105615407e+00 1.419091094505602557e+00 1.414646868872889041e+00
5.848881103139922821e+00 1.420391966384630722e+00 1.413398349444123792e+00
5.864152333174231124e+00 1.421694030764726779e+00 1.412150179779670278e+00
5.879423563208539427e+00 1.422997288739049182e+00 1.410902372970201712e+00
5.894694793242846842e+00 1.424301741401757804e+00 1.409654941867335198e+00
5.909966023277155145e+00 1.425607389848016160e+00 1.408407899087701365e+00
5.925237253311462560e+00 1.426914235173991630e+00 1.407161257016944944e+00
5.940508483345770863e+00 1.428222278476856344e+00 1.405915027813658735e+00
5.955779713380078277e+00 1.429531520854787852e+00 1.404669223413248513e+00
5.971050943414386580e+00 1.430841963406971118e+00 1.403423855531735320e+00
5.986322173448693995e+00 1.432153607233598080e+00 1.402178935669488924e+00
6.001593403483002298e+00 1.433466453435869425e+00 1.400934475114903099e+00
6.016864633517309713e+00 1.434780503115995698e+00 1.399690484948003411e+00
6.032135863551618016e+00 1.436095757377197080e+00 1.398446976043997259e+00
6.047407093585925431e+00 1.437412217323705610e+00 1.397203959076761759e+00
6.062678323620233733e+00 1.438729884060765629e+00 1.395961444522273442e+00
6.077949553654542036e+00 1.440048758694634223e+00 1.394719442661980890e+00
6.093220783688849451e+00 1.441368842332582556e+00 1.393477963586112978e+00
6.108492013723157754e+00 1.442690136082897645e+00 1.392237017196943816e+00
6.123763243757465169e+00 1.444012641054881252e+00 1.390996613211989530e+00
6.139034473791773472e+00 1.445336358358853213e+00 1.389756761167157517e+00
6.154305703826080887e+00 1.446661289106150328e+00 1.388517470419841970e+00
6.169576933860389190e+00 1.447987434409128582e+00 1.387278750151963669e+00
6.184848163894696604e+00 1.449314795381163590e+00 1.386040609372962029e+00
6.200119393929004907e+00 1.450643373136651260e+00 1.384803056922732756e+00
6.215390623963312322e+00 1.451973168791009572e+00 1.383566101474519305e+00
6.230661853997620625e+00 1.453304183460678578e+00 1.382329751537750173e+00
6.245933084031928040e+00 1.454636418263121955e+00 1.381094015460833990e+00
6.261204314066236343e+00 1.455969874316828117e+00 1.379858901433903107e+00
6.276475544100544646e+00 1.457304552741309989e+00 1.378624417491510767e+00
6.291746774134852060e+00 1.458640454657107233e+00 1.377390571515285655e+00
6.307018004169160363e+00 1.459977581185786688e+00 1.376157371236537807e+00
6.322289234203467778e+00 1.461315933449943483e+00 1.374924824238819010e+00
6.337560464237776081e+00 1.462655512573201255e+00 1.373692937960449001e+00
6.352831694272083496e+00 1.463996319680214375e+00 1.372461719696983717e+00
6.368102924306391799e+00 1.465338355896667499e+00 1.371231176603658453e+00
6.383374154340699214e+00 1.466681622349277792e+00 1.370001315697774613e+00
6.398645384375007517e+00 1.468026120165794923e+00 1.368772143861054058e+00
6.413916614409314931e+00 1.469371850475002406e+00 1.367543667841954802e+00
6.429187844443623234e+00 1.470718814406718478e+00 1.366315894257941421e+00
6.444459074477930649e+00 1.472067013091797216e+00 1.365088829597720155e+00
6.459730304512238952e+00 1.473416447662129203e+00 1.363862480223437146e+00
6.475001534546547255e+00 1.474767119250642633e+00 1.362636852372837382e+00
6.490272764580854670e+00 1.476119028991304427e+00 1.361411952161387218e+00
6.505543994615162973e+00 1.477472178019120896e+00 1.360187785584362041e+00
6.520815224649470387e+00 1.478826567470138631e+00 1.358964358518897964e+00
6.536086454683778690e+00 1.480182198481445832e+00 1.357741676726007540e+00
6.551357684718086105e+00 1.481539072191172979e+00 1.356519745852563741e+00
6.566628914752394408e+00 1.482897189738493937e+00 1.355298571433246835e+00
6.581900144786701823e+00 1.484256552263626849e+00 1.354078158892461303e+00
6.597171374821010126e+00 1.485617160907835022e+00 1.352858513546219221e+00
6.612442604855317541e+00 1.486979016813427812e+00 1.351639640603991444e+00
6.627713834889625844e+00 1.488342121123762185e+00 1.350421545170525928e+00
6.642985064923933258e+00 1.489706474983242490e+00 1.349204232247639190e+00
6.658256294958241561e+00 1.491072079537323125e+00 1.347987706735973124e+00
6.673527524992549864e+00 1.492438935932507427e+00 1.346771973436723835e+00
6.688798755026857279e+00 1.493807045316350557e+00 1.345557037053342064e+00
6.704069985061165582e+00 1.495176408837459281e+00 1.344342902193202960e+00
6.719341215095472997e+00 1.496547027645493300e+00 1.343129573369247431e+00
6.734612445129781300e+00 1.497918902891166359e+00 1.341917055001598635e+00
6.749883675164088714e+00 1.499292035726246697e+00 1.340705351419147373e+00
6.765154905198397017e+00 1.500666427303558814e+00 1.339494466861112620e+00
6.780426135232704432e+00 1.502042078776983924e+00 1.338284405478573857e+00
6.795697365267012735e+00 1.503418991301460395e+00 1.337075171335980750e+00
6.810968595301320150e+00 1.504797166032986189e+00 1.335866768412633521e+00
6.826239825335628453e+00 1.506176604128618646e+00 1.334659200604139562e+00
6.841511055369936756e+00 1.507557306746475367e+00 1.333452471723846955e+00
6.856782285404244170e+00 1.508939275045736217e+00 1.332246585504250680e+00
6.872053515438552473e+00 1.510322510186643097e+00 1.331041545598377951e+00
6.887324745472859888e+00 1.511707013330501947e+00 1.329837355581146019e+00
6.902595975507168191e+00 1.513092785639682969e+00 1.328634018950702655e+00
6.917867205541475606e+00 1.514479828277622175e+00 1.327431539129739768e+00
6.933138435575783909e+00 1.515868142408821839e+00 1.326229919466783480e+00
6.948409665610091324e+00 1.517257729198851823e+00 1.325029163237468000e+00
6.963680895644399627e+00 1.518648589814350691e+00 1.323829273645781290e+00
6.978952125678707041e+00 1.520040725423026151e+00 1.322630253825295421e+00
6.994223355713015344e+00 1.521434137193656166e+00 1.321432106840371379e+00
7.009494585747322759e+00 1.522828826296090510e+00 1.320234835687346564e+00
7.024765815781631062e+00 1.524224793901251429e+00 1.319038443295699636e+00
7.040037045815939365e+00 1.525622041181134092e+00 1.317842932529199818e+00
7.055308275850246780e+00 1.527020569308808362e+00 1.316648306187028439e+00
7.070579505884555083e+00 1.528420379458419243e+00 1.315454567004894715e+00
7.085850735918862497e+00 1.529821472805188209e+00 1.314261717656116657e+00
7.101121965953170800e+00 1.531223850525414321e+00 1.313069760752697102e+00
7.116393195987478215e+00 1.532627513796474217e+00 1.311878698846373537e+00
7.131664426021786518e+00 1.534032463796824564e+00 1.310688534429654828e+00
7.146935656056093933e+00 1.535438701706001829e+00 1.309499269936834631e+00
7.162206886090402236e+00 1.536846228704623840e+00 1.308310907744996143e+00
7.177478116124709651e+00 1.538255045974391111e+00 1.307123450174989765e+00
7.192749346159017954e+00 1.539665154698086846e+00 1.305936899492402992e+00
7.208020576193325368e+00 1.541076556059578717e+00 1.304751257908508766e+00
7.223291806227633671e+00 1.542489251243819970e+00 1.303566527581197843e+00
7.238563036261941974e+00 1.543903241436849427e+00 1.302382710615900274e+00
7.253834266296249389e+00 1.545318527825793486e+00 1.301199809066483137e+00
7.269105496330557692e+00 1.546735111598867007e+00 1.300017824936140043e+00
7.284376726364865107e+00 1.548152993945373979e+00 1.298836760178262884e+00
7.299647956399173410e+00 1.549572176055707962e+00 1.297656616697299148e+00
7.314919186433480824e+00 1.550992659121354755e+00 1.296477396349592803e+00
7.330190416467789127e+00 1.552414444334891952e+00 1.295299100944213855e+00
7.345461646502096542e+00 1.553837532889989825e+00 1.294121732243773026e+00
7.360732876536404845e+00 1.555261925981413773e+00 1.292945291965220678e+00
7.376004106570712260e+00 1.556687624805024095e+00 1.291769781780635729e+00
7.391275336605020563e+00 1.558114630557777103e+00 1.290595203317996154e+00
7.406546566639327978e+00 1.559542944437726453e+00 1.289421558161941928e+00
7.421817796673636281e+00 1.560972567644024478e+00 1.288248847854521761e+00
7.437089026707944583e+00 1.562403501376921966e+00 1.287077073895928070e+00
7.452360256742251998e+00 1.563835746837770602e+00 1.285906237745217506e+00
7.467631486776560301e+00 1.565269305229023189e+00 1.284736340821024614e+00
7.482902716810867716e+00 1.566704177754234539e+00 1.283567384502256159e+00
7.498173946845176019e+00 1.568140365618063470e+00 1.282399370128779470e+00
7.513445176879483434e+00 1.569577870026272137e+00 1.281232299002096342e+00
7.528716406913791737e+00 1.571016692185728703e+00 1.280066172386006063e+00
7.543987636948099151e+00 1.572456833304407331e+00 1.278900991507258000e+00
7.559258866982407454e+00 1.573898294591389968e+00 1.277736757556192204e+00
7.574530097016714869e+00 1.575341077256866118e+00 1.276573471687368011e+00
7.589801327051023172e+00 1.576785182512135508e+00 1.275411135020184883e+00
7.605072557085330587e+00 1.578230611569607422e+00 1.274249748639491031e+00
7.620343787119638890e+00 1.579677365642803810e+00 1.273089313596180716e+00
7.635615017153947193e+00 1.581125445946357511e+00 1.271929830907783776e+00
7.650886247188254607e+00 1.582574853696015804e+00 1.270771301559044053e+00
7.666157477222562910e+00 1.584025590108640191e+00 1.269613726502485829e+00
7.681428707256870325e+00 1.585477656402207502e+00 1.268457106658975819e+00
7.696699937291178628e+00 1.586931053795811675e+00 1.267301442918269405e+00
7.711971167325486043e+00 1.588385783509663307e+00 1.266146736139553308e+00
7.727242397359794346e+00 1.589841846765092104e+00 1.264992987151975168e+00
7.742513627394101761e+00 1.591299244784547096e+00 1.263840196755165790e+00
7.757784857428410064e+00 1.592757978791598639e+00 1.262688365719751626e+00
7.773056087462717478e+00 1.594218050010937304e+00 1.261537494787860370e+00
7.788327317497025781e+00 1.595679459668377875e+00 1.260387584673615669e+00
7.803598547531333196e+00 1.597142208990858014e+00 1.259238636063624295e+00
7.818869777565641499e+00 1.598606299206440040e+00 1.258090649617457313e+00
7.834141007599949802e+00 1.600071731544312259e+00 1.256943625968118816e+00
7.849412237634257217e+00 1.601538507234789632e+00 1.255797565722510001e+00
7.864683467668565520e+00 1.603006627509315329e+00 1.254652469461883468e+00
7.879954697702872934e+00 1.604476093600460951e+00 1.253508337742292422e+00
7.895225927737181237e+00 1.605946906741928082e+00 1.252365171095028762e+00
7.910497157771488652e+00 1.607419068168549403e+00 1.251222970027056292e+00
7.925768387805796955e+00 1.608892579116289134e+00 1.250081735021435714e+00
7.941039617840104370e+00 1.610367440822245255e+00 1.248941466537743183e+00
7.956310847874412673e+00 1.611843654524648839e+00 1.247802165012479314e+00
7.971582077908720088e+00 1.613321221462866939e+00 1.246663830859475075e+00
7.986853307943028391e+00 1.614800142877402145e+00 1.245526464470286587e+00
8.002124537977335805e+00 1.616280420009894137e+00 1.244390066214587476e+00
8.017395768011644108e+00 1.617762054103121461e+00 1.243254636440551453e+00
8.032666998045952411e+00 1.619245046401001309e+00 1.242120175475228905e+00
8.047938228080260714e+00 1.620729398148591294e+00 1.240986683624919706e+00
8.063209458114567241e+00 1.622215110592090337e+00 1.239854161175534042e+00
8.078480688148875544e+00 1.623702184978840002e+00 1.238722608392954339e+00
8.093751918183183847e+00 1.625190622557325160e+00 1.237592025523385431e+00
8.109023148217492150e+00 1.626680424577174877e+00 1.236462412793701615e+00
8.124294378251798676e+00 1.628171592289163971e+00 1.235333770411786158e+00
8.139565608286106979e+00 1.629664126945213898e+00 1.234206098566866583e+00
8.154836838320415282e+00 1.631158029798393860e+00 1.233079397429843072e+00
8.170108068354723585e+00 1.632653302102921256e+00 1.231953667153611987e+00
8.185379298389030112e+00 1.634149945114163671e+00 1.230828907873384281e+00
8.200650528423338415e+00 1.635647960088639330e+00 1.229705119706996364e+00
8.215921758457646717e+00 1.637147348284018200e+00 1.228582302755219846e+00
8.231192988491955020e+00 1.638648110959123549e+00 1.227460457102059532e+00
8.246464218526263323e+00 1.640150249373931945e+00 1.226339582815055396e+00
8.261735448560569850e+00 1.641653764789575476e+00 1.225219679945569684e+00
8.277006678594878153e+00 1.643158658468342193e+00 1.224100748529075133e+00
8.292277908629186456e+00 1.644664931673677000e+00 1.222982788585439629e+00
8.307549138663494759e+00 1.646172585670183430e+00 1.221865800119199319e+00
8.322820368697801285e+00 1.647681621723624090e+00 1.220749783119834175e+00
8.338091598732109588e+00 1.649192041100921768e+00 1.219634737562032889e+00
8.353362828766417891e+00 1.650703845070160769e+00 1.218520663405959770e+00
8.368634058800726194e+00 1.652217034900587800e+00 1.217407560597511207e+00
8.383905288835032721e+00 1.653731611862613082e+00 1.216295429068570577e+00
8.399176518869341024e+00 1.655247577227811462e+00 1.215184268737258488e+00
8.414447748903649327e+00 1.656764932268923518e+00 1.214074079508178805e+00
8.429718978937957630e+00 1.658283678259856231e+00 1.212964861272660233e+00
8.444990208972265933e+00 1.659803816475684757e+00 1.211856613908993907e+00
8.460261439006572459e+00 1.661325348192652429e+00 1.210749337282667648e+00
8.475532669040880762e+00 1.662848274688173422e+00 1.209643031246594669e+00
8.490803899075189065e+00 1.664372597240832308e+00 1.208537695641339393e+00
8.506075129109497368e+00 1.665898317130386053e+00 1.207433330295339946e+00
8.521346359143803895e+00 1.667425435637764242e+00 1.206329935025126643e+00
8.536617589178112198e+00 1.668953954045071519e+00 1.205227509635534711e+00
8.551888819212420501e+00 1.670483873635586924e+00 1.204126053919917450e+00
8.567160049246728803e+00 1.672015195693766554e+00 1.203025567660351625e+00
8.582431279281035330e+00 1.673547921505243341e+00 1.201926050627841969e+00
8.597702509315343633e+00 1.675082052356829720e+00 1.200827502582520356e+00
8.612973739349651936e+00 1.676617589536516517e+00 1.199729923273845644e+00
8.628244969383960239e+00 1.678154534333476056e+00 1.198633312440793297e+00
8.643516199418268542e+00 1.679692888038062382e+00 1.197537669812048344e+00
8.658787429452575068e+00 1.681232651941811929e+00 1.196442995106191676e+00
8.674058659486883371e+00 1.682773827337445738e+00 1.195349288031883228e+00
8.689329889521191674e+00 1.684316415518869459e+00 1.194256548288044062e+00
8.704601119555499977e+00 1.685860417781174903e+00 1.193164775564032221e+00
8.719872349589806504e+00 1.687405835420640932e+00 1.192073969539819256e+00
8.735143579624114807e+00 1.688952669734735235e+00 1.190984129886160092e+00
8.750414809658423110e+00 1.690500922022114105e+00 1.189895256264763557e+00
8.765686039692731413e+00 1.692050593582625329e+00 1.188807348328456692e+00
8.780957269727037939e+00 1.693601685717306848e+00 1.187720405721350181e+00
8.796228499761346242e+00 1.695154199728390765e+00 1.186634428078994663e+00
8.811499729795654545e+00 1.696708136919302223e+00 1.185549415028541720e+00
8.826770959829962848e+00 1.698263498594660748e+00 1.184465366188899305e+00
8.842042189864271151e+00 1.699820286060282459e+00 1.183382281170880512e+00
8.857313419898577678e+00 1.701378500623180301e+00 1.182300159577356125e+00
8.872584649932885981e+00 1.702938143591565590e+00 1.181219001003400715e+00
8.887855879967194284e+00 1.704499216274848683e+00 1.180138805036437866e+00
8.903127110001502587e+00 1.706061719983639868e+00 1.179059571256382277e+00
8.918398340035809113e+00 1.707625656029751138e+00 1.177981299235778989e+00
8.933669570070117416e+00 1.709191025726197743e+00 1.176903988539941048e+00
8.948940800104425719e+00 1.710757830387197531e+00 1.175827638727084512e+00
8.964212030138734022e+00 1.712326071328173382e+00 1.174752249348462563e+00
8.979483260173040549e+00 1.713895749865754103e+00 1.173677819948494072e+00
8.994754490207348852e+00 1.715466867317775757e+00 1.172604350064892831e+00
9.010025720241657154e+00 1.717039425003282105e+00 1.171531839228793892e+00
9.025296950275965457e+00 1.718613424242525944e+00 1.170460286964877250e+00
9.040568180310273760e+00 1.720188866356970658e+00 1.169389692791490187e+00
9.055839410344580287e+00 1.721765752669290661e+00 1.168320056220765624e+00
9.071110640378888590e+00 1.723344084503373175e+00 1.167251376758742465e+00
9.086381870413196893e+00 1.724923863184319117e+00 1.166183653905478401e+00
9.101653100447505196e+00 1.726505090038443546e+00 1.165116887155167591e+00
9.116924330481811722e+00 1.728087766393277880e+00 1.164051075996247464e+00
9.132195560516120025e+00 1.729671893577570341e+00 1.162986219911513297e+00
9.147466790550428328e+00 1.731257472921287066e+00 1.161922318378223906e+00
9.162738020584736631e+00 1.732844505755613662e+00 1.160859370868208451e+00
9.178009250619043158e+00 1.734432993412955426e+00 1.159797376847971684e+00
9.193280480653351461e+00 1.736022937226939789e+00 1.158736335778795423e+00
9.208551710687659764e+00 1.737614338532416536e+00 1.157676247116838919e+00
9.223822940721968067e+00 1.739207198665458476e+00 1.156617110313241659e+00
9.239094170756276370e+00 1.740801518963364103e+00 1.155558924814215960e+00
9.254365400790582896e+00 1.742397300764656931e+00 1.154501690061147778e+00
9.269636630824891199e+00 1.743994545409088381e+00 1.153445405490686637e+00
9.284907860859199502e+00 1.745593254237637337e+00 1.152390070534840882e+00
9.300179090893507805e+00 1.747193428592512143e+00 1.151335684621068278e+00
9.315450320927814332e+00 1.748795069817151493e+00 1.150282247172364380e+00
9.330721550962122635e+00 1.750398179256225761e+00 1.149229757607353353e+00
9.345992780996430938e+00 1.752002758255638115e+00 1.148178215340370567e+00
9.361264011030739240e+00 1.753608808162524957e+00 1.147127619781551422e+00
9.376535241065045767e+00 1.755216330325257701e+00 1.146077970336912388e+00
9.391806471099354070e+00 1.756825326093444550e+00 1.145029266408433832e+00
9.407077701133662373e+00 1.758435796817930274e+00 1.143981507394141284e+00
9.422348931167970676e+00 1.760047743850797763e+00 1.142934692688184706e+00
9.437620161202278979e+00 1.761661168545369804e+00 1.141888821680916433e+00
9.452891391236585505e+00 1.763276072256209526e+00 1.140843893758967553e+00
9.468162621270893808e+00 1.764892456339121729e+00 1.139799908305322962e+00
9.483433851305202111e+00 1.766510322151154444e+00 1.138756864699397298e+00
9.498705081339510414e+00 1.768129671050599150e+00 1.137714762317106221e+00
9.513976311373816941e+00 1.769750504396992774e+00 1.136673600530938577e+00
9.529247541408125244e+00 1.771372823551118802e+00 1.135633378710025232e+00
9.544518771442433547e+00 1.772996629875007502e+00 1.134594096220212345e+00
9.559790001476741850e+00 1.774621924731938361e+00 1.133555752424124652e+00
9.575061231511048376e+00 1.776248709486439648e+00 1.132518346681235633e+00
9.590332461545356679e+00 1.777876985504291740e+00 1.131481878347931236e+00
9.605603691579664982e+00 1.779506754152526238e+00 1.130446346777576050e+00
9.620874921613973285e+00 1.781138016799427959e+00 1.129411751320575030e+00
9.636146151648281588e+00 1.782770774814536052e+00 1.128378091324437893e+00
9.651417381682588115e+00 1.784405029568644885e+00 1.127345366133840621e+00
9.666688611716896418e+00 1.786040782433806040e+00 1.126313575090681862e+00
9.681959841751204721e+00 1.787678034783328540e+00 1.125282717534146881e+00
9.697231071785513024e+00 1.789316787991780178e+00 1.124252792800764400e+00
9.712502301819819550e+00 1.790957043434988405e+00 1.123223800224462776e+00
9.727773531854127853e+00 1.792598802490043219e+00 1.122195739136626402e+00
9.743044761888436156e+00 1.794242066535295610e+00 1.121168608866153438e+00
9.758315991922744459e+00 1.795886836950360887e+00 1.120142408739506434e+00
9.773587221957050986e+00 1.797533115116118241e+00 1.119117138080769180e+00
9.788858451991359289e+00 1.799180902414713845e+00 1.118092796211697992e+00
9.804129682025667591e+00 1.800830200229560196e+00 1.117069382451772341e+00
9.819400912059975894e+00 1.802481009945337886e+00 1.116046896118247034e+00
9.834672142094284197e+00 1.804133332947996937e+00 1.115025336526201283e+00
9.849943372128590724e+00 1.805787170624757909e+00 1.114004702988589113e+00
9.865214602162899027e+00 1.807442524364113234e+00 1.112984994816285544e+00
9.880485832197207330e+00 1.809099395555827661e+00 1.111966211318135889e+00
9.895757062231515633e+00 1.810757785590940694e+00 1.110948351801000822e+00
9.911028292265822159e+00 1.812417695861765710e+00 1.109931415569803237e+00
9.926299522300130462e+00 1.814079127761894172e+00 1.108915401927572209e+00
9.941570752334438765e+00 1.815742082686193415e+00 1.107900310175488956e+00
9.956841982368747068e+00 1.817406562030810635e+00 1.106886139612928366e+00
9.972113212403055371e+00 1.819072567193171786e+00 1.105872889537502957e+00
9.987384442437361898e+00 1.820740099571984683e+00 1.104860559245104845e+00
1.000265567247167020e+01 1.822409160567239006e+00 1.103849148029946159e+00
1.001792690250597850e+01 1.824079751580208075e+00 1.102838655184599670e+00
1.003319813254028681e+01 1.825751874013449072e+00 1.101829080000040539e+00
1.004846936257459333e+01 1.827425529270805482e+00 1.100820421765683177e+00
1.006374059260890164e+01 1.829100718757407762e+00 1.099812679769421653e+00
1.007901182264320994e+01 1.830777443879674005e+00 1.098805853297664559e+00
1.009428305267751824e+01 1.832455706045311716e+00 1.097799941635377641e+00
1.010955428271182477e+01 1.834135506663318704e+00 1.096794944066113775e+00
1.012482551274613307e+01 1.835816847143985076e+00 1.095790859872054268e+00
1.014009674278044137e+01 1.837499728898893014e+00 1.094787688334041498e+00
1.015536797281474968e+01 1.839184153340919003e+00 1.093785428731614440e+00
1.017063920284905798e+01 1.840870121884234489e+00 1.092784080343041975e+00
1.018591043288336451e+01 1.842557635944307215e+00 1.091783642445358193e+00
1.020118166291767281e+01 1.844246696937902996e+00 1.090784114314393038e+00
1.021645289295198111e+01 1.845937306283086166e+00 1.089785495224807610e+00
1.023172412298628942e+01 1.847629465399220461e+00 1.088787784450122587e+00
1.024699535302059594e+01 1.849323175706971245e+00 1.087790981262752865e+00
1.026226658305490425e+01 1.851018438628306395e+00 1.086795084934034650e+00
1.027753781308921255e+01 1.852715255586496967e+00 1.085800094734260091e+00
1.029280904312352085e+01 1.854413628006118753e+00 1.084806009932703041e+00
1.030808027315782738e+01 1.856113557313052942e+00 1.083812829797651922e+00
1.032335150319213568e+01 1.857815044934489235e+00 1.082820553596433699e+00
1.033862273322644398e+01 1.859518092298924063e+00 1.081829180595446971e+00
1.035389396326075229e+01 1.861222700836164368e+00 1.080838710060186392e+00
1.036916519329506059e+01 1.862928871977327150e+00 1.079849141255271316e+00
1.038443642332936712e+01 1.864636607154841696e+00 1.078860473444472667e+00
1.039970765336367542e+01 1.866345907802450466e+00 1.077872705890738469e+00
1.041497888339798372e+01 1.868056775355209975e+00 1.076885837856220274e+00
1.043025011343229203e+01 1.869769211249492358e+00 1.075899868602298248e+00
1.044552134346659855e+01 1.871483216922986026e+00 1.074914797389606935e+00
1.046079257350090685e+01 1.873198793814698115e+00 1.073930623478058122e+00
1.047606380353521516e+01 1.874915943364954485e+00 1.072947346126866819e+00
1.049133503356952346e+01 1.876634667015401270e+00 1.071964964594573466e+00
1.050660626360382999e+01 1.878354966209005994e+00 1.070983478139069689e+00
1.052187749363813829e+01 1.880076842390059344e+00 1.070002886017616728e+00
1.053714872367244659e+01 1.881800297004176059e+00 1.069023187486872084e+00
1.055241995370675490e+01 1.883525331498295374e+00 1.068044381802910836e+00
1.056769118374106320e+01 1.885251947320683463e+00 1.067066468221245623e+00
1.058296241377536973e+01 1.886980145920933660e+00 1.066089445996848850e+00
1.059823364380967803e+01 1.888709928749969347e+00 1.065113314384174226e+00
1.061350487384398633e+01 1.890441297260042397e+00 1.064138072637177412e+00
1.062877610387829463e+01 1.892174252904736953e+00 1.063163720009336011e+00
1.064404733391260116e+01 1.893908797138968980e+00 1.062190255753667323e+00
1.065931856394690946e+01 1.895644931418988932e+00 1.061217679122752999e+00
1.067458979398121777e+01 1.897382657202381750e+00 1.060245989368752362e+00
1.068986102401552607e+01 1.899121975948068197e+00 1.059275185743426162e+00
1.070513225404983260e+01 1.900862889116306853e+00 1.058305267498151236e+00
1.072040348408414090e+01 1.902605398168695228e+00 1.057336233883942267e+00
1.073567471411844920e+01 1.904349504568169982e+00 1.056368084151466880e+00
1.075094594415275751e+01 1.906095209779009370e+00 1.055400817551064518e+00
1.076621717418706581e+01 1.907842515266833461e+00 1.054434433332763765e+00
1.078148840422137233e+01 1.909591422498605917e+00 1.053468930746299215e+00
1.079675963425568064e+01 1.911341932942635768e+00 1.052504309041127906e+00
1.081203086428998894e+01 1.913094048068577635e+00 1.051540567466445752e+00
1.082730209432429724e+01 1.914847769347433060e+00 1.050577705271204199e+00
1.084257332435860377e+01 1.916603098251552062e+00 1.049615721704125759e+00
1.085784455439291207e+01 1.918360036254635359e+00 1.048654616013719121e+00
1.087311578442722038e+01 1.920118584831733255e+00 1.047694387448294462e+00
1.088838701446152868e+01 1.921878745459248972e+00 1.046735035255979884e+00
1.090365824449583521e+01 1.923640519614938871e+00 1.045776558684734514e+00
1.091892947453014351e+01 1.925403908777914452e+00 1.044818956982363600e+00
1.093420070456445181e+01 1.927168914428642577e+00 1.043862229396532282e+00
1.094947193459876011e+01 1.928935538048947240e+00 1.042906375174781353e+00
1.096474316463306842e+01 1.930703781122010909e+00 1.041951393564538586e+00
1.098001439466737494e+01 1.932473645132375850e+00 1.040997283813134056e+00
1.099528562470168325e+01 1.934245131565945242e+00 1.040044045167811460e+00
1.101055685473599155e+01 1.936018241909984061e+00 1.039091676875744108e+00
1.102582808477029985e+01 1.937792977653121085e+00 1.038140178184045359e+00
1.104109931480460638e+01 1.939569340285348886e+00 1.037189548339781719e+00
1.105637054483891468e+01 1.941347331298026946e+00 1.036239786589985057e+00
1.107164177487322299e+01 1.943126952183881206e+00 1.035290892181665923e+00
1.108691300490753129e+01 1.944908204437006294e+00 1.034342864361823322e+00
1.110218423494183781e+01 1.946691089552865961e+00 1.033395702377459813e+00
1.111745546497614612e+01 1.948475609028295752e+00 1.032449405475588389e+00
1.113272669501045442e+01 1.950261764361502559e+00 1.031503972903248245e+00
1.114799792504476272e+01 1.952049557052066620e+00 1.030559403907512550e+00
1.116326915507907103e+01 1.953838988600943516e+00 1.029615697735503099e+00
1.117854038511337755e+01 1.955630060510464174e+00 1.028672853634394535e+00
1.119381161514768586e+01 1.957422774284336864e+00 1.027730870851432998e+00
1.120908284518199416e+01 1.959217131427648306e+00 1.026789748633941457e+00
1.122435407521630246e+01 1.961013133446865231e+00 1.025849486229328589e+00
1.123962530525060899e+01 1.962810781849834374e+00 1.024910082885104767e+00
1.125489653528491729e+01 1.964610078145785810e+00 1.023971537848884727e+00
1.127016776531922559e+01 1.966411023845332950e+00 1.023033850368402664e+00
1.128543899535353390e+01 1.968213620460473212e+00 1.022097019691519115e+00
1.130071022538784042e+01 1.970017869504590458e+00 1.021161045066230511e+00
1.131598145542214873e+01 1.971823772492456328e+00 1.020225925740678496e+00
1.133125268545645703e+01 1.973631330940230466e+00 1.019291660963158819e+00
1.134652391549076533e+01 1.975440546365462735e+00 1.018358249982130204e+00
1.136179514552507364e+01 1.977251420287093664e+00 1.017425692046224350e+00
1.137706637555938016e+01 1.979063954225456445e+00 1.016493986404250149e+00
1.139233760559368847e+01 1.980878149702278268e+00 1.015563132305207228e+00
1.140760883562799677e+01 1.982694008240680983e+00 1.014633128998290390e+00
1.142288006566230507e+01 1.984511531365182435e+00 1.013703975732900497e+00
1.143815129569661160e+01 1.986330720601698241e+00 1.012775671758649798e+00
1.145342252573091990e+01 1.988151577477542897e+00 1.011848216325370586e+00
1.146869375576522820e+01 1.989974103521431115e+00 1.010921608683123418e+00
1.148396498579953651e+01 1.991798300263478261e+00 1.009995848082204217e+00
1.149923621583384303e+01 1.993624169235203025e+00 1.009070933773150491e+00
1.151450744586815134e+01 1.995451711969528086e+00 1.008146865006751325e+00
1.152977867590245964e+01 1.997280930000780774e+00 1.007223641034050932e+00
1.154504990593676794e+01 1.999111824864695519e+00 1.006301261106357980e+00
1.156032113597107625e+01 2.000944398098413846e+00 1.005379724475251146e+00
1.157559236600538277e+01 2.002778651240487040e+00 1.004459030392587993e+00
1.159086359603969107e+01 2.004614585830876816e+00 1.003539178110507413e+00
1.160613482607399938e+01 2.006452203410955981e+00 1.002620166881440289e+00
1.162140605610830768e+01 2.008291505523510434e+00 1.001701995958113933e+00
1.163667728614261421e+01 2.010132493712740498e+00 1.000784664593557860e+00
1.165194851617692251e+01 2.011975169524262697e+00 9.998681720411102258e-01
1.166721974621123081e+01 2.013819534505109310e+00 9.989525175544246016e-01
1.168249097624553912e+01 2.015665590203731039e+00 9.980377003874757458e-01
1.169776220627984564e+01 2.017513338169997894e+00 9.971237197945633790e-01
1.171303343631415395e+01 2.019362779955201859e+00 9.962105750303203999e-01
1.172830466634846225e+01 2.021213917112056002e+00 9.952982653497171039e-01
1.174357589638277055e+01 2.023066751194696700e+00 9.943867900080666233e-01
1.175884712641707885e+01 2.024921283758684520e+00 9.934761482610311445e-01
1.177411835645138538e+01 2.026777516361007336e+00 9.925663393646257937e-01
1.178938958648569368e+01 2.028635450560079434e+00 9.916573625752249654e-01
1.180466081652000199e+01 2.030495087915743735e+00 9.907492171495670963e-01
1.181993204655431029e+01 2.032356429989273572e+00 9.898419023447585507e-01
1.183520327658861682e+01 2.034219478343372245e+00 9.889354174182805046e-01
1.185047450662292512e+01 2.036084234542177462e+00 9.880297616279917206e-01
1.186574573665723342e+01 2.037950700151259120e+00 9.871249342321346543e-01
1.188101696669154173e+01 2.039818876737622855e+00 9.862209344893392293e-01
1.189628819672584825e+01 2.041688765869710487e+00 9.853177616586277221e-01
1.191155942676015655e+01 2.043560369117402686e+00 9.844154149994186476e-01
1.192683065679446486e+01 2.045433688052018084e+00 9.835138937715318663e-01
1.194210188682877316e+01 2.047308724246315936e+00 9.826131972351929145e-01
1.195737311686308146e+01 2.049185479274497457e+00 9.817133246510358902e-01
1.197264434689738799e+01 2.051063954712206705e+00 9.808142752801083386e-01
1.198791557693169629e+01 2.052944152136532807e+00 9.799160483838761371e-01
1.200318680696600460e+01 2.054826073126009955e+00 9.790186432242256043e-01
1.201845803700031290e+01 2.056709719260618741e+00 9.781220590634697176e-01
1.203372926703461943e+01 2.058595092121789705e+00 9.772262951643491125e-01
1.204900049706892773e+01 2.060482193292401565e+00 9.763313507900380772e-01
1.206427172710323603e+01 2.062371024356785210e+00 9.754372252041468849e-01
1.207954295713754433e+01 2.064261586900723255e+00 9.745439176707259010e-01
1.209481418717185086e+01 2.066153882511452267e+00 9.736514274542693581e-01
1.211008541720615916e+01 2.068047912777663200e+00 9.727597538197181315e-01
1.212535664724046747e+01 2.069943679289504068e+00 9.718688960324631809e-01
1.214062787727477577e+01 2.071841183638580386e+00 9.709788533583493253e-01
1.215589910730908407e+01 2.073740427417956500e+00 9.700896250636782403e-01
1.217117033734339060e+01 2.075641412222157367e+00 9.692012104152111229e-01
1.218644156737769890e+01 2.077544139647169441e+00 9.683136086801734654e-01
1.220171279741200721e+01 2.079448611290442006e+00 9.674268191262551664e-01
1.221698402744631551e+01 2.081354828750889396e+00 9.665408410216167479e-01
1.223225525748062203e+01 2.083262793628890996e+00 9.656556736348897996e-01
1.224752648751493034e+01 2.085172507526293462e+00 9.647713162351814198e-01
1.226279771754923864e+01 2.087083972046412050e+00 9.638877680920756585e-01
1.227806894758354694e+01 2.088997188794031512e+00 9.630050284756380696e-01
1.229334017761785347e+01 2.090912159375407420e+00 9.621230966564170428e-01
1.230861140765216177e+01 2.092828885398268834e+00 9.612419719054460243e-01
1.232388263768647008e+01 2.094747368471817417e+00 9.603616534942472915e-01
1.233915386772077838e+01 2.096667610206730537e+00 9.594821406948347287e-01
1.235442509775508668e+01 2.098589612215162159e+00 9.586034327797143817e-01
1.236969632778939321e+01 2.100513376110743735e+00 9.577255290218890105e-01
1.238496755782370151e+01 2.102438903508586421e+00 9.568484286948590878e-01
1.240023878785800981e+01 2.104366196025281521e+00 9.559721310726262411e-01
1.241551001789231812e+01 2.106295255278902268e+00 9.550966354296940297e-01
1.243078124792662464e+01 2.108226082889005149e+00 9.542219410410716085e-01
1.244605247796093295e+01 2.110158680476632131e+00 9.533480471822750602e-01
1.246132370799524125e+01 2.112093049664309774e+00 9.524749531293302818e-01
1.247659493802954955e+01 2.114029192076052777e+00 9.516026581587742061e-01
1.249186616806385608e+01 2.115967109337364427e+00 9.507311615476577993e-01
1.250713739809816438e+01 2.117906803075238820e+00 9.498604625735461715e-01
1.252240862813247269e+01 2.119848274918159969e+00 9.489905605145239065e-01
1.253767985816678099e+01 2.121791526496106250e+00 9.481214546491933959e-01
1.255295108820108929e+01 2.123736559440549510e+00 9.472531442566786142e-01
1.256822231823539582e+01 2.125683375384456397e+00 9.463856286166276721e-01
1.258349354826970412e+01 2.127631975962292366e+00 9.455189070092124837e-01
1.259876477830401242e+01 2.129582362810019447e+00 9.446529787151316526e-01
1.261403600833832073e+01 2.131534537565100695e+00 9.437878430156122489e-01
1.262930723837262725e+01 2.133488501866498410e+00 9.429234991924125842e-01
1.264457846840693556e+01 2.135444257354679465e+00 9.420599465278202134e-01
1.265984969844124386e+01 2.137401805671613086e+00 9.411971843046587072e-01
1.267512092847555216e+01 2.139361148460774409e+00 9.403352118062845433e-01
1.269039215850985869e+01 2.141322287367144028e+00 9.394740283165916583e-01
1.270566338854416699e+01 2.143285224037212000e+00 9.386136331200115590e-01
1.272093461857847529e+01 2.145249960118977395e+00 9.377540255015145432e-01
1.273620584861278360e+01 2.147216497261948742e+00 9.368952047466126976e-01
1.275147707864709190e+01 2.149184837117148028e+00 9.360371701413598977e-01
1.276674830868139843e+01 2.151154981337109362e+00 9.351799209723535844e-01
1.278201953871570673e+01 2.153126931575883862e+00 9.343234565267355407e-01
1.279729076875001503e+01 2.155100689489036991e+00 9.334677760921946676e-01
1.281256199878432334e+01 2.157076256733652109e+00 9.326128789569668731e-01
1.282783322881862986e+01 2.159053634968332691e+00 9.317587644098364041e-01
1.284310445885293817e+01 2.161032825853201444e+00 9.309054317401381784e-01
1.285837568888724647e+01 2.163013831049903413e+00 9.300528802377572291e-01
1.287364691892155477e+01 2.164996652221607309e+00 9.292011091931317024e-01
1.288891814895586130e+01 2.166981291033005075e+00 9.283501178972530798e-01
1.290418937899016960e+01 2.168967749150316759e+00 9.274999056416658449e-01
1.291946060902447790e+01 2.170956028241287861e+00 9.266504717184718132e-01
1.293473183905878621e+01 2.172946129975193763e+00 9.258018154203283556e-01
1.295000306909309451e+01 2.174938056022839294e+00 9.249539360404508415e-01
1.296527429912740104e+01 2.176931808056561835e+00 9.241068328726126380e-01
1.298054552916170934e+01 2.178927387750231759e+00 9.232605052111468869e-01
1.299581675919601764e+01 2.180924796779252439e+00 9.224149523509471704e-01
1.301108798923032595e+01 2.182924036820565128e+00 9.215701735874682887e-01
1.302635921926463247e+01 2.184925109552645850e+00 9.207261682167278138e-01
1.304163044929894077e+01 2.186928016655512508e+00 9.198829355353050907e-01
1.305690167933324908e+01 2.188932759810719997e+00 9.190404748403446789e-01
1.307217290936755738e+01 2.190939340701366422e+00 9.181987854295552420e-01
1.308744413940186391e+01 2.192947761012091767e+00 9.173578666012112137e-01
1.310271536943617221e+01 2.194958022429081890e+00 9.165177176541525750e-01
1.311798659947048051e+01 2.196970126640066301e+00 9.156783378877875190e-01
1.313325782950478882e+01 2.198984075334323052e+00 9.148397266020910079e-01
1.314852905953909712e+01 2.200999870202678732e+00 9.140018830976069930e-01
1.316380028957340365e+01 2.203017512937508471e+00 9.131648066754484150e-01
1.317907151960771195e+01 2.205037005232740821e+00 9.123284966372975369e-01
1.319434274964202025e+01 2.207058348783855983e+00 9.114929522854078314e-01
1.320961397967632855e+01 2.209081545287888471e+00 9.106581729226032040e-01
1.322488520971063508e+01 2.211106596443428440e+00 9.098241578522796580e-01
1.324015643974494338e+01 2.213133503950623471e+00 9.089909063784047394e-01
1.325542766977925169e+01 2.215162269511179449e+00 9.081584178055196466e-01
1.327069889981355999e+01 2.217192894828361904e+00 9.073266914387383419e-01
1.328597012984786652e+01 2.219225381606998226e+00 9.064957265837491063e-01
1.330124135988217482e+01 2.221259731553478556e+00 9.056655225468136505e-01
1.331651258991648312e+01 2.223295946375757115e+00 9.048360786347694473e-01
1.333178381995079143e+01 2.225334027783353541e+00 9.040073941550293979e-01
1.334705504998509973e+01 2.227373977487355106e+00 9.031794684155811659e-01
1.336232628001940625e+01 2.229415797200417160e+00 9.023523007249899530e-01
1.337759751005371456e+01 2.231459488636765354e+00 9.015258903923965006e-01
1.339286874008802286e+01 2.233505053512196969e+00 9.007002367275187549e-01
1.340813997012233116e+01 2.235552493544081365e+00 8.998753390406530883e-01
1.342341120015663769e+01 2.237601810451362638e+00 8.990511966426726342e-01
1.343868243019094599e+01 2.239653005954560960e+00 8.982278088450291742e-01
1.345395366022525430e+01 2.241706081775773463e+00 8.974051749597524719e-01
1.346922489025956260e+01 2.243761039638675570e+00 8.965832942994517163e-01
1.348449612029386913e+01 2.245817881268522775e+00 8.957621661773157440e-01
1.349976735032817743e+01 2.247876608392152864e+00 8.949417899071113736e-01
1.351503858036248573e+01 2.249937222737986353e+00 8.941221648031864033e-01
1.353030981039679403e+01 2.251999726036027827e+00 8.933032901804678350e-01
1.354558104043110234e+01 2.254064120017867268e+00 8.924851653544640939e-01
1.356085227046540886e+01 2.256130406416682721e+00 8.916677896412630311e-01
1.357612350049971717e+01 2.258198586967242072e+00 8.908511623575331440e-01
1.359139473053402547e+01 2.260268663405900824e+00 8.900352828205254641e-01
1.360666596056833377e+01 2.262340637470608762e+00 8.892201503480701152e-01
1.362193719060264030e+01 2.264414510900906841e+00 8.884057642585806436e-01
1.363720842063694860e+01 2.266490285437932517e+00 8.875921238710501315e-01
1.365247965067125691e+01 2.268567962824417528e+00 8.867792285050551948e-01
1.366775088070556521e+01 2.270647544804692775e+00 8.859670774807532068e-01
1.368302211073987351e+01 2.272729033124686548e+00 8.851556701188839638e-01
1.369829334077418004e+01 2.274812429531928970e+00 8.843450057407696852e-01
1.371356457080848834e+01 2.276897735775551990e+00 8.835350836683140141e-01
1.372883580084279664e+01 2.278984953606289832e+00 8.827259032240039049e-01
1.374410703087710495e+01 2.281074084776482547e+00 8.819174637309092901e-01
1.375937826091141147e+01 2.283165131040076457e+00 8.811097645126807487e-01
1.377464949094571978e+01 2.285258094152625929e+00 8.803028048935532812e-01
1.378992072098002808e+01 2.287352975871294269e+00 8.794965841983442001e-01
1.380519195101433638e+01 2.289449777954855492e+00 8.786911017524532408e-01
1.382046318104864291e+01 2.291548502163695655e+00 8.778863568818637830e-01
1.383573441108295121e+01 2.293649150259815972e+00 8.770823489131409634e-01
1.385100564111725951e+01 2.295751724006830585e+00 8.762790771734340067e-01
1.386627687115156782e+01 2.297856225169972344e+00 8.754765409904747830e-01
1.388154810118587612e+01 2.299962655516091026e+00 8.746747396925776963e-01
1.389681933122018265e+01 2.302071016813656446e+00 8.738736726086405726e-01
1.391209056125449095e+01 2.304181310832760676e+00 8.730733390681437722e-01
1.392736179128879925e+01 2.306293539345116272e+00 8.722737384011515216e-01
1.394263302132310756e+01 2.308407704124061155e+00 8.714748699383101371e-01
1.395790425135741408e+01 2.310523806944559055e+00 8.706767330108485803e-01
1.397317548139172239e+01 2.312641849583200848e+00 8.698793269505797898e-01
1.398844671142603069e+01 2.314761833818204995e+00 8.690826510898987944e-01
1.400371794146033899e+01 2.316883761429420652e+00 8.682867047617837120e-01
1.401898917149464552e+01 2.319007634198328560e+00 8.674914872997948612e-01
1.403426040152895382e+01 2.321133453908043265e+00 8.666969980380754279e-01
1.404953163156326212e+01 2.323261222343312227e+00 8.659032363113520203e-01
1.406480286159757043e+01 2.325390941290520708e+00 8.651102014549320041e-01
1.408007409163187873e+01 2.327522612537689994e+00 8.643178928047066112e-01
1.409534532166618526e+01 2.329656237874481395e+00 8.635263096971487196e-01
1.411061655170049356e+01 2.331791819092197127e+00 8.627354514693134080e-01
1.412588778173480186e+01 2.333929357983780317e+00 8.619453174588379563e-01
1.414115901176911017e+01 2.336068856343818556e+00 8.611559070039412900e-01
1.415643024180341669e+01 2.338210315968543895e+00 8.603672194434246467e-01
1.417170147183772499e+01 2.340353738655835514e+00 8.595792541166703549e-01
1.418697270187203330e+01 2.342499126205221049e+00 8.587920103636427216e-01
1.420224393190634160e+01 2.344646480417876599e+00 8.580054875248871449e-01
1.421751516194064813e+01 2.346795803096629829e+00 8.572196849415303355e-01
1.423278639197495643e+01 2.348947096045961747e+00 8.564346019552804279e-01
1.424805762200926473e+01 2.351100361072007150e+00 8.556502379084255372e-01
1.426332885204357304e+01 2.353255599982555957e+00 8.548665921438358684e-01
1.427860008207788134e+01 2.355412814587055426e+00 8.540836640049609407e-01
1.429387131211218787e+01 2.357572006696612377e+00 8.533014528358312534e-01
1.430914254214649617e+01 2.359733178123992747e+00 8.525199579810572859e-01
1.432441377218080447e+01 2.361896330683625145e+00 8.517391787858296093e-01
1.433968500221511277e+01 2.364061466191600847e+00 8.509591145959186642e-01
1.435495623224941930e+01 2.366228586465676020e+00 8.501797647576743167e-01
1.437022746228372760e+01 2.368397693325273501e+00 8.494011286180260800e-01
1.438549869231803591e+01 2.370568788591483678e+00 8.486232055244817829e-01
1.440076992235234421e+01 2.372741874087066272e+00 8.478459948251295675e-01
1.441604115238665074e+01 2.374916951636452112e+00 8.470694958686351139e-01
1.443131238242095904e+01 2.377094023065744466e+00 8.462937080042430837e-01
1.444658361245526734e+01 2.379273090202720375e+00 8.455186305817764536e-01
1.446185484248957565e+01 2.381454154876832430e+00 8.447442629516358492e-01
1.447712607252388395e+01 2.383637218919210543e+00 8.439706044648002115e-01
1.449239730255819047e+01 2.385822284162662399e+00 8.431976544728255751e-01
1.450766853259249878e+01 2.388009352441677891e+00 8.424254123278451800e-01
1.452293976262680708e+01 2.390198425592425568e+00 8.416538773825695818e-01
1.453821099266111538e+01 2.392389505452759746e+00 8.408830489902857641e-01
1.455348222269542191e+01 2.394582593862218278e+00 8.401129265048574712e-01
1.456875345272973021e+01 2.396777692662024783e+00 8.393435092807248754e-01
1.458402468276403852e+01 2.398974803695092639e+00 8.385747966729031333e-01
1.459929591279834682e+01 2.401173928806022317e+00 8.378067880369843845e-01
1.461456714283265335e+01 2.403375069841106715e+00 8.370394827291350870e-01
1.462983837286696165e+01 2.405578228648331152e+00 8.362728801060970163e-01
1.464510960290126995e+01 2.407783407077374260e+00 8.355069795251872655e-01
1.466038083293557825e+01 2.409990606979611094e+00 8.347417803442966910e-01
1.467565206296988656e+01 2.412199830208113127e+00 8.339772819218910227e-01
1.469092329300419308e+01 2.414411078617650031e+00 8.332134836170098646e-01
1.470619452303850139e+01 2.416624354064694113e+00 8.324503847892656960e-01
1.472146575307280969e+01 2.418839658407416771e+00 8.316879847988448704e-01
1.473673698310711799e+01 2.421056993505694255e+00 8.309262830065069494e-01
1.475200821314142452e+01 2.423276361221107233e+00 8.301652787735840366e-01
1.476727944317573282e+01 2.425497763416943453e+00 8.294049714619798896e-01
1.478255067321004113e+01 2.427721201958198183e+00 8.286453604341712520e-01
1.479782190324434943e+01 2.429946678711576435e+00 8.278864450532064101e-01
1.481309313327865596e+01 2.432174195545493856e+00 8.271282246827046380e-01
1.482836436331296426e+01 2.434403754330080272e+00 8.263706986868564197e-01
1.484363559334727256e+01 2.436635356937178365e+00 8.256138664304234487e-01
1.485890682338158086e+01 2.438869005240348109e+00 8.248577272787371850e-01
1.487417805341588917e+01 2.441104701114865438e+00 8.241022805976995214e-01
1.488944928345019569e+01 2.443342446437726245e+00 8.233475257537821168e-01
1.490472051348450400e+01 2.445582243087647711e+00 8.225934621140252867e-01
1.491999174351881230e+01 2.447824092945067864e+00 8.218400890460397790e-01
1.493526297355312060e+01 2.450067997892149130e+00 8.210874059180038875e-01
1.495053420358742713e+01 2.452313959812778776e+00 8.203354120986644515e-01
1.496580543362173543e+01 2.454561980592572468e+00 8.195841069573368554e-01
1.498107666365604373e+01 2.456812062118872930e+00 8.188334898639032522e-01
1.499634789369035204e+01 2.459064206280753950e+00 8.180835601888138964e-01
1.501161912372465856e+01 2.461318414969019486e+00 8.173343173030854780e-01
1.502689035375896687e+01 2.463574690076208995e+00 8.165857605783015671e-01
1.504216158379327517e+01 2.465833033496595661e+00 8.158378893866112813e-01
1.505743281382758347e+01 2.468093447126188611e+00 8.150907031007303960e-01
1.507270404386189178e+01 2.470355932862736026e+00 8.143442010939395681e-01
1.508797527389619830e+01 2.472620492605724696e+00 8.135983827400848911e-01
1.510324650393050661e+01 2.474887128256384461e+00 8.128532474135767849e-01
1.511851773396481491e+01 2.477155841717685547e+00 8.121087944893905508e-01
1.513378896399912321e+01 2.479426634894344783e+00 8.113650233430647063e-01
1.514906019403342974e+01 2.481699509692823380e+00 8.106219333507023173e-01
1.516433142406773804e+01 2.483974468021331372e+00 8.098795238889685555e-01
1.517960265410204634e+01 2.486251511789828061e+00 8.091377943350922530e-01
1.519487388413635465e+01 2.488530642910022905e+00 8.083967440668643478e-01
1.521014511417066117e+01 2.490811863295377293e+00 8.076563724626378837e-01
1.522541634420496948e+01 2.493095174861108543e+00 8.069166789013276775e-01
1.524068757423927778e+01 2.495380579524188125e+00 8.061776627624092084e-01
1.525595880427358608e+01 2.497668079203345215e+00 8.054393234259195067e-01
1.527123003430789439e+01 2.499957675819067582e+00 8.047016602724563761e-01
1.528650126434220091e+01 2.502249371293604252e+00 8.039646726831766177e-01
1.530177249437650921e+01 2.504543167550965510e+00 8.032283600397976953e-01
1.531704372441081752e+01 2.506839066516926007e+00 8.024927217245959588e-01
1.533231495444512582e+01 2.509137070119025648e+00 8.017577571204063114e-01
1.534758618447943235e+01 2.511437180286570481e+00 8.010234656106228757e-01
1.536285741451374065e+01 2.513739398950636694e+00 8.002898465791974392e-01
1.537812864454804895e+01 2.516043728044068839e+00 7.995568994106394545e-01
1.539339987458235726e+01 2.518350169501485158e+00 7.988246234900161502e-01
1.540867110461666378e+01 2.520658725259275812e+00 7.980930182029508657e-01
1.542394233465097209e+01 2.522969397255606872e+00 7.973620829356238282e-01
1.543921356468528039e+01 2.525282187430420766e+00 7.966318170747715977e-01
1.545448479471958869e+01 2.527597097725438502e+00 7.959022200076858455e-01
1.546975602475389699e+01 2.529914130084160995e+00 7.951732911222133549e-01
1.548502725478820352e+01 2.532233286451870402e+00 7.944450298067567973e-01
1.550029848482251182e+01 2.534554568775632788e+00 7.937174354502722906e-01
1.551556971485682013e+01 2.536877979004298123e+00 7.929905074422703981e-01
1.553084094489112843e+01 2.539203519088504279e+00 7.922642451728142410e-01
1.554611217492543496e+01 2.541531190980675703e+00 7.915386480325219409e-01
1.556138340495974326e+01 2.543860996635027849e+00 7.908137154125628454e-01
1.557665463499405156e+01 2.546192938007566742e+00 7.900894467046591929e-01
1.559192586502835987e+01 2.548527017056092081e+00 7.893658413010850028e-01
1.560719709506266639e+01 2.550863235740197243e+00 7.886428985946662973e-01
1.562246832509697470e+01 2.553201596021273723e+00 7.879206179787792141e-01
1.563773955513128300e+01 2.555542099862509797e+00 7.871989988473511168e-01
1.565301078516559130e+01 2.557884749228893195e+00 7.864780405948594844e-01
1.566828201519989960e+01 2.560229546087213315e+00 7.857577426163318002e-01
1.568355324523420613e+01 2.562576492406062556e+00 7.850381043073445531e-01
1.569882447526851443e+01 2.564925590155838542e+00 7.843191250640231260e-01
1.571409570530282274e+01 2.567276841308743673e+00 7.836008042830416853e-01
1.572936693533713104e+01 2.569630247838789128e+00 7.828831413616226254e-01
1.574463816537143757e+01 2.571985811721795301e+00 7.821661356975354584e-01
1.575990939540574587e+01 2.574343534935394917e+00 7.814497866890973699e-01
1.577518062544005417e+01 2.576703419459032585e+00 7.807340937351714416e-01
1.579045185547436247e+01 2.579065467273967016e+00 7.800190562351689838e-01
1.580572308550866900e+01 2.581429680363274137e+00 7.793046735890453158e-01
1.582099431554297730e+01 2.583796060711847531e+00 7.785909451973018758e-01
1.583626554557728561e+01 2.586164610306399769e+00 7.778778704609855543e-01
1.585153677561159391e+01 2.588535331135465078e+00 7.771654487816874735e-01
1.586680800564590221e+01 2.590908225189400227e+00 7.764536795615432085e-01
1.588207923568020874e+01 2.593283294460387189e+00 7.757425622032317891e-01
1.589735046571451704e+01 2.595660540942434036e+00 7.750320961099751438e-01
1.591262169574882535e+01 2.598039966631375819e+00 7.743222806855394325e-01
1.592789292578313365e+01 2.600421573524878127e+00 7.736131153342318267e-01
1.594316415581744018e+01 2.602805363622436641e+00 7.729045994609027304e-01
1.595843538585174848e+01 2.605191338925382460e+00 7.721967324709423375e-01
1.597370661588605678e+01 2.607579501436878111e+00 7.714895137702839634e-01
1.598897784592036508e+01 2.609969853161924647e+00 7.707829427654004917e-01
1.600424907595467161e+01 2.612362396107359874e+00 7.700770188633051516e-01
1.601952030598897991e+01 2.614757132281862351e+00 7.693717414715511849e-01
1.603479153602328822e+01 2.617154063695950938e+00 7.686671099982310684e-01
1.605006276605759652e+01 2.619553192361988359e+00 7.679631238519759595e-01
1.606533399609190482e+01 2.621954520294181190e+00 7.672597824419561396e-01
1.608060522612621313e+01 2.624358049508582980e+00 7.665570851778790162e-01
1.609587645616052143e+01 2.626763782023095128e+00 7.658550314699907879e-01
1.611114768619482618e+01 2.629171719857468670e+00 7.651536207290735581e-01
1.612641891622913448e+01 2.631581865033307821e+00 7.644528523664465558e-01
1.614169014626344278e+01 2.633994219574067763e+00 7.637527257939653591e-01
1.615696137629775109e+01 2.636408785505059527e+00 7.630532404240215616e-01
1.617223260633205939e+01 2.638825564853449990e+00 7.623543956695421064e-01
1.618750383636636769e+01 2.641244559648265877e+00 7.616561909439880651e-01
1.620277506640067600e+01 2.643665771920392871e+00 7.609586256613558586e-01
1.621804629643498430e+01 2.646089203702577830e+00 7.602616992361758141e-01
1.623331752646929260e+01 2.648514857029431901e+00 7.595654110835114992e-01
1.624858875650359735e+01 2.650942733937431406e+00 7.588697606189596101e-01
1.626385998653790566e+01 2.653372836464919171e+00 7.581747472586499725e-01
1.627913121657221396e+01 2.655805166652106308e+00 7.574803704192442089e-01
1.629440244660652226e+01 2.658239726541074877e+00 7.567866295179359604e-01
1.630967367664083056e+01 2.660676518175777883e+00 7.560935239724499990e-01
1.632494490667513887e+01 2.663115543602042834e+00 7.554010532010423384e-01
1.634021613670944717e+01 2.665556804867573071e+00 7.547092166224990128e-01
1.635548736674375547e+01 2.668000304021947322e+00 7.540180136561365210e-01
1.637075859677806022e+01 2.670446043116624146e+00 7.533274437218008268e-01
1.638602982681236853e+01 2.672894024204943708e+00 7.526375062398663607e-01
1.640130105684667683e+01 2.675344249342126890e+00 7.519482006312369071e-01
1.641657228688098513e+01 2.677796720585279733e+00 7.512595263173442728e-01
1.643184351691529343e+01 2.680251439993392992e+00 7.505714827201478423e-01
1.644711474694960174e+01 2.682708409627344803e+00 7.498840692621346893e-01
1.646238597698391004e+01 2.685167631549904232e+00 7.491972853663184662e-01
1.647765720701821834e+01 2.687629107825729058e+00 7.485111304562389600e-01
1.649292843705252665e+01 2.690092840521371542e+00 7.478256039559623147e-01
1.650819966708683140e+01 2.692558831705276212e+00 7.471407052900804757e-01
1.652347089712113970e+01 2.695027083447786520e+00 7.464564338837097468e-01
1.653874212715544800e+01 2.697497597821142179e+00 7.457727891624910121e-01
1.655401335718975631e+01 2.699970376899481828e+00 7.450897705525900694e-01
1.656928458722406461e+01 2.702445422758846583e+00 7.444073774806960753e-01
1.658455581725837291e+01 2.704922737477180927e+00 7.437256093740213236e-01
1.659982704729268121e+01 2.707402323134332711e+00 7.430444656603004683e-01
1.661509827732698952e+01 2.709884181812057591e+00 7.423639457677916331e-01
1.663036950736129782e+01 2.712368315594019474e+00 7.416840491252739698e-01
1.664564073739560257e+01 2.714854726565791410e+00 7.410047751620485457e-01
1.666091196742991087e+01 2.717343416814860024e+00 7.403261233079365677e-01
1.667618319746421918e+01 2.719834388430624195e+00 7.396480929932808257e-01
1.669145442749852748e+01 2.722327643504398154e+00 7.389706836489440267e-01
1.670672565753283578e+01 2.724823184129413267e+00 7.382938947063083512e-01
1.672199688756714409e+01 2.727321012400820255e+00 7.376177255972747870e-01
1.673726811760145239e+01 2.729821130415690078e+00 7.369421757542637952e-01
1.675253934763576069e+01 2.732323540273016604e+00 7.362672446102136448e-01
1.676781057767006544e+01 2.734828244073716164e+00 7.355929315985808570e-01
1.678308180770437374e+01 2.737335243920633765e+00 7.349192361533387619e-01
1.679835303773868205e+01 2.739844541918539544e+00 7.342461577089780533e-01
1.681362426777299035e+01 2.742356140174134982e+00 7.335736957005057901e-01
1.682889549780729865e+01 2.744870040796050681e+00 7.329018495634455066e-01
1.684416672784160696e+01 2.747386245894852141e+00 7.322306187338356587e-01
1.685943795787591526e+01 2.749904757583038428e+00 7.315600026482300677e-01
1.687470918791022356e+01 2.752425577975045723e+00 7.308900007436974766e-01
1.688998041794453187e+01 2.754948709187248213e+00 7.302206124578211055e-01
1.690525164797883662e+01 2.757474153337959866e+00 7.295518372286968756e-01
1.692052287801314492e+01 2.760001912547437541e+00 7.288836744949356294e-01
1.693579410804745322e+01 2.762531988937880989e+00 7.282161236956595785e-01
1.695106533808176152e+01 2.765064384633435068e+00 7.275491842705041901e-01
1.696633656811606983e+01 2.767599101760192415e+00 7.268828556596169665e-01
1.698160779815037813e+01 2.770136142446194327e+00 7.262171373036568900e-01
1.699687902818468643e+01 2.772675508821432544e+00 7.255520286437938671e-01
1.701215025821899474e+01 2.775217203017852796e+00 7.248875291217081740e-01
1.702742148825330304e+01 2.777761227169353031e+00 7.242236381795913447e-01
1.704269271828760779e+01 2.780307583411788297e+00 7.235603552601436173e-01
1.705796394832191609e+01 2.782856273882972520e+00 7.228976798065746001e-01
1.707323517835622440e+01 2.785407300722678947e+00 7.222356112626032720e-01
1.708850640839053270e+01 2.787960666072640592e+00 7.215741490724568719e-01
1.710377763842484100e+01 2.790516372076556006e+00 7.209132926808703434e-01
1.711904886845914930e+01 2.793074420880087505e+00 7.202530415330866687e-01
1.713432009849345761e+01 2.795634814630864717e+00 7.195933950748550911e-01
1.714959132852776591e+01 2.798197555478486365e+00 7.189343527524316713e-01
1.716486255856207066e+01 2.800762645574520260e+00 7.182759140125797304e-01
1.718013378859637896e+01 2.803330087072509524e+00 7.176180783025665200e-01
1.719540501863068727e+01 2.805899882127968592e+00 7.169608450701658864e-01
1.721067624866499557e+01 2.808472032898388537e+00 7.163042137636560502e-01
1.722594747869930387e+01 2.811046541543238853e+00 7.156481838318193844e-01
1.724121870873361217e+01 2.813623410223968335e+00 7.149927547239424142e-01
1.725648993876792048e+01 2.816202641104005977e+00 7.143379258898157058e-01
1.727176116880222878e+01 2.818784236348766292e+00 7.136836967797315356e-01
1.728703239883653708e+01 2.821368198125647098e+00 7.130300668444859991e-01
1.730230362887084183e+01 2.823954528604032621e+00 7.123770355353767902e-01
1.731757485890515014e+01 2.826543229955297942e+00 7.117246023042030911e-01
1.733284608893945844e+01 2.829134304352806772e+00 7.110727666032656824e-01
1.734811731897376674e+01 2.831727753971915895e+00 7.104215278853663884e-01
1.736338854900807505e+01 2.834323580989975611e+00 7.097708856038065228e-01
1.737865977904238335e+01 2.836921787586333288e+00 7.091208392123878879e-01
1.739393100907669165e+01 2.839522375942332477e+00 7.084713881654121082e-01
1.740920223911099995e+01 2.842125348241317795e+00 7.078225319176788544e-01
1.742447346914530826e+01 2.844730706668634479e+00 7.071742699244871755e-01
1.743974469917961301e+01 2.847338453411631054e+00 7.065266016416343886e-01
1.745501592921392131e+01 2.849948590659662440e+00 7.058795265254140805e-01
1.747028715924822961e+01 2.852561120604089506e+00 7.052330440326187722e-01
1.748555838928253792e+01 2.855176045438281296e+00 7.045871536205369212e-01
1.750082961931684622e+01 2.857793367357618131e+00 7.039418547469536991e-01
1.751610084935115452e+01 2.860413088559493833e+00 7.032971468701494366e-01
1.753137207938546283e+01 2.863035211243314393e+00 7.026530294489010675e-01
1.754664330941977113e+01 2.865659737610504187e+00 7.020095019424793525e-01
1.756191453945407588e+01 2.868286669864503313e+00 7.013665638106507672e-01
1.757718576948838418e+01 2.870916010210775138e+00 7.007242145136747258e-01
1.759245699952269248e+01 2.873547760856801414e+00 7.000824535123056913e-01
1.760772822955700079e+01 2.876181924012088498e+00 6.994412802677901775e-01
1.762299945959130909e+01 2.878818501888169124e+00 6.988006942418681922e-01
1.763827068962561739e+01 2.881457496698602849e+00 6.981606948967714610e-01
1.765354191965992570e+01 2.884098910658976944e+00 6.975212816952246486e-01
1.766881314969423400e+01 2.886742745986912606e+00 6.968824541004428053e-01
1.768408437972854230e+01 2.889389004902060520e+00 6.962442115761330319e-01
1.769935560976284705e+01 2.892037689626108854e+00 6.956065535864922600e-01
1.771462683979715536e+01 2.894688802382781478e+00 6.949694795962078064e-01
1.772989806983146366e+01 2.897342345397840191e+00 6.943329890704567076e-01
1.774516929986577196e+01 2.899998320899087823e+00 6.936970814749056080e-01
1.776044052990008026e+01 2.902656731116369571e+00 6.930617562757093175e-01
1.777571175993438857e+01 2.905317578281572999e+00 6.924270129395116991e-01
1.779098298996869687e+01 2.907980864628634254e+00 6.917928509334442255e-01
1.780625422000300517e+01 2.910646592393535403e+00 6.911592697251259798e-01
1.782152545003731348e+01 2.913314763814308872e+00 6.905262687826630996e-01
1.783679668007161823e+01 2.915985381131038334e+00 6.898938475746485555e-01
1.785206791010592653e+01 2.918658446585861821e+00 6.892620055701609294e-01
1.786733914014023483e+01 2.921333962422972164e+00 6.886307422387655253e-01
1.788261037017454314e+01 2.924011930888618771e+00 6.880000570505122592e-01
1.789788160020885144e+01 2.926692354231111182e+00 6.873699494759361039e-01
1.791315283024315974e+01 2.929375234700819508e+00 6.867404189860565333e-01
1.792842406027746804e+01 2.932060574550176657e+00 6.861114650523770786e-01
1.794369529031177635e+01 2.934748376033680994e+00 6.854830871468845510e-01
1.795896652034608110e+01 2.937438641407895901e+00 6.848552847420495970e-01
1.797423775038038940e+01 2.940131372931455545e+00 6.842280573108248110e-01
1.798950898041469770e+01 2.942826572865063550e+00 6.836014043266457341e-01
1.800478021044900601e+01 2.945524243471495662e+00 6.829753252634293004e-01
1.802005144048331431e+01 2.948224387015601966e+00 6.823498195955735035e-01
1.803532267051762261e+01 2.950927005764308664e+00 6.817248867979585070e-01
1.805059390055193091e+01 2.953632101986620739e+00 6.811005263459439796e-01
1.806586513058623922e+01 2.956339677953622402e+00 6.804767377153698726e-01
1.808113636062054752e+01 2.959049735938479753e+00 6.798535203825561979e-01
1.809640759065485227e+01 2.961762278216443001e+00 6.792308738243019173e-01
1.811167882068916057e+01 2.964477307064848688e+00 6.786087975178843879e-01
1.812695005072346888e+01 2.967194824763119687e+00 6.779872909410603610e-01
1.814222128075777718e+01 2.969914833592769643e+00 6.773663535720634288e-01
1.815749251079208548e+01 2.972637335837402084e+00 6.767459848896056895e-01
1.817276374082639379e+01 2.975362333782715307e+00 6.761261843728753052e-01
1.818803497086070209e+01 2.978089829716502823e+00 6.755069515015381665e-01
1.820330620089501039e+01 2.980819825928654243e+00 6.748882857557355619e-01
1.821857743092931869e+01 2.983552324711159276e+00 6.742701866160848434e-01
1.823384866096362344e+01 2.986287328358107729e+00 6.736526535636788715e-01
1.824911989099793175e+01 2.989024839165694836e+00 6.730356860800847940e-01
1.826439112103224005e+01 2.991764859432217705e+00 6.724192836473449342e-01
1.827966235106654835e+01 2.994507391458081536e+00 6.718034457479756805e-01
1.829493358110085666e+01 2.997252437545800952e+00 6.711881718649662654e-01
1.831020481113516496e+01 3.000000000000000444e+00 6.705734614817802086e-01
