# tau=beta*t, lambda=exp[(gamma_dot/beta)*tau], sigma_norm=sigma/mu
# tau lambda sigma_over_mu
0.000000000000000000e+00 1.000000000000000000e+00 0.000000000000000000e+00
2.290684505146183686e-02 1.000916693709138716e+00 4.734150617978256231e-02
4.581369010292367372e-02 1.001834227745634021e+00 9.347793526922357210e-02
6.872053515438550364e-02 1.002752602879808386e+00 1.384389134075162398e-01
9.162738020584734744e-02 1.003671819882690830e+00 1.822533389443452834e-01
1.145342252573091912e-01 1.004591879526017140e+00 2.249494003276304999e-01
1.374410703087710073e-01 1.005512782582230535e+00 2.665545935513877751e-01
1.603479153602328511e-01 1.006434529824482338e+00 3.070957391745110510e-01
1.832547604116946949e-01 1.007357122026632634e+00 3.465989989210357392e-01
2.061616054631565387e-01 1.008280559963250500e+00 3.850898918721588071e-01
2.290684505146183825e-01 1.009204844409615776e+00 4.225933102601484581e-01
2.519752955660802263e-01 1.010129976141718400e+00 4.591335348737711763e-01
2.748821406175420146e-01 1.011055955936260187e+00 4.947342500849960523e-01
2.977889856690038584e-01 1.011982784570654159e+00 5.294185585061000898e-01
3.206958307204657022e-01 1.012910462823026991e+00 5.632089952864816063e-01
3.436026757719275460e-01 1.013838991472217677e+00 5.961275420577898387e-01
3.665095208233893898e-01 1.014768371297779748e+00 6.281956405362887352e-01
3.894163658748512336e-01 1.015698603079981499e+00 6.594342057906935617e-01
4.123232109263130774e-01 1.016629687599805987e+00 6.898636391837698056e-01
4.352300559777749211e-01 1.017561625638952583e+00 7.195038409957844605e-01
4.581369010292367649e-01 1.018494417979836753e+00 7.483742227375222988e-01
4.810437460806985532e-01 1.019428065405591832e+00 7.764937191606287037e-01
5.039505911321604525e-01 1.020362568700068806e+00 8.038807999725987585e-01
5.268574361836222408e-01 1.021297928647836750e+00 8.305534812637624942e-01
5.497642812350840291e-01 1.022234146034184832e+00 8.565293366533756059e-01
5.726711262865459284e-01 1.023171221645121198e+00 8.818255081615876678e-01
5.955779713380077167e-01 1.024109156267375198e+00 9.064587168142209661e-01
6.184848163894696160e-01 1.025047950688396936e+00 9.304452729867622729e-01
6.413916614409314043e-01 1.025987605696358607e+00 9.538010864940992262e-01
6.642985064923933036e-01 1.026928122080154715e+00 9.765416764321879217e-01
6.872053515438550919e-01 1.027869500629403410e+00 9.986821807778032412e-01
7.101121965953169912e-01 1.028811742134446039e+00 1.020237365752256098e+00
7.330190416467787795e-01 1.029754847386348704e+00 1.041221634954970998e+00
7.559258866982405678e-01 1.030698817176902926e+00 1.061649038272518775e+00
7.788327317497024671e-01 1.031643652298625868e+00 1.081533280568637290e+00
8.017395768011642554e-01 1.032589353544761002e+00 1.100887730160645228e+00
8.246464218526261547e-01 1.033535921709279215e+00 1.119725427087509217e+00
8.475532669040879430e-01 1.034483357586879038e+00 1.138059091174648430e+00
8.704601119555498423e-01 1.035431661972987749e+00 1.155901129900527291e+00
8.933669570070116306e-01 1.036380835663761601e+00 1.173263646069861332e+00
9.162738020584735299e-01 1.037330879456086485e+00 1.190158445298231893e+00
9.391806471099353182e-01 1.038281794147579262e+00 1.206597043312741313e+00
9.620874921613971065e-01 1.039233580536587764e+00 1.222590673073199907e+00
9.849943372128590058e-01 1.040186239422191461e+00 1.238150291718298490e+00
1.007901182264320905e+00 1.041139771604202569e+00 1.253286587341059244e+00
1.030808027315782693e+00 1.042094177883166273e+00 1.268009985597746248e+00
1.053714872367244482e+00 1.043049459060362061e+00 1.282330656154361259e+00
1.076621717418706270e+00 1.044005615937803277e+00 1.296258518974675145e+00
1.099528562470168058e+00 1.044962649318238901e+00 1.309803250453750900e+00
1.122435407521630069e+00 1.045920560005153988e+00 1.322974289400708381e+00
1.145342252573091857e+00 1.046879348802769671e+00 1.335780842874444652e+00
1.168249097624553645e+00 1.047839016516044497e+00 1.348231891875959709e+00
1.191155942676015433e+00 1.048799563950675084e+00 1.360336196900775896e+00
1.214062787727477444e+00 1.049760991913096131e+00 1.372102303354902020e+00
1.236969632778939232e+00 1.050723301210482186e+00 1.383538546837720373e+00
1.259876477830401020e+00 1.051686492650747429e+00 1.394653058295024284e+00
1.282783322881862809e+00 1.052650567042546559e+00 1.405453769045441170e+00
1.305690167933324597e+00 1.053615525195275904e+00 1.415948415683335293e+00
1.328597012984786607e+00 1.054581367919073198e+00 1.426144544861218444e+00
1.351503858036248396e+00 1.055548096024819804e+00 1.436049517954666621e+00
1.374410703087710184e+00 1.056515710324139157e+00 1.445670515612567097e+00
1.397317548139171972e+00 1.057484211629399651e+00 1.455014542195600002e+00
1.420224393190633982e+00 1.058453600753713753e+00 1.464088430105623617e+00
1.443131238242095771e+00 1.059423878510939998e+00 1.472898844008701635e+00
1.466038083293557559e+00 1.060395045715682549e+00 1.481452284954345222e+00
1.488944928345019347e+00 1.061367103183292082e+00 1.489755094393554469e+00
1.511851773396481136e+00 1.062340051729866897e+00 1.497813458098133044e+00
1.534758618447943146e+00 1.063313892172254027e+00 1.505633409983706539e+00
1.557665463499404934e+00 1.064288625328048132e+00 1.513220835838789080e+00
1.580572308550866722e+00 1.065264252015594382e+00 1.520581476962261869e+00
1.603479153602328511e+00 1.066240773053987567e+00 1.527720933711451901e+00
1.626385998653790521e+00 1.067218189263073436e+00 1.534644668963053959e+00
1.649292843705252309e+00 1.068196501463449355e+00 1.541358011489019963e+00
1.672199688756714098e+00 1.069175710476464980e+00 1.547866159249504880e+00
1.695106533808175886e+00 1.070155817124222697e+00 1.554174182604915799e+00
1.718013378859637674e+00 1.071136822229578733e+00 1.560287027449047459e+00
1.740920223911099685e+00 1.072118726616143602e+00 1.566209518265247125e+00
1.763827068962561473e+00 1.073101531108282547e+00 1.571946361107492640e+00
1.786733914014023261e+00 1.074085236531116649e+00 1.577502146508244607e+00
1.809640759065485049e+00 1.075069843710523720e+00 1.582881352314863266e+00
1.832547604116947060e+00 1.076055353473137854e+00 1.588088346456331568e+00
1.855454449168408848e+00 1.077041766646351872e+00 1.593127389642037484e+00
1.878361294219870636e+00 1.078029084058316212e+00 1.598002637994234920e+00
1.901268139271332425e+00 1.079017306537941145e+00 1.602718145615859235e+00
1.924174984322794213e+00 1.080006434914896563e+00 1.607277867095250334e+00
1.947081829374256223e+00 1.080996470019612410e+00 1.611685659949358085e+00
1.969988674425718012e+00 1.081987412683280692e+00 1.615945287006932185e+00
1.992895519477179800e+00 1.082979263737854803e+00 1.620060418733169971e+00
2.015802364528641810e+00 1.083972024016051083e+00 1.624034635497267676e+00
2.038709209580103376e+00 1.084965694351349041e+00 1.627871429784266688e+00
2.061616054631565387e+00 1.085960275577992240e+00 1.631574208352581046e+00
2.084522899683026953e+00 1.086955768530989186e+00 1.635146294338525097e+00
2.107429744734488963e+00 1.087952174046113774e+00 1.638590929309154065e+00
2.130336589785950974e+00 1.088949492959905729e+00 1.641911275264677395e+00
2.153243434837412540e+00 1.089947726109671944e+00 1.645110416591698543e+00
2.176150279888874550e+00 1.090946874333486916e+00 1.648191361968477597e+00
2.199057124940336116e+00 1.091946938470192974e+00 1.651157046223398206e+00
2.221963969991798127e+00 1.092947919359401832e+00 1.654010332147796358e+00
2.244870815043260137e+00 1.093949817841495031e+00 1.656754012264259002e+00
2.267777660094721703e+00 1.094952634757623944e+00 1.659390810551498507e+00
2.290684505146183714e+00 1.095956370949711101e+00 1.661923384126865688e+00
2.313591350197645724e+00 1.096961027260451305e+00 1.664354324887540759e+00
2.336498195249107290e+00 1.097966604533311408e+00 1.666686161111421871e+00
2.359405040300569301e+00 1.098973103612531643e+00 1.668921359018693096e+00
2.382311885352030867e+00 1.099980525343126070e+00 1.671062324295051527e+00
2.405218730403492877e+00 1.100988870570883238e+00 1.673111403577520973e+00
2.428125575454954888e+00 1.101998140142367300e+00 1.675070885903783724e+00
2.451032420506416454e+00 1.103008334904918453e+00 1.676943004125916126e+00
2.473939265557878464e+00 1.104019455706653607e+00 1.678729936289411917e+00
2.496846110609340030e+00 1.105031503396466608e+00 1.680433806978339550e+00
2.519752955660802041e+00 1.106044478824030453e+00 1.682056688627471042e+00
2.542659800712264051e+00 1.107058382839796185e+00 1.683600602802185042e+00
2.565566645763725617e+00 1.108073216294994667e+00 1.685067521446949490e+00
2.588473490815187628e+00 1.109088980041637473e+00 1.686459368103140788e+00
2.611380335866649194e+00 1.110105674932516884e+00 1.687778019096966009e+00
2.634287180918111204e+00 1.111123301821206777e+00 1.689025304698209995e+00
2.657194025969573214e+00 1.112141861562063738e+00 1.690203010250538540e+00
2.680100871021034781e+00 1.113161355010227727e+00 1.691312877274040449e+00
2.703007716072496791e+00 1.114181783021622074e+00 1.692356604540705689e+00
2.725914561123958801e+00 1.115203146452955041e+00 1.693335849123493775e+00
2.748821406175420368e+00 1.116225446161720258e+00 1.694252227419643653e+00
2.771728251226882378e+00 1.117248683006197396e+00 1.695107316148863230e+00
2.794635096278343944e+00 1.118272857845452606e+00 1.695902653327008291e+00
2.817541941329805955e+00 1.119297971539340297e+00 1.696639739215855425e+00
2.840448786381267965e+00 1.120324024948502251e+00 1.697320037249560043e+00
2.863355631432729531e+00 1.121351018934369614e+00 1.697944974938365492e+00
2.886262476484191541e+00 1.122378954359163128e+00 1.698515944750128348e+00
2.909169321535653108e+00 1.123407832085894009e+00 1.699034304970199472e+00
2.932076166587115118e+00 1.124437652978364399e+00 1.699501380540197060e+00
2.954983011638577128e+00 1.125468417901168472e+00 1.699918463876186392e+00
2.977889856690038695e+00 1.126500127719692879e+00 1.700286815666776530e+00
3.000796701741500705e+00 1.127532783300117414e+00 1.700607665651620026e+00
3.023703546792962271e+00 1.128566385509416570e+00 1.700882213380806363e+00
3.046610391844424282e+00 1.129600935215358426e+00 1.701111628955609412e+00
3.069517236895886292e+00 1.130636433286507758e+00 1.701297053751052335e+00
3.092424081947347858e+00 1.131672880592224706e+00 1.701439601120738887e+00
3.115330926998809868e+00 1.132710278002666549e+00 1.701540357084375898e+00
3.138237772050271435e+00 1.133748626388788372e+00 1.701600380998424145e+00
3.161144617101733445e+00 1.134787926622343734e+00 1.701620706210284606e+00
3.184051462153195455e+00 1.135828179575885111e+00 1.701602340696429794e+00
3.206958307204657022e+00 1.136869386122764780e+00 1.701546267684866720e+00
3.229865152256119032e+00 1.137911547137136159e+00 1.701453446262324309e+00
3.252771997307581042e+00 1.138954663493953134e+00 1.701324811966535178e+00
3.275678842359042608e+00 1.139998736068972285e+00 1.701161277363984592e+00
3.298585687410504619e+00 1.141043765738752880e+00 1.700963732613468338e+00
3.321492532461966185e+00 1.142089753380657768e+00 1.700733046015831196e+00
3.344399377513428195e+00 1.143136699872853601e+00 1.700470064550200888e+00
3.367306222564890206e+00 1.144184606094312828e+00 1.700175614397069213e+00
3.390213067616351772e+00 1.145233472924812812e+00 1.699850501448530116e+00
3.413119912667813782e+00 1.146283301244938269e+00 1.699495511805995784e+00
3.436026757719275349e+00 1.147334091936080380e+00 1.699111412265698506e+00
3.458933602770737359e+00 1.148385845880438572e+00 1.698698950792276063e+00
3.481840447822199369e+00 1.149438563961021398e+00 1.698258856980732645e+00
3.504747292873660935e+00 1.150492247061645879e+00 1.697791842507067939e+00
3.527654137925122946e+00 1.151546896066940162e+00 1.697298601567837961e+00
3.550560982976584512e+00 1.152602511862343082e+00 1.696779811308936070e+00
3.573467828028046522e+00 1.153659095334104823e+00 1.696236132243850614e+00
3.596374673079508533e+00 1.154716647369288474e+00 1.695668208661651466e+00
3.619281518130970099e+00 1.155775168855769808e+00 1.695076669024971672e+00
3.642188363182432109e+00 1.156834660682238614e+00 1.694462126358222021e+00
3.665095208233894120e+00 1.157895123738199805e+00 1.693825178626271688e+00
3.688002053285355686e+00 1.158956558913972978e+00 1.693166409103845860e+00
3.710908898336817696e+00 1.160018967100694631e+00 1.692486386735851722e+00
3.733815743388279262e+00 1.161082349190317498e+00 1.691785666488864193e+00
3.756722588439741273e+00 1.162146706075612546e+00 1.691064789693990544e+00
3.779629433491203283e+00 1.163212038650168312e+00 1.690324284381314435e+00
3.802536278542664849e+00 1.164278347808393566e+00 1.689564665606139160e+00
3.825443123594126860e+00 1.165345634445515977e+00 1.688786435767223981e+00
3.848349968645588426e+00 1.166413899457584558e+00 1.687990084917211586e+00
3.871256813697050436e+00 1.167483143741469442e+00 1.687176091065436978e+00
3.894163658748512447e+00 1.168553368194862774e+00 1.686344920473308751e+00
3.917070503799974013e+00 1.169624573716280036e+00 1.685497027942443049e+00
3.939977348851436023e+00 1.170696761205059833e+00 1.684632857095725855e+00
3.962884193902897589e+00 1.171769931561365663e+00 1.683752840651479010e+00
3.985791038954359600e+00 1.172844085686185922e+00 1.682857400690902283e+00
4.008697884005821166e+00 1.173919224481335011e+00 1.681946948918950246e+00
4.031604729057283620e+00 1.174995348849454224e+00 1.681021886918810271e+00
4.054511574108745187e+00 1.176072459694011973e+00 1.680082606400138401e+00
4.077418419160206753e+00 1.177150557919304674e+00 1.679129489441201883e+00
4.100325264211669207e+00 1.178229644430458745e+00 1.678162908725081559e+00
4.123232109263130774e+00 1.179309720133428829e+00 1.677183227770084661e+00
4.146138954314592340e+00 1.180390785935001352e+00 1.676190801154493037e+00
4.169045799366053906e+00 1.181472842742793405e+00 1.675185974735812211e+00
4.191952644417516360e+00 1.182555891465254083e+00 1.674169085864629647e+00
4.214859489468977927e+00 1.183639933011665368e+00 1.673140463593232763e+00
4.237766334520439493e+00 1.184724968292142577e+00 1.672100428879108591e+00
4.260673179571901947e+00 1.185810998217635692e+00 1.671049294783448991e+00
4.283580024623363514e+00 1.186898023699929361e+00 1.669987366664787087e+00
4.306486869674825080e+00 1.187986045651644451e+00 1.668914942367883958e+00
4.329393714726287534e+00 1.189075064986238051e+00 1.667832312407983908e+00
4.352300559777749100e+00 1.190165082618004577e+00 1.666739760150544702e+00
4.375207404829210667e+00 1.191256099462077334e+00 1.665637561986562432e+00
4.398114249880672233e+00 1.192348116434427396e+00 1.664525987503596038e+00
4.421021094932134687e+00 1.193441134451866281e+00 1.663405299652597424e+00
4.443927939983596254e+00 1.194535154432045720e+00 1.662275754910641501e+00
4.466834785035057820e+00 1.195630177293458773e+00 1.661137603439677646e+00
4.489741630086520274e+00 1.196726203955440271e+00 1.659991089241376061e+00
4.512648475137981841e+00 1.197823235338167702e+00 1.658836450308181831e+00
4.535555320189443407e+00 1.198921272362662549e+00 1.657673918770660837e+00
4.558462165240905861e+00 1.200020315950790062e+00 1.656503721041233002e+00
4.581369010292367427e+00 1.201120367025260816e+00 1.655326077954383468e+00
4.604275855343828994e+00 1.202221426509631375e+00 1.654141204903424978e+00
4.627182700395291448e+00 1.203323495328304737e+00 1.652949311973917590e+00
4.650089545446753014e+00 1.204426574406531003e+00 1.651750604073810136e+00
4.672996390498214581e+00 1.205530664670409147e+00 1.650545281060386005e+00
4.695903235549676147e+00 1.206635767046886354e+00 1.649333537864104970e+00
4.718810080601138601e+00 1.207741882463760241e+00 1.648115564609399009e+00
4.741716925652600167e+00 1.208849011849678190e+00 1.646891546732511813e+00
4.764623770704061734e+00 1.209957156134139344e+00 1.645661665096441073e+00
4.787530615755524188e+00 1.211066316247495056e+00 1.644426096103071888e+00
4.810437460806985754e+00 1.212176493120949106e+00 1.643185011802549944e+00
4.833344305858447321e+00 1.213287687686559035e+00 1.641938579999979497e+00
4.856251150909909775e+00 1.214399900877236815e+00 1.640686964359500344e+00
4.879157995961371341e+00 1.215513133626749731e+00 1.639430324505813719e+00
4.902064841012832908e+00 1.216627386869721050e+00 1.638168816123222626e+00
4.924971686064295362e+00 1.217742661541630467e+00 1.636902591052234346e+00
4.947878531115756928e+00 1.218858958578815654e+00 1.635631797383804820e+00
4.970785376167218494e+00 1.219976278918472268e+00 1.634356579551260458e+00
4.993692221218680061e+00 1.221094623498655496e+00 1.633077078419977068e+00
5.016599066270142515e+00 1.222213993258279841e+00 1.631793431374852554e+00
5.039505911321604081e+00 1.223334389137121114e+00 1.630505772405633325e+00
5.062412756373065648e+00 1.224455812075816219e+00 1.629214232190157041e+00
5.085319601424528102e+00 1.225578263015864700e+00 1.627918938175543007e+00
5.108226446475989668e+00 1.226701742899628522e+00 1.626620014657403912e+00
5.131133291527451235e+00 1.227826252670334073e+00 1.625317582857100485e+00
5.154040136578913689e+00 1.228951793272072601e+00 1.624011760997117859e+00
5.176946981630375255e+00 1.230078365649799998e+00 1.622702664374581438e+00
5.199853826681836821e+00 1.231205970749338796e+00 1.621390405432974857e+00
5.222760671733298388e+00 1.232334609517378832e+00 1.620075093832101576e+00
5.245667516784760842e+00 1.233464282901477471e+00 1.618756836516326292e+00
5.268574361836222408e+00 1.234594991850060719e+00 1.617435737781147020e+00
5.291481206887683975e+00 1.235726737312423884e+00 1.616111899338134705e+00
5.314388051939146429e+00 1.236859520238732912e+00 1.614785420378275660e+00
5.337294896990607995e+00 1.237993341580024165e+00 1.613456397633769024e+00
5.360201742042069561e+00 1.239128202288206193e+00 1.612124925438302769e+00
5.383108587093532016e+00 1.240264103316060407e+00 1.610791095785854887e+00
5.406015432144993582e+00 1.241401045617240850e+00 1.609454998388050173e+00
5.428922277196455148e+00 1.242539030146276424e+00 1.608116720730117022e+00
5.451829122247917603e+00 1.243678057858570885e+00 1.606776348125462439e+00
5.474735967299379169e+00 1.244818129710403953e+00 1.605433963768919448e+00
5.497642812350840735e+00 1.245959246658931319e+00 1.604089648788683320e+00
5.520549657402302302e+00 1.247101409662186855e+00 1.602743482296972832e+00
5.543456502453764756e+00 1.248244619679082401e+00 1.601395541439457171e+00
5.566363347505226322e+00 1.249388877669408648e+00 1.600045901443461149e+00
5.589270192556687888e+00 1.250534184593836029e+00 1.598694635664999808e+00
5.612177037608150343e+00 1.251680541413916270e+00 1.597341815634647499e+00
5.635083882659611909e+00 1.252827949092081949e+00 1.595987511102294754e+00
5.657990727711073475e+00 1.253976408591647829e+00 1.594631790080799361e+00
5.680897572762535930e+00 1.255125920876812184e+00 1.593274718888570085e+00
5.703804417813997496e+00 1.256276486912657031e+00 1.591916362191110768e+00
5.726711262865459062e+00 1.257428107665148787e+00 1.590556783041536359e+00
5.749618107916920628e+00 1.258580784101139827e+00 1.589196042920106189e+00
5.772524952968383083e+00 1.259734517188368264e+00 1.587834201772782672e+00
5.795431798019844649e+00 1.260889307895459943e+00 1.586471318048842560e+00
5.818338643071306215e+00 1.262045157191928002e+00 1.585107448737574920e+00
5.841245488122768670e+00 1.263202066048175087e+00 1.583742649404069391e+00
5.864152333174230236e+00 1.264360035435492469e+00 1.582376974224135813e+00
5.887059178225691802e+00 1.265519066326062703e+00 1.581010476018360311e+00
5.909966023277154257e+00 1.266679159692958967e+00 1.579643206285334500e+00
5.932872868328615823e+00 1.267840316510146836e+00 1.578275215234063555e+00
5.955779713380077389e+00 1.269002537752484283e+00 1.576906551815582924e+00
5.978686558431539844e+00 1.270165824395723009e+00 1.575537263753801431e+00
6.001593403483001410e+00 1.271330177416509777e+00 1.574167397575584548e+00
6.024500248534462976e+00 1.272495597792385746e+00 1.572796998640105359e+00
6.047407093585924542e+00 1.273662086501788915e+00 1.571426111167471440e+00
6.070313938637386997e+00 1.274829644524053673e+00 1.570054778266652518e+00
6.093220783688848563e+00 1.275998272839412584e+00 1.568683041962723568e+00
6.116127628740310129e+00 1.277167972428996379e+00 1.567310943223440223e+00
6.139034473791772584e+00 1.278338744274835737e+00 1.565938521985162479e+00
6.161941318843234150e+00 1.279510589359860839e+00 1.564565817178143803e+00
6.184848163894695716e+00 1.280683508667903370e+00 1.563192866751198729e+00
6.207755008946158171e+00 1.281857503183697178e+00 1.561819707695767390e+00
6.230661853997619737e+00 1.283032573892878059e+00 1.560446376069391627e+00
6.253568699049081303e+00 1.284208721781985751e+00 1.559072907018612897e+00
6.276475544100542869e+00 1.285385947838464382e+00 1.557699334801309732e+00
6.299382389152005324e+00 1.286564253050663353e+00 1.556325692808490091e+00
6.322289234203466890e+00 1.287743638407837787e+00 1.554952013585547022e+00
6.345196079254928456e+00 1.288924104900149858e+00 1.553578328852994517e+00
6.368102924306390911e+00 1.290105653518669238e+00 1.552204669526695557e+00
6.391009769357852477e+00 1.291288285255373980e+00 1.550831065737594550e+00
6.413916614409314043e+00 1.292472001103152301e+00 1.549457546850963929e+00
6.436823459460776498e+00 1.293656802055801691e+00 1.548084141485182474e+00
6.459730304512238064e+00 1.294842689108030909e+00 1.546710877530053319e+00
6.482637149563699630e+00 1.296029663255460429e+00 1.545337782164669216e+00
6.505543994615162084e+00 1.297217725494623997e+00 1.543964881874843043e+00
6.528450839666623651e+00 1.298406876822968181e+00 1.542592202470113305e+00
6.551357684718085217e+00 1.299597118238854376e+00 1.541219769100326875e+00
6.574264529769546783e+00 1.300788450741559021e+00 1.539847606271822489e+00
6.597171374821009238e+00 1.301980875331274046e+00 1.538475737863212567e+00
6.620078219872470804e+00 1.303174393009109311e+00 1.537104187140778011e+00
6.642985064923932370e+00 1.304369004777091501e+00 1.535732976773491965e+00
6.665891909975394825e+00 1.305564711638166342e+00 1.534362128847668982e+00
6.688798755026856391e+00 1.306761514596198603e+00 1.532991664881257154e+00
6.711705600078317957e+00 1.307959414655973651e+00 1.531621605837781175e+00
6.734612445129780411e+00 1.309158412823197892e+00 1.530251972139944350e+00
6.757519290181241978e+00 1.310358510104498997e+00 1.528882783682894653e+00
6.780426135232703544e+00 1.311559707507428119e+00 1.527514059847167704e+00
6.803332980284165110e+00 1.312762006040460117e+00 1.526145819511311563e+00
6.826239825335627565e+00 1.313965406712994000e+00 1.524778081064203539e+00
6.849146670387089131e+00 1.315169910535353592e+00 1.523410862417066802e+00
6.872053515438550697e+00 1.316375518518789978e+00 1.522044181015185016e+00
6.894960360490013151e+00 1.317582231675480609e+00 1.520678053849341627e+00
6.917867205541474718e+00 1.318790051018530640e+00 1.519312497466967171e+00
6.940774050592936284e+00 1.319998977561974041e+00 1.517947527983023237e+00
6.963680895644398738e+00 1.321209012320774923e+00 1.516583161090612197e+00
6.986587740695860305e+00 1.322420156310826655e+00 1.515219412071333593e+00
7.009494585747321871e+00 1.323632410548955196e+00 1.513856295805379615e+00
7.032401430798784325e+00 1.324845776052917756e+00 1.512493826781390549e+00
7.055308275850245892e+00 1.326060253841404579e+00 1.511132019106066426e+00
7.078215120901707458e+00 1.327275844934040050e+00 1.509770886513536636e+00
7.101121965953169024e+00 1.328492550351382917e+00 1.508410442374512161e+00
7.124028811004631478e+00 1.329710371114927847e+00 1.507050699705202890e+00
7.146935656056093045e+00 1.330929308247105425e+00 1.505691671176022650e+00
7.169842501107554611e+00 1.332149362771283929e+00 1.504333369120078645e+00
7.192749346159017065e+00 1.333370535711769778e+00 1.502975805541453269e+00
7.215656191210478632e+00 1.334592828093807748e+00 1.501618992123282537e+00
7.238563036261940198e+00 1.335816240943582978e+00 1.500262940235639553e+00
7.261469881313402652e+00 1.337040775288221406e+00 1.498907660943219922e+00
7.284376726364864219e+00 1.338266432155790220e+00 1.497553165012842413e+00
7.307283571416325785e+00 1.339493212575299186e+00 1.496199462920766221e+00
7.330190416467788239e+00 1.340721117576701094e+00 1.494846564859827254e+00
7.353097261519249805e+00 1.341950148190893088e+00 1.493494480746398789e+00
7.376004106570711372e+00 1.343180305449717560e+00 1.492143220227184930e+00
7.398910951622172938e+00 1.344411590385962363e+00 1.490792792685846635e+00
7.421817796673635392e+00 1.345644004033362595e+00 1.489443207249460110e+00
7.444724641725096959e+00 1.346877547426600374e+00 1.488094472794827761e+00
7.467631486776558525e+00 1.348112221601306615e+00 1.486746597954624383e+00
7.490538331828020979e+00 1.349348027594061694e+00 1.485399591123396146e+00
7.513445176879482545e+00 1.350584966442395896e+00 1.484053460463417462e+00
7.536352021930944112e+00 1.351823039184791186e+00 1.482708213910395312e+00
7.559258866982406566e+00 1.353062246860680773e+00 1.481363859179043674e+00
7.582165712033868132e+00 1.354302590510451099e+00 1.480020403768512072e+00
7.605072557085329699e+00 1.355544071175442511e+00 1.478677854967688665e+00
7.627979402136791265e+00 1.356786689897949483e+00 1.477336219860369226e+00
7.650886247188253719e+00 1.358030447721222167e+00 1.475995505330302660e+00
7.673793092239715286e+00 1.359275345689467063e+00 1.474655718066106180e+00
7.696699937291176852e+00 1.360521384847848125e+00 1.473316864566071027e+00
7.719606782342639306e+00 1.361768566242486989e+00 1.471978951142841607e+00
7.742513627394100872e+00 1.363016890920464297e+00 1.470641983927982510e+00
7.765420472445562439e+00 1.364266359929821038e+00 1.469305968876434054e+00
7.788327317497024893e+00 1.365516974319558541e+00 1.467970911770859921e+00
7.811234162548486459e+00 1.366768735139639368e+00 1.466636818225887984e+00
7.834141007599948026e+00 1.368021643440989532e+00 1.465303693692241449e+00
7.857047852651410480e+00 1.369275700275497609e+00 1.463971543460781843e+00
7.879954697702872046e+00 1.370530906696016737e+00 1.462640372666436539e+00
7.902861542754333612e+00 1.371787263756365283e+00 1.461310186292046343e+00
7.925768387805795179e+00 1.373044772511327505e+00 1.459980989172103172e+00
7.948675232857257633e+00 1.374303434016654668e+00 1.458652785996411128e+00
7.971582077908719199e+00 1.375563249329065485e+00 1.457325581313647422e+00
7.994488922960180766e+00 1.376824219506247893e+00 1.455999379534839155e+00
8.017395768011642332e+00 1.378086345606859275e+00 1.454674184936756598e+00
8.040302613063104786e+00 1.379349628690527130e+00 1.453350001665222768e+00
8.063209458114567241e+00 1.380614069817850842e+00 1.452026833738339517e+00
8.086116303166027919e+00 1.381879670050401243e+00 1.450704685049638121e+00
8.109023148217490373e+00 1.383146430450723274e+00 1.449383559371148600e+00
8.131929993268952828e+00 1.384414352082335320e+00 1.448063460356400212e+00
8.154836838320413506e+00 1.385683436009730540e+00 1.446744391543340669e+00
8.177743683371875960e+00 1.386953683298378648e+00 1.445426356357190967e+00
8.200650528423338415e+00 1.388225095014725019e+00 1.444109358113225383e+00
8.223557373474799093e+00 1.389497672226193581e+00 1.442793400019483974e+00
8.246464218526261547e+00 1.390771416001186367e+00 1.441478485179424007e+00
8.269371063577722225e+00 1.392046327409084849e+00 1.440164616594496794e+00
8.292277908629184680e+00 1.393322407520250383e+00 1.438851797166672997e+00
8.315184753680647134e+00 1.394599657406026427e+00 1.437540029700894451e+00
8.338091598732107812e+00 1.395878078138737655e+00 1.436229316907475351e+00
8.360998443783570266e+00 1.397157670791692174e+00 1.434919661404438607e+00
8.383905288835032721e+00 1.398438436439181976e+00 1.433611065719799127e+00
8.406812133886493399e+00 1.399720376156483592e+00 1.432303532293787596e+00
8.429718978937955853e+00 1.401003491019859659e+00 1.430997063481022513e+00
8.452625823989418308e+00 1.402287782106559133e+00 1.429691661552627169e+00
8.475532669040878986e+00 1.403573250494818403e+00 1.428387328698297987e+00
8.498439514092341440e+00 1.404859897263862401e+00 1.427084067028316028e+00
8.521346359143803895e+00 1.406147723493905710e+00 1.425781878575516970e+00
8.544253204195264573e+00 1.407436730266152347e+00 1.424480765297206464e+00
8.567160049246727027e+00 1.408726918662798200e+00 1.423180729077032192e+00
8.590066894298189482e+00 1.410018289767031030e+00 1.421881771726808852e+00
8.612973739349650160e+00 1.411310844663030917e+00 1.420583894988298956e+00
8.635880584401112614e+00 1.412604584435972921e+00 1.419287100534948998e+00
8.658787429452575068e+00 1.413899510172025975e+00 1.417991389973582983e+00
8.681694274504035747e+00 1.415195622958355104e+00 1.416696764846059775e+00
8.704601119555498201e+00 1.416492923883121868e+00 1.415403226630879141e+00
8.727507964606960655e+00 1.417791414035485253e+00 1.414110776744758713e+00
8.750414809658421333e+00 1.419091094505602557e+00 1.412819416544168094e+00
8.773321654709883788e+00 1.420391966384630722e+00 1.411529147326824774e+00
8.796228499761344466e+00 1.421694030764726779e+00 1.410239970333154957e+00
8.819135344812806920e+00 1.422997288739048960e+00 1.408951886747715543e+00
8.842042189864269375e+00 1.424301741401757804e+00 1.407664897700590334e+00
8.864949034915730053e+00 1.425607389848015938e+00 1.406379004268736077e+00
8.887855879967192507e+00 1.426914235173991630e+00 1.405094207477313839e+00
8.910762725018654962e+00 1.428222278476856122e+00 1.403810508300972204e+00
8.933669570070115640e+00 1.429531520854787630e+00 1.402527907665110707e+00
8.956576415121578094e+00 1.430841963406970896e+00 1.401246406447103521e+00
8.979483260173040549e+00 1.432153607233598080e+00 1.399966005477499387e+00
9.002390105224501227e+00 1.433466453435869425e+00 1.398686705541189568e+00
9.025296950275963681e+00 1.434780503115995698e+00 1.397408507378546050e+00
9.048203795327426135e+00 1.436095757377197080e+00 1.396131411686534651e+00
9.071110640378886814e+00 1.437412217323705610e+00 1.394855419119799711e+00
9.094017485430349268e+00 1.438729884060765407e+00 1.393580530291720132e+00
9.116924330481811722e+00 1.440048758694634001e+00 1.392306745775443000e+00
9.139831175533272400e+00 1.441368842332582556e+00 1.391034066104891220e+00
9.162738020584734855e+00 1.442690136082897423e+00 1.389762491775742737e+00
9.185644865636197309e+00 1.444012641054881252e+00 1.388492023246391316e+00
9.208551710687657987e+00 1.445336358358853213e+00 1.387222660938879359e+00
9.231458555739120442e+00 1.446661289106150328e+00 1.385954405239811615e+00
9.254365400790582896e+00 1.447987434409128582e+00 1.384687256501241803e+00
9.277272245842043574e+00 1.449314795381163590e+00 1.383421215041542141e+00
9.300179090893506029e+00 1.450643373136651260e+00 1.382156281146250887e+00
9.323085935944968483e+00 1.451973168791009572e+00 1.380892455068894353e+00
9.345992780996429161e+00 1.453304183460678578e+00 1.379629737031795589e+00
9.368899626047891616e+00 1.454636418263121955e+00 1.378368127226858642e+00
9.391806471099352294e+00 1.455969874316827894e+00 1.377107625816334835e+00
9.414713316150814748e+00 1.457304552741309767e+00 1.375848232933571946e+00
9.437620161202277203e+00 1.458640454657107233e+00 1.374589948683741403e+00
9.460527006253737881e+00 1.459977581185786688e+00 1.373332773144552377e+00
9.483433851305200335e+00 1.461315933449943483e+00 1.372076706366943011e+00
9.506340696356662789e+00 1.462655512573201255e+00 1.370821748375760984e+00
9.529247541408123467e+00 1.463996319680214375e+00 1.369567899170419656e+00
9.552154386459585922e+00 1.465338355896667499e+00 1.368315158725547320e+00
9.575061231511048376e+00 1.466681622349277792e+00 1.367063526991611155e+00
9.597968076562509054e+00 1.468026120165794701e+00 1.365813003895533839e+00
9.620874921613971509e+00 1.469371850475002184e+00 1.364563589341289962e+00
9.643781766665433963e+00 1.470718814406718256e+00 1.363315283210489781e+00
9.666688611716894641e+00 1.472067013091796994e+00 1.362068085362949432e+00
9.689595456768357096e+00 1.473416447662128981e+00 1.360821995637244930e+00
9.712502301819819550e+00 1.474767119250642633e+00 1.359577013851254401e+00
9.735409146871280228e+00 1.476119028991304427e+00 1.358333139802686551e+00
9.758315991922742683e+00 1.477472178019120896e+00 1.357090373269594474e+00
9.781222836974205137e+00 1.478826567470138631e+00 1.355848714010883027e+00
9.804129682025665815e+00 1.480182198481445610e+00 1.354608161766794661e+00
9.827036527077128270e+00 1.481539072191172979e+00 1.353368716259388371e+00
9.849943372128590724e+00 1.482897189738493937e+00 1.352130377193010213e+00
9.872850217180051402e+00 1.484256552263626849e+00 1.350893144254744715e+00
9.895757062231513856e+00 1.485617160907835022e+00 1.349657017114860302e+00
9.918663907282974534e+00 1.486979016813427812e+00 1.348421995427243392e+00
9.941570752334436989e+00 1.488342121123761963e+00 1.347188078829821611e+00
9.964477597385899443e+00 1.489706474983242490e+00 1.345955266944972584e+00
9.987384442437360121e+00 1.491072079537322903e+00 1.344723559379930711e+00
1.001029128748882258e+01 1.492438935932507427e+00 1.343492955727176641e+00
1.003319813254028503e+01 1.493807045316350557e+00 1.342263455564820740e+00
1.005610497759174571e+01 1.495176408837459059e+00 1.341035058456977902e+00
1.007901182264320816e+01 1.496547027645493300e+00 1.339807763954128150e+00
1.010191866769467062e+01 1.497918902891166137e+00 1.338581571593476793e+00
1.012482551274613130e+01 1.499292035726246697e+00 1.337356480899296818e+00
1.014773235779759375e+01 1.500666427303558814e+00 1.336132491383270615e+00
1.017063920284905620e+01 1.502042078776983924e+00 1.334909602544815277e+00
1.019354604790051688e+01 1.503418991301460395e+00 1.333687813871409222e+00
1.021645289295197934e+01 1.504797166032986189e+00 1.332467124838903283e+00
1.023935973800344179e+01 1.506176604128618646e+00 1.331247534911827124e+00
1.026226658305490247e+01 1.507557306746475367e+00 1.330029043543687672e+00
1.028517342810636492e+01 1.508939275045735995e+00 1.328811650177262882e+00
1.030808027315782738e+01 1.510322510186643097e+00 1.327595354244881731e+00
1.033098711820928806e+01 1.511707013330501725e+00 1.326380155168705111e+00
1.035389396326075051e+01 1.513092785639682969e+00 1.325166052360994495e+00
1.037680080831221296e+01 1.514479828277622175e+00 1.323953045224376623e+00
1.039970765336367364e+01 1.515868142408821839e+00 1.322741133152099069e+00
1.042261449841513610e+01 1.517257729198851823e+00 1.321530315528284261e+00
1.044552134346659678e+01 1.518648589814350691e+00 1.320320591728171733e+00
1.046842818851805923e+01 1.520040725423026151e+00 1.319111961118357268e+00
1.049133503356952168e+01 1.521434137193656166e+00 1.317904423057028040e+00
1.051424187862098236e+01 1.522828826296090510e+00 1.316697976894186661e+00
1.053714872367244482e+01 1.524224793901251429e+00 1.315492621971876108e+00
1.056005556872390727e+01 1.525622041181134092e+00 1.314288357624393777e+00
1.058296241377536795e+01 1.527020569308808140e+00 1.313085183178503090e+00
1.060586925882683040e+01 1.528420379458419243e+00 1.311883097953639332e+00
1.062877610387829286e+01 1.529821472805188209e+00 1.310682101262110599e+00
1.065168294892975354e+01 1.531223850525414321e+00 1.309482192409293866e+00
1.067458979398121599e+01 1.532627513796474217e+00 1.308283370693825054e+00
1.069749663903267844e+01 1.534032463796824564e+00 1.307085635407785551e+00
1.072040348408413912e+01 1.535438701706001829e+00 1.305888985836884952e+00
1.074331032913560158e+01 1.536846228704623840e+00 1.304693421260637365e+00
1.076621717418706403e+01 1.538255045974391111e+00 1.303498940952533935e+00
1.078912401923852471e+01 1.539665154698086846e+00 1.302305544180214270e+00
1.081203086428998716e+01 1.541076556059578717e+00 1.301113230205627191e+00
1.083493770934144962e+01 1.542489251243819970e+00 1.299921998285193059e+00
1.085784455439291030e+01 1.543903241436849205e+00 1.298731847669961192e+00
1.088075139944437275e+01 1.545318527825793486e+00 1.297542777605761088e+00
1.090365824449583521e+01 1.546735111598867007e+00 1.296354787333351855e+00
1.092656508954729588e+01 1.548152993945373757e+00 1.295167876088567871e+00
1.094947193459875834e+01 1.549572176055707962e+00 1.293982043102460677e+00
1.097237877965021902e+01 1.550992659121354755e+00 1.292797287601436862e+00
1.099528562470168147e+01 1.552414444334891730e+00 1.291613608807391733e+00
1.101819246975314393e+01 1.553837532889989825e+00 1.290431005937842768e+00
1.104109931480460460e+01 1.555261925981413773e+00 1.289249478206057953e+00
1.106400615985606706e+01 1.556687624805024095e+00 1.288069024821179243e+00
1.108691300490752951e+01 1.558114630557777103e+00 1.286889644988345793e+00
1.110981984995899019e+01 1.559542944437726453e+00 1.285711337908812979e+00
1.113272669501045264e+01 1.560972567644024256e+00 1.284534102780068077e+00
1.115563354006191510e+01 1.562403501376921966e+00 1.283357938795943731e+00
1.117854038511337578e+01 1.563835746837770380e+00 1.282182845146729200e+00
1.120144723016483823e+01 1.565269305229023189e+00 1.281008821019276711e+00
1.122435407521630069e+01 1.566704177754234539e+00 1.279835865597108491e+00
1.124726092026776136e+01 1.568140365618063248e+00 1.278663978060517126e+00
1.127016776531922382e+01 1.569577870026272137e+00 1.277493157586666817e+00
1.129307461037068627e+01 1.571016692185728703e+00 1.276323403349691743e+00
1.131598145542214695e+01 1.572456833304407331e+00 1.275154714520788435e+00
1.133888830047360941e+01 1.573898294591389746e+00 1.273987090268312805e+00
1.136179514552507186e+01 1.575341077256866118e+00 1.272820529757866082e+00
1.138470199057653254e+01 1.576785182512135286e+00 1.271655032152386067e+00
1.140760883562799499e+01 1.578230611569607422e+00 1.270490596612233070e+00
1.143051568067945745e+01 1.579677365642803810e+00 1.269327222295272284e+00
1.145342252573091812e+01 1.581125445946357289e+00 1.268164908356957943e+00
1.147632937078238058e+01 1.582574853696015582e+00 1.267003653950410147e+00
1.149923621583384126e+01 1.584025590108639969e+00 1.265843458226496576e+00
1.152214306088530371e+01 1.585477656402207502e+00 1.264684320333905765e+00
1.154504990593676617e+01 1.586931053795811453e+00 1.263526239419221042e+00
1.156795675098822684e+01 1.588385783509663085e+00 1.262369214626996028e+00
1.159086359603968930e+01 1.589841846765091882e+00 1.261213245099821023e+00
1.161377044109115175e+01 1.591299244784547096e+00 1.260058329978394731e+00
1.163667728614261243e+01 1.592757978791598417e+00 1.258904468401589982e+00
1.165958413119407489e+01 1.594218050010937304e+00 1.257751659506519681e+00
1.168249097624553734e+01 1.595679459668377875e+00 1.256599902428600091e+00
1.170539782129699802e+01 1.597142208990857792e+00 1.255449196301613668e+00
1.172830466634846047e+01 1.598606299206439818e+00 1.254299540257769463e+00
1.175121151139992293e+01 1.600071731544312037e+00 1.253150933427761515e+00
1.177411835645138360e+01 1.601538507234789632e+00 1.252003374940829028e+00
1.179702520150284606e+01 1.603006627509315329e+00 1.250856863924810547e+00
1.181993204655430851e+01 1.604476093600460951e+00 1.249711399506197695e+00
1.184283889160576919e+01 1.605946906741928082e+00 1.248566980810192240e+00
1.186574573665723165e+01 1.607419068168549403e+00 1.247423606960755382e+00
1.188865258170869410e+01 1.608892579116289134e+00 1.246281277080660610e+00
1.191155942676015478e+01 1.610367440822245033e+00 1.245139990291541876e+00
1.193446627181161723e+01 1.611843654524648839e+00 1.243999745713941785e+00
1.195737311686307969e+01 1.613321221462866939e+00 1.242860542467360885e+00
1.198027996191454037e+01 1.614800142877401923e+00 1.241722379670302967e+00
1.200318680696600282e+01 1.616280420009894137e+00 1.240585256440317474e+00
1.202609365201746350e+01 1.617762054103121461e+00 1.239449171894046797e+00
1.204900049706892595e+01 1.619245046401001309e+00 1.238314125147267353e+00
1.207190734212038841e+01 1.620729398148591294e+00 1.237180115314930884e+00
1.209481418717184908e+01 1.622215110592090337e+00 1.236047141511206426e+00
1.211772103222331154e+01 1.623702184978840002e+00 1.234915202849517835e+00
1.214062787727477399e+01 1.625190622557325160e+00 1.233784298442584415e+00
1.216353472232623467e+01 1.626680424577174655e+00 1.232654427402457564e+00
1.218644156737769713e+01 1.628171592289163749e+00 1.231525588840558294e+00
1.220934841242915958e+01 1.629664126945213898e+00 1.230397781867710316e+00
1.223225525748062026e+01 1.631158029798393638e+00 1.229271005594179789e+00
1.225516210253208271e+01 1.632653302102921034e+00 1.228145259129705291e+00
1.227806894758354517e+01 1.634149945114163671e+00 1.227020541583532687e+00
1.230097579263500585e+01 1.635647960088639108e+00 1.225896852064445985e+00
1.232388263768646830e+01 1.637147348284018200e+00 1.224774189680801761e+00
1.234678948273793075e+01 1.638648110959123549e+00 1.223652553540557131e+00
1.236969632778939143e+01 1.640150249373931945e+00 1.222531942751301060e+00
1.239260317284085389e+01 1.641653764789575476e+00 1.221412356420283896e+00
1.241551001789231634e+01 1.643158658468342193e+00 1.220293793654443570e+00
1.243841686294377702e+01 1.644664931673676778e+00 1.219176253560438683e+00
1.246132370799523947e+01 1.646172585670183430e+00 1.218059735244667818e+00
1.248423055304670193e+01 1.647681621723624090e+00 1.216944237813302854e+00
1.250713739809816261e+01 1.649192041100921546e+00 1.215829760372312052e+00
1.253004424314962506e+01 1.650703845070160547e+00 1.214716302027483597e+00
1.255295108820108574e+01 1.652217034900587578e+00 1.213603861884453572e+00
1.257585793325254819e+01 1.653731611862613082e+00 1.212492439048727055e+00
1.259876477830401065e+01 1.655247577227811462e+00 1.211382032625701877e+00
1.262167162335547133e+01 1.656764932268923296e+00 1.210272641720693043e+00
1.264457846840693378e+01 1.658283678259856009e+00 1.209164265438951613e+00
1.266748531345839623e+01 1.659803816475684535e+00 1.208056902885688899e+00
1.269039215850985691e+01 1.661325348192652429e+00 1.206950553166097562e+00
1.271329900356131937e+01 1.662848274688173422e+00 1.205845215385369595e+00
1.273620584861278182e+01 1.664372597240832308e+00 1.204740888648720087e+00
1.275911269366424250e+01 1.665898317130386053e+00 1.203637572061401428e+00
1.278201953871570495e+01 1.667425435637764242e+00 1.202535264728727515e+00
1.280492638376716741e+01 1.668953954045071519e+00 1.201433965756089739e+00
1.282783322881862809e+01 1.670483873635586924e+00 1.200333674248974969e+00
1.285074007387009054e+01 1.672015195693766332e+00 1.199234389312982874e+00
1.287364691892155300e+01 1.673547921505243341e+00 1.198136110053844572e+00
1.289655376397301367e+01 1.675082052356829720e+00 1.197038835577436844e+00
1.291946060902447613e+01 1.676617589536516517e+00 1.195942564989801671e+00
1.294236745407593858e+01 1.678154534333476056e+00 1.194847297397158448e+00
1.296527429912739926e+01 1.679692888038062160e+00 1.193753031905922191e+00
1.298818114417886171e+01 1.681232651941811929e+00 1.192659767622716638e+00
1.301108798923032417e+01 1.682773827337445738e+00 1.191567503654391125e+00
1.303399483428178485e+01 1.684316415518869237e+00 1.190476239108032352e+00
1.305690167933324730e+01 1.685860417781174680e+00 1.189385973090979265e+00
1.307980852438470798e+01 1.687405835420640932e+00 1.188296704710837259e+00
1.310271536943617043e+01 1.688952669734735235e+00 1.187208433075491731e+00
1.312562221448763289e+01 1.690500922022114105e+00 1.186121157293118511e+00
1.314852905953909357e+01 1.692050593582625106e+00 1.185034876472199183e+00
1.317143590459055602e+01 1.693601685717306848e+00 1.183949589721530860e+00
1.319434274964201848e+01 1.695154199728390765e+00 1.182865296150240164e+00
1.321724959469347915e+01 1.696708136919302001e+00 1.181781994867794561e+00
1.324015643974494161e+01 1.698263498594660525e+00 1.180699684984011011e+00
1.326306328479640406e+01 1.699820286060282237e+00 1.179618365609070629e+00
1.328597012984786474e+01 1.701378500623180301e+00 1.178538035853527122e+00
1.330887697489932719e+01 1.702938143591565590e+00 1.177458694828317665e+00
1.333178381995078965e+01 1.704499216274848683e+00 1.176380341644773342e+00
1.335469066500225033e+01 1.706061719983639646e+00 1.175302975414628914e+00
1.337759751005371278e+01 1.707625656029751138e+00 1.174226595250032812e+00
1.340050435510517524e+01 1.709191025726197743e+00 1.173151200263554239e+00
1.342341120015663591e+01 1.710757830387197531e+00 1.172076789568196276e+00
1.344631804520809837e+01 1.712326071328173382e+00 1.171003362277401871e+00
1.346922489025956082e+01 1.713895749865754325e+00 1.169930917505062729e+00
1.349213173531102150e+01 1.715466867317775757e+00 1.168859454365529293e+00
1.351503858036248396e+01 1.717039425003282105e+00 1.167788971973616752e+00
1.353794542541394641e+01 1.718613424242525944e+00 1.166719469444614354e+00
1.356085227046540709e+01 1.720188866356970436e+00 1.165650945894294743e+00
1.358375911551686954e+01 1.721765752669290661e+00 1.164583400438916616e+00
1.360666596056833022e+01 1.723344084503373175e+00 1.163516832195237605e+00
1.362957280561979267e+01 1.724923863184319117e+00 1.162451240280518938e+00
1.365247965067125513e+01 1.726505090038443546e+00 1.161386623812531882e+00
1.367538649572271581e+01 1.728087766393277880e+00 1.160322981909564621e+00
1.369829334077417826e+01 1.729671893577570341e+00 1.159260313690430921e+00
1.372120018582564072e+01 1.731257472921287066e+00 1.158198618274473901e+00
1.374410703087710139e+01 1.732844505755613440e+00 1.157137894781573806e+00
1.376701387592856385e+01 1.734432993412955426e+00 1.156078142332153558e+00
1.378992072098002630e+01 1.736022937226939789e+00 1.155019360047185417e+00
1.381282756603148698e+01 1.737614338532416536e+00 1.153961547048194536e+00
1.383573441108294944e+01 1.739207198665458476e+00 1.152904702457268726e+00
1.385864125613441189e+01 1.740801518963364103e+00 1.151848825397059350e+00
1.388154810118587257e+01 1.742397300764656931e+00 1.150793914990788647e+00
1.390445494623733502e+01 1.743994545409088381e+00 1.149739970362255059e+00
1.392736179128879748e+01 1.745593254237637337e+00 1.148686990635838789e+00
1.395026863634025815e+01 1.747193428592511921e+00 1.147634974936505348e+00
1.397317548139172061e+01 1.748795069817151493e+00 1.146583922389809995e+00
1.399608232644318306e+01 1.750398179256225761e+00 1.145533832121904183e+00
1.401898917149464374e+01 1.752002758255638115e+00 1.144484703259538660e+00
1.404189601654610620e+01 1.753608808162524957e+00 1.143436534930067472e+00
1.406480286159756865e+01 1.755216330325257923e+00 1.142389326261453730e+00
1.408770970664902933e+01 1.756825326093444550e+00 1.141343076382272281e+00
1.411061655170049178e+01 1.758435796817930274e+00 1.140297784421713922e+00
1.413352339675195246e+01 1.760047743850797763e+00 1.139253449509590510e+00
1.415643024180341492e+01 1.761661168545369804e+00 1.138210070776336291e+00
1.417933708685487737e+01 1.763276072256209526e+00 1.137167647353014344e+00
1.420224393190633805e+01 1.764892456339121507e+00 1.136126178371317907e+00
1.422515077695780050e+01 1.766510322151154222e+00 1.135085662963574826e+00
1.424805762200926296e+01 1.768129671050598928e+00 1.134046100262751544e+00
1.427096446706072363e+01 1.769750504396992552e+00 1.133007489402453549e+00
1.429387131211218609e+01 1.771372823551118580e+00 1.131969829516932702e+00
1.431677815716364854e+01 1.772996629875007280e+00 1.130933119741085680e+00
1.433968500221510922e+01 1.774621924731938138e+00 1.129897359210461749e+00
1.436259184726657168e+01 1.776248709486439648e+00 1.128862547061261878e+00
1.438549869231803413e+01 1.777876985504291740e+00 1.127828682430342511e+00
1.440840553736949481e+01 1.779506754152526238e+00 1.126795764455218896e+00
1.443131238242095726e+01 1.781138016799427737e+00 1.125763792274068642e+00
1.445421922747241972e+01 1.782770774814535830e+00 1.124732765025730385e+00
1.447712607252388040e+01 1.784405029568644663e+00 1.123702681849711116e+00
1.450003291757534285e+01 1.786040782433806040e+00 1.122673541886184401e+00
1.452293976262680530e+01 1.787678034783328318e+00 1.121645344275996603e+00
1.454584660767826598e+01 1.789316787991779956e+00 1.120618088160664882e+00
1.456875345272972844e+01 1.790957043434988405e+00 1.119591772682383857e+00
1.459166029778119089e+01 1.792598802490043219e+00 1.118566396984022493e+00
1.461456714283265157e+01 1.794242066535295388e+00 1.117541960209131213e+00
1.463747398788411402e+01 1.795886836950360665e+00 1.116518461501940340e+00
1.466038083293557648e+01 1.797533115116118241e+00 1.115495900007364538e+00
1.468328767798703716e+01 1.799180902414713623e+00 1.114474274871002368e+00
1.470619452303849961e+01 1.800830200229559974e+00 1.113453585239138732e+00
1.472910136808996029e+01 1.802481009945337664e+00 1.112433830258747092e+00
1.475200821314142274e+01 1.804133332947996715e+00 1.111415009077492355e+00
1.477491505819288520e+01 1.805787170624757909e+00 1.110397120843728214e+00
1.479782190324434588e+01 1.807442524364113012e+00 1.109380164706504246e+00
1.482072874829580833e+01 1.809099395555827439e+00 1.108364139815563254e+00
1.484363559334727078e+01 1.810757785590940472e+00 1.107349045321343262e+00
1.486654243839873146e+01 1.812417695861765488e+00 1.106334880374981511e+00
1.488944928345019392e+01 1.814079127761893950e+00 1.105321644128312464e+00
1.491235612850165637e+01 1.815742082686193193e+00 1.104309335733871134e+00
1.493526297355311705e+01 1.817406562030810413e+00 1.103297954344893750e+00
1.495816981860457950e+01 1.819072567193171563e+00 1.102287499115318425e+00
1.498107666365604196e+01 1.820740099571984683e+00 1.101277969199787377e+00
1.500398350870750264e+01 1.822409160567238784e+00 1.100269363753648033e+00
1.502689035375896509e+01 1.824079751580207853e+00 1.099261681932951484e+00
1.504979719881042755e+01 1.825751874013448850e+00 1.098254922894457364e+00
1.507270404386188822e+01 1.827425529270805482e+00 1.097249085795631851e+00
1.509561088891335068e+01 1.829100718757407762e+00 1.096244169794650336e+00
1.511851773396481313e+01 1.830777443879674005e+00 1.095240174050396975e+00
1.514142457901627381e+01 1.832455706045311494e+00 1.094237097722466912e+00
1.516433142406773626e+01 1.834135506663318704e+00 1.093234939971165609e+00
1.518723826911919872e+01 1.835816847143985076e+00 1.092233699957511295e+00
1.521014511417065940e+01 1.837499728898893014e+00 1.091233376843233849e+00
1.523305195922212185e+01 1.839184153340918781e+00 1.090233969790777024e+00
1.525595880427358253e+01 1.840870121884234267e+00 1.089235477963298449e+00
1.527886564932504498e+01 1.842557635944307215e+00 1.088237900524669843e+00
1.530177249437650744e+01 1.844246696937902996e+00 1.087241236639479025e+00
1.532467933942796812e+01 1.845937306283085944e+00 1.086245485473029015e+00
1.534758618447943057e+01 1.847629465399220239e+00 1.085250646191339152e+00
1.537049302953089303e+01 1.849323175706971245e+00 1.084256717961145977e+00
1.539339987458235370e+01 1.851018438628306173e+00 1.083263699949902792e+00
1.541630671963381616e+01 1.852715255586496745e+00 1.082271591325781213e+00
1.543921356468527861e+01 1.854413628006118531e+00 1.081280391257671170e+00
1.546212040973673929e+01 1.856113557313052942e+00 1.080290098915180019e+00
1.548502725478820174e+01 1.857815044934489235e+00 1.079300713468635431e+00
1.550793409983966420e+01 1.859518092298924063e+00 1.078312234089084276e+00
1.553084094489112488e+01 1.861222700836164146e+00 1.077324659948291963e+00
1.555374778994258733e+01 1.862928871977326928e+00 1.076337990218745100e+00
1.557665463499404979e+01 1.864636607154841696e+00 1.075352224073649721e+00
1.559956148004551046e+01 1.866345907802450244e+00 1.074367360686933726e+00
1.562246832509697292e+01 1.868056775355209753e+00 1.073383399233243107e+00
1.564537517014843537e+01 1.869769211249492136e+00 1.072400338887947502e+00
1.566828201519989605e+01 1.871483216922986026e+00 1.071418178827136414e+00
1.569118886025135851e+01 1.873198793814698115e+00 1.070436918227620327e+00
1.571409570530282096e+01 1.874915943364954485e+00 1.069456556266932035e+00
1.573700255035428164e+01 1.876634667015401048e+00 1.068477092123325312e+00
1.575990939540574409e+01 1.878354966209005994e+00 1.067498524975775576e+00
1.578281624045720477e+01 1.880076842390059344e+00 1.066520854003981000e+00
1.580572308550866722e+01 1.881800297004176059e+00 1.065544078388359850e+00
1.582862993056012968e+01 1.883525331498295374e+00 1.064568197310053588e+00
1.585153677561159036e+01 1.885251947320683241e+00 1.063593209950925322e+00
1.587444362066305281e+01 1.886980145920933660e+00 1.062619115493560473e+00
1.589735046571451527e+01 1.888709928749969347e+00 1.061645913121264773e+00
1.592025731076597594e+01 1.890441297260042175e+00 1.060673602018068484e+00
1.594316415581743840e+01 1.892174252904736731e+00 1.059702181368721297e+00
1.596607100086890085e+01 1.893908797138968980e+00 1.058731650358696541e+00
1.598897784592036153e+01 1.895644931418988932e+00 1.057762008174187862e+00
1.601188469097182221e+01 1.897382657202381528e+00 1.056793254002112548e+00
1.603479153602328466e+01 1.899121975948067975e+00 1.055825387030107088e+00
1.605769838107474712e+01 1.900862889116306853e+00 1.054858406446531616e+00
1.608060522612620957e+01 1.902605398168695228e+00 1.053892311440467244e+00
1.610351207117767203e+01 1.904349504568169982e+00 1.052927101201715177e+00
1.612641891622913448e+01 1.906095209779009370e+00 1.051962774920798704e+00
1.614932576128059338e+01 1.907842515266833239e+00 1.050999331788962987e+00
1.617223260633205584e+01 1.909591422498605917e+00 1.050036770998171942e+00
1.619513945138351829e+01 1.911341932942635768e+00 1.049075091741111798e+00
1.621804629643498075e+01 1.913094048068577635e+00 1.048114293211188430e+00
1.624095314148644320e+01 1.914847769347433060e+00 1.047154374602528470e+00
1.626385998653790566e+01 1.916603098251552284e+00 1.046195335109978197e+00
1.628676683158936456e+01 1.918360036254635137e+00 1.045237173929104202e+00
1.630967367664082701e+01 1.920118584831733033e+00 1.044279890256191834e+00
1.633258052169228947e+01 1.921878745459248750e+00 1.043323483288246756e+00
1.635548736674375192e+01 1.923640519614938871e+00 1.042367952222993166e+00
1.637839421179521437e+01 1.925403908777914452e+00 1.041413296258874022e+00
1.640130105684667683e+01 1.927168914428642577e+00 1.040459514595051926e+00
1.642420790189813573e+01 1.928935538048947018e+00 1.039506606431406022e+00
1.644711474694959819e+01 1.930703781122010687e+00 1.038554570968534430e+00
1.647002159200106064e+01 1.932473645132375850e+00 1.037603407407752698e+00
1.649292843705252309e+01 1.934245131565945242e+00 1.036653114951094246e+00
1.651583528210398555e+01 1.936018241909984061e+00 1.035703692801309694e+00
1.653874212715544445e+01 1.937792977653120863e+00 1.034755140161864650e+00
1.656164897220690690e+01 1.939569340285348886e+00 1.033807456236943700e+00
1.658455581725836936e+01 1.941347331298026946e+00 1.032860640231445304e+00
1.660746266230983181e+01 1.943126952183881206e+00 1.031914691350985791e+00
1.663036950736129427e+01 1.944908204437006294e+00 1.030969608801894477e+00
1.665327635241275672e+01 1.946691089552866183e+00 1.030025391791217215e+00
1.667618319746421562e+01 1.948475609028295752e+00 1.029082039526714398e+00
1.669909004251567808e+01 1.950261764361502559e+00 1.028139551216860514e+00
1.672199688756714053e+01 1.952049557052066620e+00 1.027197926070843925e+00
1.674490373261860299e+01 1.953838988600943516e+00 1.026257163298566200e+00
1.676781057767006544e+01 1.955630060510464174e+00 1.025317262110642558e+00
1.679071742272152790e+01 1.957422774284336864e+00 1.024378221718400761e+00
1.681362426777298680e+01 1.959217131427648084e+00 1.023440041333881112e+00
1.683653111282444925e+01 1.961013133446864787e+00 1.022502720169835122e+00
1.685943795787591171e+01 1.962810781849834152e+00 1.021566257439725733e+00
1.688234480292737416e+01 1.964610078145785810e+00 1.020630652357728207e+00
1.690525164797883662e+01 1.966411023845332728e+00 1.019695904138727682e+00
1.692815849303029907e+01 1.968213620460472990e+00 1.018762011998318728e+00
1.695106533808175797e+01 1.970017869504590236e+00 1.017828975152807569e+00
1.697397218313322043e+01 1.971823772492456106e+00 1.016896792819207640e+00
1.699687902818468288e+01 1.973631330940230244e+00 1.015965464215242919e+00
1.701978587323614533e+01 1.975440546365462513e+00 1.015034988559344598e+00
1.704269271828760779e+01 1.977251420287093442e+00 1.014105365070652853e+00
1.706559956333906669e+01 1.979063954225456223e+00 1.013176592969015077e+00
1.708850640839052915e+01 1.980878149702278046e+00 1.012248671474985207e+00
1.711141325344199160e+01 1.982694008240680761e+00 1.011321599809824168e+00
1.713432009849345405e+01 1.984511531365182213e+00 1.010395377195499433e+00
1.715722694354491651e+01 1.986330720601698241e+00 1.009470002854683690e+00
1.718013378859637896e+01 1.988151577477542897e+00 1.008545476010754172e+00
1.720304063364783786e+01 1.989974103521430671e+00 1.007621795887794214e+00
1.722594747869930032e+01 1.991798300263477817e+00 1.006698961710589924e+00
1.724885432375076277e+01 1.993624169235202803e+00 1.005776972704631733e+00
1.727176116880222523e+01 1.995451711969527864e+00 1.004855828096113513e+00
1.729466801385368768e+01 1.997280930000780552e+00 1.003935527111932124e+00
1.731757485890515014e+01 1.999111824864695297e+00 1.003016068979685871e+00
1.734048170395660904e+01 2.000944398098413401e+00 1.002097452927674714e+00
1.736338854900807149e+01 2.002778651240487040e+00 1.001179678184900279e+00
1.738629539405953395e+01 2.004614585830876816e+00 1.000262743981065183e+00
1.740920223911099640e+01 2.006452203410955537e+00 9.993466495465719301e-01
1.743210908416245886e+01 2.008291505523510434e+00 9.984313941125221303e-01
1.745501592921392131e+01 2.010132493712740498e+00 9.975169769107177231e-01
1.747792277426538021e+01 2.011975169524262252e+00 9.966033971736583119e-01
1.750082961931684267e+01 2.013819534505108866e+00 9.956906541345417194e-01
1.752373646436830512e+01 2.015665590203730595e+00 9.947787470272640986e-01
1.754664330941976758e+01 2.017513338169997894e+00 9.938676750864181564e-01
1.756955015447123003e+01 2.019362779955201859e+00 9.929574375472931536e-01
1.759245699952268893e+01 2.021213917112056002e+00 9.920480336458743498e-01
1.761536384457415139e+01 2.023066751194696256e+00 9.911394626188430035e-01
1.763827068962561384e+01 2.024921283758684520e+00 9.902317237035738184e-01
1.766117753467707630e+01 2.026777516361007336e+00 9.893248161381379413e-01
1.768408437972853875e+01 2.028635450560079434e+00 9.884187391612991869e-01
1.770699122478000120e+01 2.030495087915743735e+00 9.875134920125152593e-01
1.772989806983146011e+01 2.032356429989273128e+00 9.866090739319358649e-01
1.775280491488292256e+01 2.034219478343372245e+00 9.857054841604033779e-01
1.777571175993438501e+01 2.036084234542177018e+00 9.848027219394528409e-01
1.779861860498584747e+01 2.037950700151258676e+00 9.839007865113086337e-01
1.782152545003730992e+01 2.039818876737622411e+00 9.829996771188871385e-01
1.784443229508877238e+01 2.041688765869710487e+00 9.820993930057944077e-01
1.786733914014023128e+01 2.043560369117402242e+00 9.811999334163259423e-01
1.789024598519169373e+01 2.045433688052017640e+00 9.803012975954658037e-01
1.791315283024315619e+01 2.047308724246315492e+00 9.794034847888873907e-01
1.793605967529461864e+01 2.049185479274497457e+00 9.785064942429508861e-01
1.795896652034608110e+01 2.051063954712206705e+00 9.776103252047046999e-01
1.798187336539754355e+01 2.052944152136532807e+00 9.767149769218834710e-01
1.800478021044900245e+01 2.054826073126009511e+00 9.758204486429086222e-01
1.802768705550046491e+01 2.056709719260618741e+00 9.749267396168852517e-01
1.805059390055192736e+01 2.058595092121789705e+00 9.740338490936064630e-01
1.807350074560338982e+01 2.060482193292401565e+00 9.731417763235473695e-01
1.809640759065485227e+01 2.062371024356785210e+00 9.722505205578679810e-01
1.811931443570631473e+01 2.064261586900723255e+00 9.713600810484122050e-01
1.814222128075777363e+01 2.066153882511451823e+00 9.704704570477057368e-01
1.816512812580923608e+01 2.068047912777662756e+00 9.695816478089565038e-01
1.818803497086069854e+01 2.069943679289503624e+00 9.686936525860555536e-01
1.821094181591216099e+01 2.071841183638579942e+00 9.678064706335727241e-01
1.823384866096362344e+01 2.073740427417956500e+00 9.669201012067601964e-01
1.825675550601508235e+01 2.075641412222156923e+00 9.660345435615498300e-01
1.827966235106654480e+01 2.077544139647168997e+00 9.651497969545520528e-01
1.830256919611800726e+01 2.079448611290442006e+00 9.642658606430564161e-01
1.832547604116946971e+01 2.081354828750889396e+00 9.633827338850311506e-01
1.834838288622093216e+01 2.083262793628890996e+00 9.625004159391219449e-01
1.837128973127239462e+01 2.085172507526293462e+00 9.616189060646513909e-01
1.839419657632385352e+01 2.087083972046412050e+00 9.607382035216183169e-01
1.841710342137531597e+01 2.088997188794031512e+00 9.598583075706981216e-01
1.844001026642677843e+01 2.090912159375407420e+00 9.589792174732414409e-01
1.846291711147824088e+01 2.092828885398268834e+00 9.581009324912735936e-01
1.848582395652970334e+01 2.094747368471817417e+00 9.572234518874934706e-01
1.850873080158116579e+01 2.096667610206730537e+00 9.563467749252742012e-01
1.853163764663262469e+01 2.098589612215162159e+00 9.554709008686623761e-01
1.855454449168408715e+01 2.100513376110743735e+00 9.545958289823768261e-01
1.857745133673554960e+01 2.102438903508586421e+00 9.537215585318069566e-01
1.860035818178701206e+01 2.104366196025281521e+00 9.528480887830154122e-01
1.862326502683847451e+01 2.106295255278902268e+00 9.519754190027346352e-01
1.864617187188993697e+01 2.108226082889005593e+00 9.511035484583670874e-01
1.866907871694139587e+01 2.110158680476631687e+00 9.502324764179854721e-01
1.869198556199285832e+01 2.112093049664309330e+00 9.493622021503307362e-01
1.871489240704432078e+01 2.114029192076052333e+00 9.484927249248125136e-01
1.873779925209578323e+01 2.115967109337364427e+00 9.476240440115083485e-01
1.876070609714724569e+01 2.117906803075238820e+00 9.467561586811629182e-01
1.878361294219870459e+01 2.119848274918159969e+00 9.458890682051883658e-01
1.880651978725016704e+01 2.121791526496106250e+00 9.450227718556614143e-01
1.882942663230162950e+01 2.123736559440549065e+00 9.441572689053256973e-01
1.885233347735309195e+01 2.125683375384456397e+00 9.432925586275886509e-01
1.887524032240455441e+01 2.127631975962292366e+00 9.424286402965230680e-01
1.889814716745601686e+01 2.129582362810019447e+00 9.415655131868648775e-01
1.892105401250747576e+01 2.131534537565100251e+00 9.407031765740136997e-01
1.894396085755893822e+01 2.133488501866498410e+00 9.398416297340306258e-01
1.896686770261040067e+01 2.135444257354679465e+00 9.389808719436402162e-01
1.898977454766186312e+01 2.137401805671613086e+00 9.381209024802276142e-01
1.901268139271332558e+01 2.139361148460774409e+00 9.372617206218388786e-01
1.903558823776478803e+01 2.141322287367144028e+00 9.364033256471808730e-01
1.905849508281624693e+01 2.143285224037212000e+00 9.355457168356197117e-01
1.908140192786770939e+01 2.145249960118977395e+00 9.346888934671803151e-01
1.910430877291917184e+01 2.147216497261948742e+00 9.338328548225462988e-01
1.912721561797063430e+01 2.149184837117148028e+00 9.329776001830604182e-01
1.915012246302209675e+01 2.151154981337109806e+00 9.321231288307205709e-01
1.917302930807355921e+01 2.153126931575883862e+00 9.312694400481836832e-01
1.919593615312501811e+01 2.155100689489036547e+00 9.304165331187616017e-01
1.921884299817648056e+01 2.157076256733652109e+00 9.295644073264212048e-01
1.924174984322794302e+01 2.159053634968332247e+00 9.287130619557861788e-01
1.926465668827940547e+01 2.161032825853201000e+00 9.278624962921332431e-01
1.928756353333086793e+01 2.163013831049903413e+00 9.270127096213934825e-01
1.931047037838232683e+01 2.164996652221606865e+00 9.261637012301513483e-01
1.933337722343378928e+01 2.166981291033005075e+00 9.253154704056437696e-01
1.935628406848525174e+01 2.168967749150316315e+00 9.244680164357604868e-01
1.937919091353671419e+01 2.170956028241287417e+00 9.236213386090414978e-01
1.940209775858817665e+01 2.172946129975193319e+00 9.227754362146786127e-01
1.942500460363963910e+01 2.174938056022839294e+00 9.219303085425140099e-01
1.944791144869109800e+01 2.176931808056561835e+00 9.210859548830400145e-01
1.947081829374256046e+01 2.178927387750231315e+00 9.202423745273969891e-01
1.949372513879402291e+01 2.180924796779252439e+00 9.193995667673748873e-01
1.951663198384548537e+01 2.182924036820564684e+00 9.185575308954119222e-01
1.953953882889694782e+01 2.184925109552645850e+00 9.177162662045930119e-01
1.956244567394841027e+01 2.186928016655512508e+00 9.168757719886500013e-01
1.958535251899986918e+01 2.188932759810719553e+00 9.160360475419619952e-01
1.960825936405133163e+01 2.190939340701365978e+00 9.151970921595525832e-01
1.963116620910279408e+01 2.192947761012091767e+00 9.143589051370916154e-01
1.965407305415425654e+01 2.194958022429081446e+00 9.135214857708929825e-01
1.967697989920571899e+01 2.196970126640065857e+00 9.126848333579145045e-01
1.969988674425718145e+01 2.198984075334323052e+00 9.118489471957579307e-01
1.972279358930864035e+01 2.200999870202677844e+00 9.110138265826671633e-01
1.974570043436010280e+01 2.203017512937508027e+00 9.101794708175289239e-01
1.976860727941156526e+01 2.205037005232740821e+00 9.093458791998709767e-01
1.979151412446302771e+01 2.207058348783855983e+00 9.085130510298629058e-01
1.981442096951449017e+01 2.209081545287888471e+00 9.076809856083151162e-01
1.983732781456594907e+01 2.211106596443427996e+00 9.068496822366768351e-01
1.986023465961741152e+01 2.213133503950623027e+00 9.060191402170371111e-01
1.988314150466887398e+01 2.215162269511179005e+00 9.051893588521241485e-01
1.990604834972033643e+01 2.217192894828361904e+00 9.043603374453041965e-01
1.992895519477179889e+01 2.219225381606998226e+00 9.035320753005815497e-01
1.995186203982326134e+01 2.221259731553478556e+00 9.027045717225964383e-01
1.997476888487472024e+01 2.223295946375756671e+00 9.018778260166270266e-01
1.999767572992618270e+01 2.225334027783353097e+00 9.010518374885863047e-01
2.002058257497764515e+01 2.227373977487354662e+00 9.002266054450229760e-01
2.004348942002910761e+01 2.229415797200417160e+00 8.994021291931204587e-01
2.006639626508057006e+01 2.231459488636765354e+00 8.985784080406972185e-01
2.008930311013203251e+01 2.233505053512196969e+00 8.977554412962038821e-01
2.011220995518349142e+01 2.235552493544080921e+00 8.969332282687254576e-01
2.013511680023495387e+01 2.237601810451362194e+00 8.961117682679785590e-01
2.015802364528641633e+01 2.239653005954560516e+00 8.952910606043119612e-01
2.018093049033787878e+01 2.241706081775773018e+00 8.944711045887060452e-01
2.020383733538934123e+01 2.243761039638675125e+00 8.936518995327716874e-01
2.022674418044080369e+01 2.245817881268522775e+00 8.928334447487502601e-01
2.024965102549226259e+01 2.247876608392152864e+00 8.920157395495122987e-01
2.027255787054372504e+01 2.249937222737986353e+00 8.911987832485575023e-01
2.029546471559518750e+01 2.251999726036027383e+00 8.903825751600146221e-01
2.031837156064664995e+01 2.254064120017866824e+00 8.895671145986399075e-01
2.034127840569811241e+01 2.256130406416682721e+00 8.887524008798168840e-01
2.036418525074957131e+01 2.258198586967241628e+00 8.879384333195557977e-01
2.038709209580103376e+01 2.260268663405900824e+00 8.871252112344932828e-01
2.040999894085249622e+01 2.262340637470608318e+00 8.863127339418919171e-01
2.043290578590395867e+01 2.264414510900906841e+00 8.855010007596386679e-01
2.045581263095542113e+01 2.266490285437932517e+00 8.846900110062458911e-01
2.047871947600688358e+01 2.268567962824417528e+00 8.838797640008484446e-01
2.050162632105834248e+01 2.270647544804692330e+00 8.830702590632065752e-01
2.052453316610980494e+01 2.272729033124686104e+00 8.822614955137015880e-01
2.054744001116126739e+01 2.274812429531928970e+00 8.814534726733378456e-01
2.057034685621272985e+01 2.276897735775551546e+00 8.806461898637414354e-01
2.059325370126419230e+01 2.278984953606289388e+00 8.798396464071589484e-01
2.061616054631565476e+01 2.281074084776482103e+00 8.790338416264584787e-01
2.063906739136711366e+01 2.283165131040076457e+00 8.782287748451271803e-01
2.066197423641857611e+01 2.285258094152625929e+00 8.774244453872723781e-01
2.068488108147003857e+01 2.287352975871294269e+00 8.766208525776194582e-01
2.070778792652150102e+01 2.289449777954855492e+00 8.758179957415128669e-01
2.073069477157296348e+01 2.291548502163695655e+00 8.750158742049145566e-01
2.075360161662442593e+01 2.293649150259815972e+00 8.742144872944030976e-01
2.077650846167588483e+01 2.295751724006830141e+00 8.734138343371746771e-01
2.079941530672734729e+01 2.297856225169971900e+00 8.726139146610405462e-01
2.082232215177880974e+01 2.299962655516091026e+00 8.718147275944279073e-01
2.084522899683027219e+01 2.302071016813656446e+00 8.710162724663791378e-01
2.086813584188173465e+01 2.304181310832760676e+00 8.702185486065505682e-01
2.089104268693319355e+01 2.306293539345115828e+00 8.694215553452124823e-01
2.091394953198465601e+01 2.308407704124061155e+00 8.686252920132482291e-01
2.093685637703611846e+01 2.310523806944559055e+00 8.678297579421542229e-01
2.095976322208758091e+01 2.312641849583200848e+00 8.670349524640387218e-01
2.098267006713904337e+01 2.314761833818204995e+00 8.662408749116217166e-01
2.100557691219050582e+01 2.316883761429420652e+00 8.654475246182340431e-01
2.102848375724196472e+01 2.319007634198328560e+00 8.646549009178172707e-01
2.105139060229342718e+01 2.321133453908042821e+00 8.638630031449227031e-01
2.107429744734488963e+01 2.323261222343312227e+00 8.630718306347101576e-01
2.109720429239635209e+01 2.325390941290520264e+00 8.622813827229504069e-01
2.112011113744781454e+01 2.327522612537689994e+00 8.614916587460201836e-01
2.114301798249927700e+01 2.329656237874481395e+00 8.607026580409049554e-01
2.116592482755073590e+01 2.331791819092196683e+00 8.599143799451975934e-01
2.118883167260219835e+01 2.333929357983779873e+00 8.591268237970969279e-01
2.121173851765366081e+01 2.336068856343818112e+00 8.583399889354079715e-01
2.123464536270512326e+01 2.338210315968543895e+00 8.575538746995408079e-01
2.125755220775658572e+01 2.340353738655835514e+00 8.567684804295120360e-01
2.128045905280804817e+01 2.342499126205221049e+00 8.559838054659407725e-01
2.130336589785950707e+01 2.344646480417876155e+00 8.551998491500503174e-01
2.132627274291096953e+01 2.346795803096629829e+00 8.544166108236684876e-01
2.134917958796243198e+01 2.348947096045961747e+00 8.536340898292239521e-01
2.137208643301389444e+01 2.351100361072007150e+00 8.528522855097488975e-01
2.139499327806535689e+01 2.353255599982555957e+00 8.520711972088768071e-01
2.141790012311681579e+01 2.355412814587055426e+00 8.512908242708419060e-01
2.144080696816827825e+01 2.357572006696612377e+00 8.505111660404793827e-01
2.146371381321974070e+01 2.359733178123992747e+00 8.497322218632240576e-01
2.148662065827120315e+01 2.361896330683625145e+00 8.489539910851101601e-01
2.150952750332266561e+01 2.364061466191600847e+00 8.481764730527707741e-01
2.153243434837412806e+01 2.366228586465676464e+00 8.473996671134373937e-01
2.155534119342558697e+01 2.368397693325273501e+00 8.466235726149400342e-01
2.157824803847704942e+01 2.370568788591483678e+00 8.458481889057044567e-01
2.160115488352851187e+01 2.372741874087066272e+00 8.450735153347540551e-01
2.162406172857997433e+01 2.374916951636452112e+00 8.442995512517084133e-01
2.164696857363143678e+01 2.377094023065744466e+00 8.435262960067824167e-01
2.166987541868289924e+01 2.379273090202720375e+00 8.427537489507856971e-01
2.169278226373435814e+01 2.381454154876831986e+00 8.419819094351235211e-01
2.171568910878582059e+01 2.383637218919210099e+00 8.412107768117934592e-01
2.173859595383728305e+01 2.385822284162662399e+00 8.404403504333879393e-01
2.176150279888874550e+01 2.388009352441677891e+00 8.396706296530915825e-01
2.178440964394020796e+01 2.390198425592425568e+00 8.389016138246816467e-01
2.180731648899167041e+01 2.392389505452759746e+00 8.381333023025272499e-01
2.183022333404312931e+01 2.394582593862217834e+00 8.373656944415880377e-01
2.185313017909459177e+01 2.396777692662024783e+00 8.365987895974150712e-01
2.187603702414605422e+01 2.398974803695092195e+00 8.358325871261494955e-01
2.189894386919751668e+01 2.401173928806022317e+00 8.350670863845218728e-01
2.192185071424897913e+01 2.403375069841106715e+00 8.343022867298524048e-01
2.194475755930043803e+01 2.405578228648330708e+00 8.335381875200492674e-01
2.196766440435190049e+01 2.407783407077373816e+00 8.327747881136084995e-01
2.199057124940336294e+01 2.409990606979610650e+00 8.320120878696141142e-01
2.201347809445482540e+01 2.412199830208112239e+00 8.312500861477370995e-01
2.203638493950628785e+01 2.414411078617650031e+00 8.304887823082343079e-01
2.205929178455775030e+01 2.416624354064693669e+00 8.297281757119493451e-01
2.208219862960920921e+01 2.418839658407416326e+00 8.289682657203102378e-01
2.210510547466067166e+01 2.421056993505693811e+00 8.282090516953303228e-01
2.212801231971213411e+01 2.423276361221107233e+00 8.274505329996070246e-01
2.215091916476359657e+01 2.425497763416943453e+00 8.266927089963214126e-01
2.217382600981505902e+01 2.427721201958198183e+00 8.259355790492384219e-01
2.219673285486652148e+01 2.429946678711575991e+00 8.251791425227048560e-01
2.221963969991798038e+01 2.432174195545493411e+00 8.244233987816498299e-01
2.224254654496944283e+01 2.434403754330079828e+00 8.236683471915843269e-01
2.226545339002090529e+01 2.436635356937177921e+00 8.229139871186004207e-01
2.228836023507236774e+01 2.438869005240347665e+00 8.221603179293698327e-01
2.231126708012383020e+01 2.441104701114864994e+00 8.214073389911457079e-01
2.233417392517529265e+01 2.443342446437726245e+00 8.206550496717597287e-01
2.235708077022675155e+01 2.445582243087647267e+00 8.199034493396231138e-01
2.237998761527821401e+01 2.447824092945067420e+00 8.191525373637240648e-01
2.240289446032967646e+01 2.450067997892148686e+00 8.184023131136309859e-01
2.242580130538113892e+01 2.452313959812778776e+00 8.176527759594878209e-01
2.244870815043260137e+01 2.454561980592572468e+00 8.169039252720159405e-01
2.247161499548406027e+01 2.456812062118872486e+00 8.161557604225133655e-01
2.249452184053552273e+01 2.459064206280753062e+00 8.154082807828529900e-01
2.251742868558698518e+01 2.461318414969019486e+00 8.146614857254832476e-01
2.254033553063844764e+01 2.463574690076208995e+00 8.139153746234286668e-01
2.256324237568991009e+01 2.465833033496595217e+00 8.131699468502859851e-01
2.258614922074137255e+01 2.468093447126188611e+00 8.124252017802268133e-01
2.260905606579283145e+01 2.470355932862735582e+00 8.116811387879954154e-01
2.263196291084429390e+01 2.472620492605724696e+00 8.109377572489088193e-01
2.265486975589575636e+01 2.474887128256384017e+00 8.101950565388563730e-01
2.267777660094721881e+01 2.477155841717685103e+00 8.094530360342985231e-01
2.270068344599868126e+01 2.479426634894344339e+00 8.087116951122670372e-01
2.272359029105014372e+01 2.481699509692823380e+00 8.079710331503644483e-01
2.274649713610160262e+01 2.483974468021331372e+00 8.072310495267631669e-01
2.276940398115306508e+01 2.486251511789828061e+00 8.064917436202045931e-01
2.279231082620452753e+01 2.488530642910022461e+00 8.057531148099996710e-01
2.281521767125598998e+01 2.490811863295377293e+00 8.050151624760277791e-01
2.283812451630745244e+01 2.493095174861108543e+00 8.042778859987352869e-01
2.286103136135891489e+01 2.495380579524188125e+00 8.035412847591377750e-01
2.288393820641037379e+01 2.497668079203344771e+00 8.028053581388160387e-01
2.290684505146183625e+01 2.499957675819067138e+00 8.020701055199180862e-01
2.292975189651329870e+01 2.502249371293603808e+00 8.013355262851571403e-01
2.295265874156476116e+01 2.504543167550965066e+00 8.006016198178128596e-01
2.297556558661622361e+01 2.506839066516926007e+00 7.998683855017280075e-01
2.299847243166768251e+01 2.509137070119025203e+00 7.991358227213118948e-01
2.302137927671914497e+01 2.511437180286570037e+00 7.984039308615356045e-01
2.304428612177060742e+01 2.513739398950636250e+00 7.976727093079337694e-01
2.306719296682206988e+01 2.516043728044068839e+00 7.969421574466051261e-01
2.309009981187353233e+01 2.518350169501484714e+00 7.962122746642095183e-01
2.311300665692499479e+01 2.520658725259275812e+00 7.954830603479684514e-01
2.313591350197645369e+01 2.522969397255606427e+00 7.947545138856652036e-01
2.315882034702791614e+01 2.525282187430420322e+00 7.940266346656436047e-01
2.318172719207937860e+01 2.527597097725438058e+00 7.932994220768071481e-01
2.320463403713084105e+01 2.529914130084160551e+00 7.925728755086194344e-01
2.322754088218230351e+01 2.532233286451870402e+00 7.918469943511033948e-01
2.325044772723376596e+01 2.534554568775632788e+00 7.911217779948400697e-01
2.327335457228522486e+01 2.536877979004298123e+00 7.903972258309691634e-01
2.329626141733668732e+01 2.539203519088504279e+00 7.896733372511876015e-01
2.331916826238814977e+01 2.541531190980675703e+00 7.889501116477496412e-01
2.334207510743961222e+01 2.543860996635027849e+00 7.882275484134657617e-01
2.336498195249107468e+01 2.546192938007566742e+00 7.875056469417031080e-01
2.338788879754253713e+01 2.548527017056092081e+00 7.867844066263839364e-01
2.341079564259399604e+01 2.550863235740197243e+00 7.860638268619861702e-01
2.343370248764545849e+01 2.553201596021273723e+00 7.853439070435415115e-01
2.345660933269692094e+01 2.555542099862509797e+00 7.846246465666358860e-01
2.347951617774838340e+01 2.557884749228892751e+00 7.839060448274095538e-01
2.350242302279984585e+01 2.560229546087213315e+00 7.831881012225546668e-01
2.352532986785130475e+01 2.562576492406062556e+00 7.824708151493167119e-01
2.354823671290276721e+01 2.564925590155838098e+00 7.817541860054929570e-01
2.357114355795422966e+01 2.567276841308743229e+00 7.810382131894321178e-01
2.359405040300569212e+01 2.569630247838788684e+00 7.803228961000340247e-01
2.361695724805715457e+01 2.571985811721795301e+00 7.796082341367492896e-01
2.363986409310861703e+01 2.574343534935394917e+00 7.788942266995776409e-01
2.366277093816007593e+01 2.576703419459032141e+00 7.781808731890693664e-01
2.368567778321153838e+01 2.579065467273967016e+00 7.774681730063230933e-01
2.370858462826300084e+01 2.581429680363274137e+00 7.767561255529864539e-01
2.373149147331446329e+01 2.583796060711847531e+00 7.760447302312543094e-01
2.375439831836592575e+01 2.586164610306399769e+00 7.753339864438697493e-01
2.377730516341738820e+01 2.588535331135465078e+00 7.746238935941226478e-01
2.380021200846884710e+01 2.590908225189399783e+00 7.739144510858494419e-01
2.382311885352030956e+01 2.593283294460387189e+00 7.732056583234322433e-01
2.384602569857177201e+01 2.595660540942433592e+00 7.724975147117989493e-01
2.386893254362323447e+01 2.598039966631375375e+00 7.717900196564220217e-01
2.389183938867469692e+01 2.600421573524877683e+00 7.710831725633191525e-01
2.391474623372615937e+01 2.602805363622436641e+00 7.703769728390511551e-01
2.393765307877761828e+01 2.605191338925382016e+00 7.696714198907234072e-01
2.396055992382908073e+01 2.607579501436877667e+00 7.689665131259835196e-01
2.398346676888054319e+01 2.609969853161924203e+00 7.682622519530215577e-01
2.400637361393200564e+01 2.612362396107359874e+00 7.675586357805700422e-01
2.402928045898346809e+01 2.614757132281862351e+00 7.668556640179025052e-01
2.405218730403492700e+01 2.617154063695950938e+00 7.661533360748340460e-01
2.407509414908638945e+01 2.619553192361987914e+00 7.654516513617199980e-01
2.409800099413785190e+01 2.621954520294180746e+00 7.647506092894553742e-01
2.412090783918931436e+01 2.624358049508582535e+00 7.640502092694754221e-01
2.414381468424077681e+01 2.626763782023094684e+00 7.633504507137541806e-01
2.416672152929223927e+01 2.629171719857469114e+00 7.626513330348035913e-01
2.418962837434369817e+01 2.631581865033307821e+00 7.619528556456744983e-01
2.421253521939516062e+01 2.633994219574067763e+00 7.612550179599552047e-01
2.423544206444662308e+01 2.636408785505059527e+00 7.605578193917702512e-01
2.425834890949808553e+01 2.638825564853449990e+00 7.598612593557821926e-01
2.428125575454954799e+01 2.641244559648265877e+00 7.591653372671879341e-01
2.430416259960101044e+01 2.643665771920392871e+00 7.584700525417211736e-01
2.432706944465246934e+01 2.646089203702577386e+00 7.577754045956509588e-01
2.434997628970393180e+01 2.648514857029431457e+00 7.570813928457796882e-01
2.437288313475539425e+01 2.650942733937430962e+00 7.563880167094445550e-01
2.439578997980685671e+01 2.653372836464918727e+00 7.556952756045166586e-01
2.441869682485831916e+01 2.655805166652106308e+00 7.550031689494000053e-01
2.444160366990978162e+01 2.658239726541074432e+00 7.543116961630311756e-01
2.446451051496124052e+01 2.660676518175777439e+00 7.536208566648788798e-01
2.448741736001270297e+01 2.663115543602042390e+00 7.529306498749436249e-01
2.451032420506416543e+01 2.665556804867572183e+00 7.522410752137573819e-01
2.453323105011562788e+01 2.668000304021946434e+00 7.515521321023819201e-01
2.455613789516709033e+01 2.670446043116624146e+00 7.508638199624104725e-01
2.457904474021854924e+01 2.672894024204943264e+00 7.501761382159651825e-01
2.460195158527001169e+01 2.675344249342126890e+00 7.494890862856973257e-01
2.462485843032147415e+01 2.677796720585279289e+00 7.488026635947878651e-01
2.464776527537293660e+01 2.680251439993392548e+00 7.481168695669447866e-01
2.467067212042439905e+01 2.682708409627344803e+00 7.474317036264044312e-01
2.469357896547586151e+01 2.685167631549903788e+00 7.467471651979316061e-01
2.471648581052732041e+01 2.687629107825728614e+00 7.460632537068155878e-01
2.473939265557878286e+01 2.690092840521371098e+00 7.453799685788740081e-01
2.476229950063024532e+01 2.692558831705276212e+00 7.446973092404494121e-01
2.478520634568170777e+01 2.695027083447786520e+00 7.440152751184101465e-01
2.480811319073317023e+01 2.697497597821142179e+00 7.433338656401490274e-01
2.483102003578463268e+01 2.699970376899481828e+00 7.426530802335840065e-01
2.485392688083609158e+01 2.702445422758846139e+00 7.419729183271560613e-01
2.487683372588755404e+01 2.704922737477180039e+00 7.412933793498301949e-01
2.489974057093901649e+01 2.707402323134331823e+00 7.406144627310944362e-01
2.492264741599047895e+01 2.709884181812057147e+00 7.399361679009586190e-01
2.494555426104194140e+01 2.712368315594019030e+00 7.392584942899560474e-01
2.496846110609340386e+01 2.714854726565791410e+00 7.385814413291400538e-01
2.499136795114486276e+01 2.717343416814860024e+00 7.379050084500856643e-01
2.501427479619632521e+01 2.719834388430623751e+00 7.372291950848887110e-01
2.503718164124778767e+01 2.722327643504397265e+00 7.365540006661651651e-01
2.506008848629925012e+01 2.724823184129412823e+00 7.358794246270494721e-01
2.508299533135071258e+01 2.727321012400819811e+00 7.352054664011973273e-01
2.510590217640217148e+01 2.729821130415689634e+00 7.345321254227811236e-01
2.512880902145363393e+01 2.732323540273016160e+00 7.338594011264927275e-01
2.515171586650509639e+01 2.734828244073716164e+00 7.331872929475412581e-01
2.517462271155655884e+01 2.737335243920633765e+00 7.325158003216527547e-01
2.519752955660802130e+01 2.739844541918539544e+00 7.318449226850710643e-01
2.522043640165948375e+01 2.742356140174134982e+00 7.311746594745551775e-01
2.524334324671094265e+01 2.744870040796050237e+00 7.305050101273812269e-01
2.526625009176240511e+01 2.747386245894851253e+00 7.298359740813392671e-01
2.528915693681386756e+01 2.749904757583037984e+00 7.291675507747348295e-01
2.531206378186533001e+01 2.752425577975045279e+00 7.284997396463888109e-01
2.533497062691679247e+01 2.754948709187247768e+00 7.278325401356344759e-01
2.535787747196825492e+01 2.757474153337959866e+00 7.271659516823202329e-01
2.538078431701971382e+01 2.760001912547437541e+00 7.264999737268057478e-01
2.540369116207117628e+01 2.762531988937880989e+00 7.258346057099646087e-01
2.542659800712263873e+01 2.765064384633435068e+00 7.251698470731817725e-01
2.544950485217410119e+01 2.767599101760192415e+00 7.245056972583542310e-01
2.547241169722556364e+01 2.770136142446194327e+00 7.238421557078897894e-01
2.549531854227702610e+01 2.772675508821432544e+00 7.231792218647071779e-01
2.551822538732848500e+01 2.775217203017851908e+00 7.225168951722351629e-01
2.554113223237994745e+01 2.777761227169352143e+00 7.218551750744123252e-01
2.556403907743140991e+01 2.780307583411788297e+00 7.211940610156860609e-01
2.558694592248287236e+01 2.782856273882972520e+00 7.205335524410136916e-01
2.560985276753433482e+01 2.785407300722678947e+00 7.198736487958594665e-01
2.563275961258579372e+01 2.787960666072640148e+00 7.192143495261966724e-01
2.565566645763725617e+01 2.790516372076555118e+00 7.185556540785056345e-01
2.567857330268871863e+01 2.793074420880086617e+00 7.178975618997730512e-01
2.570148014774018108e+01 2.795634814630864273e+00 7.172400724374929926e-01
2.572438699279164354e+01 2.798197555478485476e+00 7.165831851396650132e-01
2.574729383784310599e+01 2.800762645574520260e+00 7.159268994547939302e-01
2.577020068289456489e+01 2.803330087072509524e+00 7.152712148318907115e-01
2.579310752794602735e+01 2.805899882127968592e+00 7.146161307204699220e-01
2.581601437299748980e+01 2.808472032898388537e+00 7.139616465705507231e-01
2.583892121804895226e+01 2.811046541543238853e+00 7.133077618326560954e-01
2.586182806310041471e+01 2.813623410223968335e+00 7.126544759578113952e-01
2.588473490815187716e+01 2.816202641104005977e+00 7.120017883975465756e-01
2.590764175320333607e+01 2.818784236348765848e+00 7.113496986038919667e-01
2.593054859825479852e+01 2.821368198125646209e+00 7.106982060293807191e-01
2.595345544330626097e+01 2.823954528604032621e+00 7.100473101270472487e-01
2.597636228835772343e+01 2.826543229955297942e+00 7.093970103504270153e-01
2.599926913340918588e+01 2.829134304352806772e+00 7.087473061535557450e-01
2.602217597846064834e+01 2.831727753971915895e+00 7.080981969909692086e-01
2.604508282351210724e+01 2.834323580989975166e+00 7.074496823177028881e-01
2.606798966856356969e+01 2.836921787586332400e+00 7.068017615892913108e-01
2.609089651361503215e+01 2.839522375942331589e+00 7.061544342617673831e-01
2.611380335866649460e+01 2.842125348241316907e+00 7.055076997916627235e-01
2.613671020371795706e+01 2.844730706668634035e+00 7.048615576360062196e-01
2.615961704876941596e+01 2.847338453411631054e+00 7.042160072523248049e-01
2.618252389382087841e+01 2.849948590659662440e+00 7.035710480986411275e-01
2.620543073887234087e+01 2.852561120604089506e+00 7.029266796334747713e-01
2.622833758392380332e+01 2.855176045438281296e+00 7.022829013158415901e-01
2.625124442897526578e+01 2.857793367357618131e+00 7.016397126052522637e-01
2.627415127402672823e+01 2.860413088559493833e+00 7.009971129617126318e-01
2.629705811907818713e+01 2.863035211243313949e+00 7.003551018457238042e-01
2.631996496412964959e+01 2.865659737610503743e+00 6.997136787182797191e-01
2.634287180918111204e+01 2.868286669864503313e+00 6.990728430408689187e-01
2.636577865423257450e+01 2.870916010210775138e+00 6.984325942754726624e-01
2.638868549928403695e+01 2.873547760856801414e+00 6.977929318845658146e-01
2.641159234433549940e+01 2.876181924012088498e+00 6.971538553311139585e-01
2.643449918938695831e+01 2.878818501888168679e+00 6.965153640785765043e-01
2.645740603443842076e+01 2.881457496698601961e+00 6.958774575909022486e-01
2.648031287948988322e+01 2.884098910658976500e+00 6.952401353325322608e-01
2.650321972454134567e+01 2.886742745986911718e+00 6.946033967683975519e-01
2.652612656959280812e+01 2.889389004902060076e+00 6.939672413639197401e-01
2.654903341464427058e+01 2.892037689626108854e+00 6.933316685850090533e-01
2.657194025969572948e+01 2.894688802382781478e+00 6.926966778980661044e-01
2.659484710474719193e+01 2.897342345397840191e+00 6.920622687699793385e-01
2.661775394979865439e+01 2.899998320899087823e+00 6.914284406681253659e-01
2.664066079485011684e+01 2.902656731116369571e+00 6.907951930603692947e-01
2.666356763990157930e+01 2.905317578281572999e+00 6.901625254150630662e-01
2.668647448495303820e+01 2.907980864628633810e+00 6.895304372010460092e-01
2.670938133000450065e+01 2.910646592393534959e+00 6.888989278876427313e-01
2.673228817505596311e+01 2.913314763814308428e+00 6.882679969446654500e-01
2.675519502010742556e+01 2.915985381131038334e+00 6.876376438424111059e-01
2.677810186515888802e+01 2.918658446585861821e+00 6.870078680516615854e-01
2.680100871021035047e+01 2.921333962422972164e+00 6.863786690436839422e-01
2.682391555526180937e+01 2.924011930888618771e+00 6.857500462902295091e-01
2.684682240031327183e+01 2.926692354231111182e+00 6.851219992635328992e-01
2.686972924536473428e+01 2.929375234700819508e+00 6.844945274363128940e-01
2.689263609041619674e+01 2.932060574550176657e+00 6.838676302817698893e-01
2.691554293546765919e+01 2.934748376033680994e+00 6.832413072735877835e-01
2.693844978051912165e+01 2.937438641407896345e+00 6.826155578859327555e-01
2.696135662557058055e+01 2.940131372931455545e+00 6.819903815934517111e-01
2.698426347062204300e+01 2.942826572865063550e+00 6.813657778712727264e-01
2.700717031567350546e+01 2.945524243471495662e+00 6.807417461950056037e-01
2.703007716072496791e+01 2.948224387015601966e+00 6.801182860407393171e-01
2.705298400577643037e+01 2.950927005764308664e+00 6.794953968850430126e-01
2.707589085082789282e+01 2.953632101986620739e+00 6.788730782049654522e-01
2.709879769587935172e+01 2.956339677953621514e+00 6.782513294780345703e-01
2.712170454093081418e+01 2.959049735938479309e+00 6.776301501822554751e-01
2.714461138598227663e+01 2.961762278216443001e+00 6.770095397961132244e-01
2.716751823103373908e+01 2.964477307064848688e+00 6.763894977985687174e-01
2.719042507608520154e+01 2.967194824763119687e+00 6.757700236690616924e-01
2.721333192113666044e+01 2.969914833592769643e+00 6.751511168875072855e-01
2.723623876618812290e+01 2.972637335837402084e+00 6.745327769342979174e-01
2.725914561123958535e+01 2.975362333782715307e+00 6.739150032903016285e-01
2.728205245629104780e+01 2.978089829716502823e+00 6.732977954368610796e-01
2.730495930134251026e+01 2.980819825928654243e+00 6.726811528557953279e-01
2.732786614639397271e+01 2.983552324711159276e+00 6.720650750293970521e-01
2.735077299144543161e+01 2.986287328358107729e+00 6.714495614404335511e-01
2.737367983649689407e+01 2.989024839165694836e+00 6.708346115721450786e-01
2.739658668154835652e+01 2.991764859432217705e+00 6.702202249082462870e-01
2.741949352659981898e+01 2.994507391458081536e+00 6.696064009329240063e-01
2.744240037165128143e+01 2.997252437545800952e+00 6.689931391308373554e-01
2.746530721670274389e+01 3.000000000000000444e+00 6.683804389871177420e-01
