# tau=beta*t, lambda=exp[(gamma_dot/beta)*tau], sigma_norm=sigma/mu
# tau lambda sigma_over_mu
0.000000000000000000e+00 1.000000000000000000e+00 0.000000000000000000e+00
2.290684505146183426e-03 1.000916693709138716e+00 6.705498904527052058e-03
4.581369010292366852e-03 1.001834227745634021e+00 1.337852034913656132e-02
6.872053515438550711e-03 1.002752602879808386e+00 2.001920480457081500e-02
9.162738020584733703e-03 1.003671819882690830e+00 2.662769212848333650e-02
1.145342252573091670e-02 1.004591879526017140e+00 3.320412156822484528e-02
1.374410703087710142e-02 1.005512782582230535e+00 3.974863176361658618e-02
1.603479153602328441e-02 1.006434529824482338e+00 4.626136074971082951e-02
1.832547604116946741e-02 1.007357122026632634e+00 5.274244595954009213e-02
2.061616054631565040e-02 1.008280559963250500e+00 5.919202422684733539e-02
2.290684505146183339e-02 1.009204844409615776e+00 6.561023178881565665e-02
2.519752955660801638e-02 1.010129976141718400e+00 7.199720428876690836e-02
2.748821406175420284e-02 1.011055955936260187e+00 7.835307677886524380e-02
2.977889856690038584e-02 1.011982784570654159e+00 8.467798372278989572e-02
3.206958307204656883e-02 1.012910462823026991e+00 9.097205899841699639e-02
3.436026757719275182e-02 1.013838991472217677e+00 9.723543590046308804e-02
3.665095208233893481e-02 1.014768371297779748e+00 1.034682471431388195e-01
3.894163658748511780e-02 1.015698603079981499e+00 1.096706248627785374e-01
4.123232109263130080e-02 1.016629687599805987e+00 1.158427006204529319e-01
4.352300559777748379e-02 1.017561625638952583e+00 1.219846054045829881e-01
4.581369010292366678e-02 1.018494417979836753e+00 1.280964696335268049e-01
4.810437460806984977e-02 1.019428065405591832e+00 1.341784231581678033e-01
5.039505911321603276e-02 1.020362568700068806e+00 1.402305952644791465e-01
5.268574361836221576e-02 1.021297928647836750e+00 1.462531146760781831e-01
5.497642812350840569e-02 1.022234146034184832e+00 1.522461095567797240e-01
5.726711262865458868e-02 1.023171221645121198e+00 1.582097075131169983e-01
5.955779713380077167e-02 1.024109156267375198e+00 1.641440355968718789e-01
6.184848163894695466e-02 1.025047950688396936e+00 1.700492203075762154e-01
6.413916614409313766e-02 1.025987605696358607e+00 1.759253875950115842e-01
6.642985064923931371e-02 1.026928122080154715e+00 1.817726628616918860e-01
6.872053515438550364e-02 1.027869500629403410e+00 1.875911709653392268e-01
7.101121965953167969e-02 1.028811742134446039e+00 1.933810362213377321e-01
7.330190416467786962e-02 1.029754847386348704e+00 1.991423824051886671e-01
7.559258866982405956e-02 1.030698817176902926e+00 2.048753327549472647e-01
7.788327317497023561e-02 1.031643652298625868e+00 2.105800099736455655e-01
8.017395768011642554e-02 1.032589353544761002e+00 2.162565362317065976e-01
8.246464218526260159e-02 1.033535921709279215e+00 2.219050331693505906e-01
8.475532669040879152e-02 1.034483357586879038e+00 2.275256218989823442e-01
8.704601119555496758e-02 1.035431661972987749e+00 2.331184230075742658e-01
8.933669570070115751e-02 1.036380835663761601e+00 2.386835565590322561e-01
9.162738020584733356e-02 1.037330879456086485e+00 2.442211420965536561e-01
9.391806471099352349e-02 1.038281794147579262e+00 2.497312986449755079e-01
9.620874921613969954e-02 1.039233580536587764e+00 2.552141447131072716e-01
9.849943372128588948e-02 1.040186239422191461e+00 2.606697982960543558e-01
1.007901182264320655e-01 1.041139771604202569e+00 2.660983768775325720e-01
1.030808027315782555e-01 1.042094177883166273e+00 2.714999974321687382e-01
1.053714872367244315e-01 1.043049459060362061e+00 2.768747764277940671e-01
1.076621717418706214e-01 1.044005615937803277e+00 2.822228298277192349e-01
1.099528562470168114e-01 1.044962649318238901e+00 2.875442730930088953e-01
1.122435407521629874e-01 1.045920560005153988e+00 2.928392211847391513e-01
1.145342252573091774e-01 1.046879348802769671e+00 2.981077885662423710e-01
1.168249097624553534e-01 1.047839016516044497e+00 3.033500892053467846e-01
1.191155942676015433e-01 1.048799563950675084e+00 3.085662365766039805e-01
1.214062787727477194e-01 1.049760991913096131e+00 3.137563436635007474e-01
1.236969632778939093e-01 1.050723301210482186e+00 3.189205229606713599e-01
1.259876477830400854e-01 1.051686492650747429e+00 3.240588864760864940e-01
1.282783322881862753e-01 1.052650567042546559e+00 3.291715457332411998e-01
1.305690167933324652e-01 1.053615525195275904e+00 3.342586117733292173e-01
1.328597012984786274e-01 1.054581367919073198e+00 3.393201951574043029e-01
1.351503858036248173e-01 1.055548096024819804e+00 3.443564059685416123e-01
1.374410703087710073e-01 1.056515710324139157e+00 3.493673538139696610e-01
1.397317548139171972e-01 1.057484211629399651e+00 3.543531478272153312e-01
1.420224393190633594e-01 1.058453600753713753e+00 3.593138966702200121e-01
1.443131238242095493e-01 1.059423878510939998e+00 3.642497085354594044e-01
1.466038083293557392e-01 1.060395045715682549e+00 3.691606911480416753e-01
1.488944928345019292e-01 1.061367103183292082e+00 3.740469517678015055e-01
1.511851773396481191e-01 1.062340051729866897e+00 3.789085971913874196e-01
1.534758618447942813e-01 1.063313892172254027e+00 3.837457337543364599e-01
1.557665463499404712e-01 1.064288625328048132e+00 3.885584673331304306e-01
1.580572308550866611e-01 1.065264252015594382e+00 3.933469033472609677e-01
1.603479153602328511e-01 1.066240773053987567e+00 3.981111467612669652e-01
1.626385998653790133e-01 1.067218189263073436e+00 4.028513020867724448e-01
1.649292843705252032e-01 1.068196501463449355e+00 4.075674733845122688e-01
1.672199688756713931e-01 1.069175710476464980e+00 4.122597642663486939e-01
1.695106533808175830e-01 1.070155817124222697e+00 4.169282778972761561e-01
1.718013378859637452e-01 1.071136822229578733e+00 4.215731169974212267e-01
1.740920223911099352e-01 1.072118726616143602e+00 4.261943838440280241e-01
1.763827068962561251e-01 1.073101531108282547e+00 4.307921802734375749e-01
1.786733914014023150e-01 1.074085236531116649e+00 4.353666076830566833e-01
1.809640759065484772e-01 1.075069843710523720e+00 4.399177670333208612e-01
1.832547604116946671e-01 1.076055353473137854e+00 4.444457588496386058e-01
1.855454449168408571e-01 1.077041766646351872e+00 4.489506832243411738e-01
1.878361294219870470e-01 1.078029084058316212e+00 4.534326398186076523e-01
1.901268139271332369e-01 1.079017306537941145e+00 4.578917278643944155e-01
1.924174984322793991e-01 1.080006434914896563e+00 4.623280461663461516e-01
1.947081829374255890e-01 1.080996470019612410e+00 4.667416931036994510e-01
1.969988674425717790e-01 1.081987412683280692e+00 4.711327666321860064e-01
1.992895519477179689e-01 1.082979263737854803e+00 4.755013642859141076e-01
2.015802364528641311e-01 1.083972024016051083e+00 4.798475831792502477e-01
2.038709209580103210e-01 1.084965694351349041e+00 4.841715200086886273e-01
2.061616054631565109e-01 1.085960275577992240e+00 4.884732710547122769e-01
2.084522899683027009e-01 1.086955768530989186e+00 4.927529321836465748e-01
2.107429744734488630e-01 1.087952174046113774e+00 4.970105988495023830e-01
2.130336589785950530e-01 1.088949492959905729e+00 5.012463660958098588e-01
2.153243434837412429e-01 1.089947726109671944e+00 5.054603285574483795e-01
2.176150279888874328e-01 1.090946874333486916e+00 5.096525804624633116e-01
2.199057124940336228e-01 1.091946938470192974e+00 5.138232156338740086e-01
2.221963969991797849e-01 1.092947919359401832e+00 5.179723274914782571e-01
2.244870815043259749e-01 1.093949817841495031e+00 5.221000090536438432e-01
2.267777660094721648e-01 1.094952634757623944e+00 5.262063529390915706e-01
2.290684505146183547e-01 1.095956370949711101e+00 5.302914513686721731e-01
2.313591350197645169e-01 1.096961027260451305e+00 5.343553961671368979e-01
2.336498195249107068e-01 1.097966604533311408e+00 5.383982787648933233e-01
2.359405040300568968e-01 1.098973103612531643e+00 5.424201901997589559e-01
2.382311885352030867e-01 1.099980525343126070e+00 5.464212211187041701e-01
2.405218730403492489e-01 1.100988870570883238e+00 5.504014617795860431e-01
2.428125575454954388e-01 1.101998140142367300e+00 5.543610020528786375e-01
2.451032420506416287e-01 1.103008334904918453e+00 5.582999314233890731e-01
2.473939265557878187e-01 1.104019455706653607e+00 5.622183389919708230e-01
2.496846110609339808e-01 1.105031503396466608e+00 5.661163134772223549e-01
2.519752955660801708e-01 1.106044478824030453e+00 5.699939432171903242e-01
2.542659800712263607e-01 1.107058382839796185e+00 5.738513161710484534e-01
2.565566645763725506e-01 1.108073216294994667e+00 5.776885199207814070e-01
2.588473490815187406e-01 1.109088980041637473e+00 5.815056416728576760e-01
2.611380335866649305e-01 1.110105674932516884e+00 5.853027682598899162e-01
2.634287180918111204e-01 1.111123301821206777e+00 5.890799861422925110e-01
2.657194025969572548e-01 1.112141861562063738e+00 5.928373814099313632e-01
2.680100871021034448e-01 1.113161355010227727e+00 5.965750397837639163e-01
2.703007716072496347e-01 1.114181783021622074e+00 6.002930466174702939e-01
2.725914561123958246e-01 1.115203146452955041e+00 6.039914868990821084e-01
2.748821406175420146e-01 1.116225446161720258e+00 6.076704452525996114e-01
2.771728251226882045e-01 1.117248683006197396e+00 6.113300059396011843e-01
2.794635096278343944e-01 1.118272857845452606e+00 6.149702528608470553e-01
2.817541941329805844e-01 1.119297971539340297e+00 6.185912695578771325e-01
2.840448786381267188e-01 1.120324024948502251e+00 6.221931392145944040e-01
2.863355631432729087e-01 1.121351018934369614e+00 6.257759446588511132e-01
2.886262476484190986e-01 1.122378954359163128e+00 6.293397683640195028e-01
2.909169321535652886e-01 1.123407832085894009e+00 6.328846924505590055e-01
2.932076166587114785e-01 1.124437652978364399e+00 6.364107986875746636e-01
2.954983011638576684e-01 1.125468417901168472e+00 6.399181684943707760e-01
2.977889856690038584e-01 1.126500127719692879e+00 6.434068829419936630e-01
3.000796701741500483e-01 1.127532783300117414e+00 6.468770227547697704e-01
3.023703546792962382e-01 1.128566385509416570e+00 6.503286683118387757e-01
3.046610391844423726e-01 1.129600935215358426e+00 6.537618996486709300e-01
3.069517236895885626e-01 1.130636433286507758e+00 6.571767964585910615e-01
3.092424081947347525e-01 1.131672880592224484e+00 6.605734380942813733e-01
3.115330926998809424e-01 1.132710278002666549e+00 6.639519035692889037e-01
3.138237772050271324e-01 1.133748626388788372e+00 6.673122715595158905e-01
3.161144617101733223e-01 1.134787926622343734e+00 6.706546204047142412e-01
3.184051462153195122e-01 1.135828179575885111e+00 6.739790281099625746e-01
3.206958307204657022e-01 1.136869386122764780e+00 6.772855723471427059e-01
3.229865152256118366e-01 1.137911547137136159e+00 6.805743304564093599e-01
3.252771997307580265e-01 1.138954663493953134e+00 6.838453794476474501e-01
3.275678842359042164e-01 1.139998736068972285e+00 6.870987960019312446e-01
3.298585687410504064e-01 1.141043765738752880e+00 6.903346564729692103e-01
3.321492532461965963e-01 1.142089753380657768e+00 6.935530368885474140e-01
3.344399377513427862e-01 1.143136699872853601e+00 6.967540129519607106e-01
3.367306222564889762e-01 1.144184606094312828e+00 6.999376600434452644e-01
3.390213067616351661e-01 1.145233472924812812e+00 7.031040532215957484e-01
3.413119912667813560e-01 1.146283301244938269e+00 7.062532672247842092e-01
3.436026757719274904e-01 1.147334091936080380e+00 7.093853764725643885e-01
3.458933602770736804e-01 1.148385845880438572e+00 7.125004550670763770e-01
3.481840447822198703e-01 1.149438563961021176e+00 7.155985767944418319e-01
3.504747292873660602e-01 1.150492247061645879e+00 7.186798151261527545e-01
3.527654137925122502e-01 1.151546896066940162e+00 7.217442432204520530e-01
3.550560982976584401e-01 1.152602511862343082e+00 7.247919339237142156e-01
3.573467828028046300e-01 1.153659095334104823e+00 7.278229597718106625e-01
3.596374673079508200e-01 1.154716647369288474e+00 7.308373929914777634e-01
3.619281518130969544e-01 1.155775168855769808e+00 7.338353055016703097e-01
3.642188363182431443e-01 1.156834660682238614e+00 7.368167689149155430e-01
3.665095208233893342e-01 1.157895123738199805e+00 7.397818545386577460e-01
3.688002053285355242e-01 1.158956558913972978e+00 7.427306333765955060e-01
3.710908898336817141e-01 1.160018967100694631e+00 7.456631761300169803e-01
3.733815743388279040e-01 1.161082349190317498e+00 7.485795531991239482e-01
3.756722588439740940e-01 1.162146706075612546e+00 7.514798346843548638e-01
3.779629433491202839e-01 1.163212038650168312e+00 7.543640903876954740e-01
3.802536278542664738e-01 1.164278347808393566e+00 7.572323898139941001e-01
3.825443123594126082e-01 1.165345634445515977e+00 7.600848021722558245e-01
3.848349968645587982e-01 1.166413899457584558e+00 7.629213963769460038e-01
3.871256813697049881e-01 1.167483143741469220e+00 7.657422410492761289e-01
3.894163658748511780e-01 1.168553368194862774e+00 7.685474045184926828e-01
3.917070503799973680e-01 1.169624573716280036e+00 7.713369548231515660e-01
3.939977348851435579e-01 1.170696761205059833e+00 7.741109597123937425e-01
3.962884193902897478e-01 1.171769931561365663e+00 7.768694866472128924e-01
3.985791038954359378e-01 1.172844085686185922e+00 7.796126028017149601e-01
4.008697884005820722e-01 1.173919224481335011e+00 7.823403750643750376e-01
4.031604729057282621e-01 1.174995348849454224e+00 7.850528700392865877e-01
4.054511574108744520e-01 1.176072459694011973e+00 7.877501540474067809e-01
4.077418419160206420e-01 1.177150557919304674e+00 7.904322931277917297e-01
4.100325264211668319e-01 1.178229644430458523e+00 7.930993530388351642e-01
4.123232109263130218e-01 1.179309720133428829e+00 7.957513992594898999e-01
4.146138954314592118e-01 1.180390785935001352e+00 7.983884969904918583e-01
4.169045799366054017e-01 1.181472842742793405e+00 8.010107111555774262e-01
4.191952644417515916e-01 1.182555891465254083e+00 8.036181064026911569e-01
4.214859489468977261e-01 1.183639933011665368e+00 8.062107471051932484e-01
4.237766334520439160e-01 1.184724968292142577e+00 8.087886973630572518e-01
4.260673179571901059e-01 1.185810998217635692e+00 8.113520210040656711e-01
4.283580024623362958e-01 1.186898023699929361e+00 8.139007815849974570e-01
4.306486869674824858e-01 1.187986045651644451e+00 8.164350423928119493e-01
4.329393714726286757e-01 1.189075064986238051e+00 8.189548664458260463e-01
4.352300559777748656e-01 1.190165082618004577e+00 8.214603164948860448e-01
4.375207404829210556e-01 1.191256099462077334e+00 8.239514550245381486e-01
4.398114249880672455e-01 1.192348116434427396e+00 8.264283442541853208e-01
4.421021094932133799e-01 1.193441134451866281e+00 8.288910461392475781e-01
4.443927939983595699e-01 1.194535154432045720e+00 8.313396223723117373e-01
4.466834785035057598e-01 1.195630177293458773e+00 8.337741343842782760e-01
4.489741630086519497e-01 1.196726203955440271e+00 8.361946433455008654e-01
4.512648475137981396e-01 1.197823235338167702e+00 8.386012101669230168e-01
4.535555320189443296e-01 1.198921272362662549e+00 8.409938955012090656e-01
4.558462165240905195e-01 1.200020315950790062e+00 8.433727597438677170e-01
4.581369010292367094e-01 1.201120367025260816e+00 8.457378630343745929e-01
4.604275855343828439e-01 1.202221426509631375e+00 8.480892652572862289e-01
4.627182700395290338e-01 1.203323495328304737e+00 8.504270260433499651e-01
4.650089545446752237e-01 1.204426574406531003e+00 8.527512047706087284e-01
4.672996390498214136e-01 1.205530664670409147e+00 8.550618605655032622e-01
4.695903235549676036e-01 1.206635767046886354e+00 8.573590523039638089e-01
4.718810080601137935e-01 1.207741882463760241e+00 8.596428386125047894e-01
4.741716925652599834e-01 1.208849011849678190e+00 8.619132778693042729e-01
4.764623770704061734e-01 1.209957156134139344e+00 8.641704282052893316e-01
4.787530615755523633e-01 1.211066316247495056e+00 8.664143475052097365e-01
4.810437460806984977e-01 1.212176493120949106e+00 8.686450934087068809e-01
4.833344305858446877e-01 1.213287687686559035e+00 8.708627233113817034e-01
4.856251150909908776e-01 1.214399900877236815e+00 8.730672943658536189e-01
4.879157995961370675e-01 1.215513133626749731e+00 8.752588634828187830e-01
4.902064841012832574e-01 1.216627386869721050e+00 8.774374873320999191e-01
4.924971686064294474e-01 1.217742661541630467e+00 8.796032223436921482e-01
4.947878531115756373e-01 1.218858958578815654e+00 8.817561247088065990e-01
4.970785376167218272e-01 1.219976278918472268e+00 8.838962503809062454e-01
4.993692221218679617e-01 1.221094623498655274e+00 8.860236550767389696e-01
5.016599066270142071e-01 1.222213993258279841e+00 8.881383942773654061e-01
5.039505911321603415e-01 1.223334389137121114e+00 8.902405232291807913e-01
5.062412756373065870e-01 1.224455812075816219e+00 8.923300969449339259e-01
5.085319601424527214e-01 1.225578263015864477e+00 8.944071702047432515e-01
5.108226446475988558e-01 1.226701742899628522e+00 8.964717975571032671e-01
5.131133291527451012e-01 1.227826252670334073e+00 8.985240333198893925e-01
5.154040136578912357e-01 1.228951793272072601e+00 9.005639315813609436e-01
5.176946981630374811e-01 1.230078365649799998e+00 9.025915462011538937e-01
5.199853826681836155e-01 1.231205970749338796e+00 9.046069308112733021e-01
5.222760671733298610e-01 1.232334609517378832e+00 9.066101388170808573e-01
5.245667516784759954e-01 1.233464282901477471e+00 9.086012233982758701e-01
5.268574361836222408e-01 1.234594991850060719e+00 9.105802375098734913e-01
5.291481206887683753e-01 1.235726737312423884e+00 9.125472338831779329e-01
5.314388051939145097e-01 1.236859520238732690e+00 9.145022650267531361e-01
5.337294896990607551e-01 1.237993341580024165e+00 9.164453832273855571e-01
5.360201742042068895e-01 1.239128202288206193e+00 9.183766405510448427e-01
5.383108587093531350e-01 1.240264103316060185e+00 9.202960888438416198e-01
5.406015432144992694e-01 1.241401045617240850e+00 9.222037797329774023e-01
5.428922277196455148e-01 1.242539030146276424e+00 9.240997646276922772e-01
5.451829122247916493e-01 1.243678057858570885e+00 9.259840947202093719e-01
5.474735967299377837e-01 1.244818129710403731e+00 9.278568209866723260e-01
5.497642812350840291e-01 1.245959246658931319e+00 9.297179941880817644e-01
5.520549657402301635e-01 1.247101409662186855e+00 9.315676648712233332e-01
5.543456502453764090e-01 1.248244619679082401e+00 9.334058833695969559e-01
5.566363347505225434e-01 1.249388877669408426e+00 9.352326998043369866e-01
5.589270192556687888e-01 1.250534184593836029e+00 9.370481640851312521e-01
5.612177037608149233e-01 1.251680541413916270e+00 9.388523259111348773e-01
5.635083882659611687e-01 1.252827949092081949e+00 9.406452347718800011e-01
5.657990727711073031e-01 1.253976408591647829e+00 9.424269399481810527e-01
5.680897572762534375e-01 1.255125920876812184e+00 9.441974905130372520e-01
5.703804417813996830e-01 1.256276486912657031e+00 9.459569353325312235e-01
5.726711262865458174e-01 1.257428107665148787e+00 9.477053230667196182e-01
5.749618107916920628e-01 1.258580784101139827e+00 9.494427021705258429e-01
5.772524952968381973e-01 1.259734517188368264e+00 9.511691208946235765e-01
5.795431798019844427e-01 1.260889307895459943e+00 9.528846272863202849e-01
5.818338643071305771e-01 1.262045157191928002e+00 9.545892691904328542e-01
5.841245488122768226e-01 1.263202066048175087e+00 9.562830942501636677e-01
5.864152333174229570e-01 1.264360035435492469e+00 9.579661499079679121e-01
5.887059178225690914e-01 1.265519066326062703e+00 9.596384834064227709e-01
5.909966023277153369e-01 1.266679159692958967e+00 9.613001417890861822e-01
5.932872868328614713e-01 1.267840316510146836e+00 9.629511719013579274e-01
5.955779713380077167e-01 1.269002537752484283e+00 9.645916203913317277e-01
5.978686558431538511e-01 1.270165824395723009e+00 9.662215337106471180e-01
6.001593403483000966e-01 1.271330177416509777e+00 9.678409581153375463e-01
6.024500248534462310e-01 1.272495597792385746e+00 9.694499396666691471e-01
6.047407093585924764e-01 1.273662086501788915e+00 9.710485242319852883e-01
6.070313938637386109e-01 1.274829644524053673e+00 9.726367574855374620e-01
6.093220783688847453e-01 1.275998272839412584e+00 9.742146849093206162e-01
6.116127628740309907e-01 1.277167972428996379e+00 9.757823517938984947e-01
6.139034473791771251e-01 1.278338744274835515e+00 9.773398032392295320e-01
6.161941318843233706e-01 1.279510589359860839e+00 9.788870841554879743e-01
6.184848163894695050e-01 1.280683508667903370e+00 9.804242392638780057e-01
6.207755008946157504e-01 1.281857503183697178e+00 9.819513130974504289e-01
6.230661853997618849e-01 1.283032573892877837e+00 9.834683500019109070e-01
6.253568699049081303e-01 1.284208721781985751e+00 9.849753941364264298e-01
6.276475544100542647e-01 1.285385947838464382e+00 9.864724894744264505e-01
6.299382389152003991e-01 1.286564253050663353e+00 9.879596798044042449e-01
6.322289234203466446e-01 1.287743638407837787e+00 9.894370087307104988e-01
6.345196079254927790e-01 1.288924104900149636e+00 9.909045196743452300e-01
6.368102924306390245e-01 1.290105653518669016e+00 9.923622558737474897e-01
6.391009769357851589e-01 1.291288285255373980e+00 9.938102603855779593e-01
6.413916614409314043e-01 1.292472001103152301e+00 9.952485760855025454e-01
6.436823459460775387e-01 1.293656802055801691e+00 9.966772456689684256e-01
6.459730304512236732e-01 1.294842689108030687e+00 9.980963116519786515e-01
6.482637149563699186e-01 1.296029663255460429e+00 9.995058163718647526e-01
6.505543994615160530e-01 1.297217725494623997e+00 1.000905801988051902e+00
6.528450839666622985e-01 1.298406876822968181e+00 1.002296310482823971e+00
6.551357684718084329e-01 1.299597118238854376e+00 1.003677383662084477e+00
6.574264529769546783e-01 1.300788450741559021e+00 1.005049063156114642e+00
6.597171374821008127e-01 1.301980875331274046e+00 1.006411390420322904e+00
6.620078219872470582e-01 1.303174393009109311e+00 1.007764406736002982e+00
6.642985064923931926e-01 1.304369004777091501e+00 1.009108153211073944e+00
6.665891909975393270e-01 1.305564711638166342e+00 1.010442670780828722e+00
6.688798755026855725e-01 1.306761514596198603e+00 1.011768000208671525e+00
6.711705600078317069e-01 1.307959414655973651e+00 1.013084182086858354e+00
6.734612445129779523e-01 1.309158412823197670e+00 1.014391256837227973e+00
6.757519290181240867e-01 1.310358510104498775e+00 1.015689264711934658e+00
6.780426135232703322e-01 1.311559707507428119e+00 1.016978245794175173e+00
6.803332980284164666e-01 1.312762006040460117e+00 1.018258239998913295e+00
6.826239825335627120e-01 1.313965406712993778e+00 1.019529287073599244e+00
6.849146670387088465e-01 1.315169910535353592e+00 1.020791426598890661e+00
6.872053515438549809e-01 1.316375518518789978e+00 1.022044697989364481e+00
6.894960360490012263e-01 1.317582231675480609e+00 1.023289140494230143e+00
6.917867205541473608e-01 1.318790051018530418e+00 1.024524793198036354e+00
6.940774050592936062e-01 1.319998977561974041e+00 1.025751695021378751e+00
6.963680895644397406e-01 1.321209012320774701e+00 1.026969884721600224e+00
6.986587740695859861e-01 1.322420156310826655e+00 1.028179400893489692e+00
7.009494585747321205e-01 1.323632410548955196e+00 1.029380281969978883e+00
7.032401430798783659e-01 1.324845776052917756e+00 1.030572566222835551e+00
7.055308275850245003e-01 1.326060253841404579e+00 1.031756291763351374e+00
7.078215120901706348e-01 1.327275844934039828e+00 1.032931496543030292e+00
7.101121965953168802e-01 1.328492550351382917e+00 1.034098218354273069e+00
7.124028811004630146e-01 1.329710371114927625e+00 1.035256494831053864e+00
7.146935656056092601e-01 1.330929308247105425e+00 1.036406363449603685e+00
7.169842501107553945e-01 1.332149362771283929e+00 1.037547861529079185e+00
7.192749346159016399e-01 1.333370535711769778e+00 1.038681026232239013e+00
7.215656191210477743e-01 1.334592828093807748e+00 1.039805894566108835e+00
7.238563036261939088e-01 1.335816240943582978e+00 1.040922503382650355e+00
7.261469881313401542e-01 1.337040775288221406e+00 1.042030889379421010e+00
7.284376726364862886e-01 1.338266432155790220e+00 1.043131089100235886e+00
7.307283571416325341e-01 1.339493212575299186e+00 1.044223138935824746e+00
7.330190416467786685e-01 1.340721117576700872e+00 1.045307075124483287e+00
7.353097261519249139e-01 1.341950148190893088e+00 1.046382933752728173e+00
7.376004106570710483e-01 1.343180305449717560e+00 1.047450750755942961e+00
7.398910951622172938e-01 1.344411590385962363e+00 1.048510561919023587e+00
7.421817796673634282e-01 1.345644004033362595e+00 1.049562402877021183e+00
7.444724641725095626e-01 1.346877547426600374e+00 1.050606309115783121e+00
7.467631486776558081e-01 1.348112221601306615e+00 1.051642315972587394e+00
7.490538331828019425e-01 1.349348027594061694e+00 1.052670458636778106e+00
7.513445176879481879e-01 1.350584966442395896e+00 1.053690772150397414e+00
7.536352021930943224e-01 1.351823039184791186e+00 1.054703291408813026e+00
7.559258866982405678e-01 1.353062246860680773e+00 1.055708051161343697e+00
7.582165712033867022e-01 1.354302590510451099e+00 1.056705086011882955e+00
7.605072557085329477e-01 1.355544071175442511e+00 1.057694430419519716e+00
7.627979402136790821e-01 1.356786689897949483e+00 1.058676118699154456e+00
7.650886247188252165e-01 1.358030447721221945e+00 1.059650185022114055e+00
7.673793092239714619e-01 1.359275345689467063e+00 1.060616663416766858e+00
7.696699937291175964e-01 1.360521384847848125e+00 1.061575587769126638e+00
7.719606782342638418e-01 1.361768566242486989e+00 1.062526991823464995e+00
7.742513627394099762e-01 1.363016890920464297e+00 1.063470909182910429e+00
7.765420472445562217e-01 1.364266359929821038e+00 1.064407373310053861e+00
7.788327317497023561e-01 1.365516974319558319e+00 1.065336417527544155e+00
7.811234162548486015e-01 1.366768735139639368e+00 1.066258075018686746e+00
7.834141007599947359e-01 1.368021643440989532e+00 1.067172378828035173e+00
7.857047852651408704e-01 1.369275700275497609e+00 1.068079361861982379e+00
7.879954697702871158e-01 1.370530906696016737e+00 1.068979056889350021e+00
7.902861542754332502e-01 1.371787263756365283e+00 1.069871496541972222e+00
7.925768387805794957e-01 1.373044772511327505e+00 1.070756713315281328e+00
7.948675232857256301e-01 1.374303434016654446e+00 1.071634739568885664e+00
7.971582077908718755e-01 1.375563249329065485e+00 1.072505607527149740e+00
7.994488922960180100e-01 1.376824219506247893e+00 1.073369349279767571e+00
8.017395768011641444e-01 1.378086345606859275e+00 1.074225996782337766e+00
8.040302613063103898e-01 1.379349628690527130e+00 1.075075581856932416e+00
8.063209458114565242e-01 1.380614069817850620e+00 1.075918136192665742e+00
8.086116303166027697e-01 1.381879670050401243e+00 1.076753691346259201e+00
8.109023148217489041e-01 1.383146430450723274e+00 1.077582278742603927e+00
8.131929993268951495e-01 1.384414352082335320e+00 1.078403929675322503e+00
8.154836838320412840e-01 1.385683436009730540e+00 1.079218675307326070e+00
8.177743683371875294e-01 1.386953683298378648e+00 1.080026546671369658e+00
8.200650528423336638e-01 1.388225095014725019e+00 1.080827574670605307e+00
8.223557373474797982e-01 1.389497672226193581e+00 1.081621790079134282e+00
8.246464218526260437e-01 1.390771416001186367e+00 1.082409223542552423e+00
8.269371063577721781e-01 1.392046327409084849e+00 1.083189905578499701e+00
8.292277908629184235e-01 1.393322407520250383e+00 1.083963866577200008e+00
8.315184753680645580e-01 1.394599657406026427e+00 1.084731136802004725e+00
8.338091598732108034e-01 1.395878078138737655e+00 1.085491746389930956e+00
8.360998443783569378e-01 1.397157670791692174e+00 1.086245725352196656e+00
8.383905288835031833e-01 1.398438436439181976e+00 1.086993103574757313e+00
8.406812133886493177e-01 1.399720376156483592e+00 1.087733910818834193e+00
8.429718978937954521e-01 1.401003491019859659e+00 1.088468176721447245e+00
8.452625823989416975e-01 1.402287782106559133e+00 1.089195930795938239e+00
8.475532669040878320e-01 1.403573250494818403e+00 1.089917202432499010e+00
8.498439514092340774e-01 1.404859897263862401e+00 1.090632020898693044e+00
8.521346359143802118e-01 1.406147723493905710e+00 1.091340415339973502e+00
8.544253204195264573e-01 1.407436730266152347e+00 1.092042414780204362e+00
8.567160049246725917e-01 1.408726918662798200e+00 1.092738048122172456e+00
8.590066894298188371e-01 1.410018289767030808e+00 1.093427344148105052e+00
8.612973739349649716e-01 1.411310844663030917e+00 1.094110331520176782e+00
8.635880584401111060e-01 1.412604584435972921e+00 1.094787038781020794e+00
8.658787429452573514e-01 1.413899510172025975e+00 1.095457494354236339e+00
8.681694274504034858e-01 1.415195622958355104e+00 1.096121726544890596e+00
8.704601119555497313e-01 1.416492923883121868e+00 1.096779763540022268e+00
8.727507964606958657e-01 1.417791414035485031e+00 1.097431633409142515e+00
8.750414809658421111e-01 1.419091094505602557e+00 1.098077364104731002e+00
8.773321654709882456e-01 1.420391966384630722e+00 1.098716983462732388e+00
8.796228499761344910e-01 1.421694030764726779e+00 1.099350519203051268e+00
8.819135344812806254e-01 1.422997288739048960e+00 1.099977998930041112e+00
8.842042189864267598e-01 1.424301741401757582e+00 1.100599450132995205e+00
8.864949034915730053e-01 1.425607389848016160e+00 1.101214900186633372e+00
8.887855879967191397e-01 1.426914235173991630e+00 1.101824376351585810e+00
8.910762725018653851e-01 1.428222278476856122e+00 1.102427905774877592e+00
8.933669570070115196e-01 1.429531520854787630e+00 1.103025515490409170e+00
8.956576415121577650e-01 1.430841963406970896e+00 1.103617232419434657e+00
8.979483260173038994e-01 1.432153607233597858e+00 1.104203083371037009e+00
9.002390105224500338e-01 1.433466453435869425e+00 1.104783095042605412e+00
9.025296950275962793e-01 1.434780503115995476e+00 1.105357294020305359e+00
9.048203795327424137e-01 1.436095757377197080e+00 1.105925706779551154e+00
9.071110640378886592e-01 1.437412217323705610e+00 1.106488359685470879e+00
9.094017485430347936e-01 1.438729884060765407e+00 1.107045278993376236e+00
9.116924330481810390e-01 1.440048758694634001e+00 1.107596490849225734e+00
9.139831175533271734e-01 1.441368842332582556e+00 1.108142021290084767e+00
9.162738020584734189e-01 1.442690136082897423e+00 1.108681896244589460e+00
9.185644865636195533e-01 1.444012641054881252e+00 1.109216141533401645e+00
9.208551710687656877e-01 1.445336358358853213e+00 1.109744782869667823e+00
9.231458555739119332e-01 1.446661289106150328e+00 1.110267845859470803e+00
9.254365400790580676e-01 1.447987434409128582e+00 1.110785356002284230e+00
9.277272245842043130e-01 1.449314795381163590e+00 1.111297338691420888e+00
9.300179090893504474e-01 1.450643373136651260e+00 1.111803819214483235e+00
9.323085935944966929e-01 1.451973168791009572e+00 1.112304822753808153e+00
9.345992780996428273e-01 1.453304183460678578e+00 1.112800374386911262e+00
9.368899626047890727e-01 1.454636418263121955e+00 1.113290499086930785e+00
9.391806471099352072e-01 1.455969874316827894e+00 1.113775221723067865e+00
9.414713316150813416e-01 1.457304552741309767e+00 1.114254567061023771e+00
9.437620161202275870e-01 1.458640454657107011e+00 1.114728559763438653e+00
9.460527006253737214e-01 1.459977581185786688e+00 1.115197224390324759e+00
9.483433851305199669e-01 1.461315933449943483e+00 1.115660585399500970e+00
9.506340696356661013e-01 1.462655512573201255e+00 1.116118667147022236e+00
9.529247541408123467e-01 1.463996319680214375e+00 1.116571493887611233e+00
9.552154386459584812e-01 1.465338355896667499e+00 1.117019089775082463e+00
9.575061231511047266e-01 1.466681622349277792e+00 1.117461478862771251e+00
9.597968076562508610e-01 1.468026120165794701e+00 1.117898685103954737e+00
9.620874921613969954e-01 1.469371850475002184e+00 1.118330732352275314e+00
9.643781766665432409e-01 1.470718814406718256e+00 1.118757644362159409e+00
9.666688611716893753e-01 1.472067013091796994e+00 1.119179444789237143e+00
9.689595456768356208e-01 1.473416447662128981e+00 1.119596157190757557e+00
9.712502301819817552e-01 1.474767119250642633e+00 1.120007805026004277e+00
9.735409146871280006e-01 1.476119028991304427e+00 1.120414411656706521e+00
9.758315991922741350e-01 1.477472178019120674e+00 1.120816000347452102e+00
9.781222836974202695e-01 1.478826567470138409e+00 1.121212594266095319e+00
9.804129682025665149e-01 1.480182198481445610e+00 1.121604216484164862e+00
9.827036527077126493e-01 1.481539072191172757e+00 1.121990889977269923e+00
9.849943372128588948e-01 1.482897189738493937e+00 1.122372637625503211e+00
9.872850217180050292e-01 1.484256552263626849e+00 1.122749482213843741e+00
9.895757062231512746e-01 1.485617160907835022e+00 1.123121446432556958e+00
9.918663907282974090e-01 1.486979016813427812e+00 1.123488552877593527e+00
9.941570752334436545e-01 1.488342121123761963e+00 1.123850824050987240e+00
9.964477597385897889e-01 1.489706474983242490e+00 1.124208282361248035e+00
9.987384442437359233e-01 1.491072079537322903e+00 1.124560950123757674e+00
1.001029128748882169e+00 1.492438935932507205e+00 1.124908849561161217e+00
1.003319813254028414e+00 1.493807045316350557e+00 1.125252002803756923e+00
1.005610497759174438e+00 1.495176408837459059e+00 1.125590431889883281e+00
1.007901182264320683e+00 1.496547027645493300e+00 1.125924158766308025e+00
1.010191866769466928e+00 1.497918902891166137e+00 1.126253205288612724e+00
1.012482551274613174e+00 1.499292035726246697e+00 1.126577593221575357e+00
1.014773235779759197e+00 1.500666427303558814e+00 1.126897344239552456e+00
1.017063920284905443e+00 1.502042078776983702e+00 1.127212479926859912e+00
1.019354604790051688e+00 1.503418991301460395e+00 1.127523021778150447e+00
1.021645289295197712e+00 1.504797166032986189e+00 1.127828991198791764e+00
1.023935973800343957e+00 1.506176604128618424e+00 1.128130409505240239e+00
1.026226658305490202e+00 1.507557306746475367e+00 1.128427297925415740e+00
1.028517342810636448e+00 1.508939275045735995e+00 1.128719677599073767e+00
1.030808027315782471e+00 1.510322510186642875e+00 1.129007569578173831e+00
1.033098711820928717e+00 1.511707013330501725e+00 1.129290994827251593e+00
1.035389396326074962e+00 1.513092785639682969e+00 1.129569974223782580e+00
1.037680080831220986e+00 1.514479828277621953e+00 1.129844528558551442e+00
1.039970765336367231e+00 1.515868142408821617e+00 1.130114678536012107e+00
1.042261449841513476e+00 1.517257729198851823e+00 1.130380444774653048e+00
1.044552134346659722e+00 1.518648589814350691e+00 1.130641847807357658e+00
1.046842818851805745e+00 1.520040725423025929e+00 1.130898908081762855e+00
1.049133503356951991e+00 1.521434137193655944e+00 1.131151645960617902e+00
1.051424187862098236e+00 1.522828826296090510e+00 1.131400081722139905e+00
1.053714872367244482e+00 1.524224793901251429e+00 1.131644235560368195e+00
1.056005556872390505e+00 1.525622041181133870e+00 1.131884127585519373e+00
1.058296241377536751e+00 1.527020569308808140e+00 1.132119777824336815e+00
1.060586925882682996e+00 1.528420379458419243e+00 1.132351206220442386e+00
1.062877610387829019e+00 1.529821472805188209e+00 1.132578432634683718e+00
1.065168294892975265e+00 1.531223850525414099e+00 1.132801476845483490e+00
1.067458979398121510e+00 1.532627513796474217e+00 1.133020358549182705e+00
1.069749663903267756e+00 1.534032463796824342e+00 1.133235097360386412e+00
1.072040348408413779e+00 1.535438701706001607e+00 1.133445712812306105e+00
1.074331032913560025e+00 1.536846228704623840e+00 1.133652224357099891e+00
1.076621717418706270e+00 1.538255045974391111e+00 1.133854651366214661e+00
1.078912401923852293e+00 1.539665154698086624e+00 1.134053013130722265e+00
1.081203086428998539e+00 1.541076556059578717e+00 1.134247328861656579e+00
1.083493770934144784e+00 1.542489251243819748e+00 1.134437617690349454e+00
1.085784455439291030e+00 1.543903241436849205e+00 1.134623898668765563e+00
1.088075139944437053e+00 1.545318527825793486e+00 1.134806190769832579e+00
1.090365824449583299e+00 1.546735111598867007e+00 1.134984512887773356e+00
1.092656508954729544e+00 1.548152993945373757e+00 1.135158883838437882e+00
1.094947193459875567e+00 1.549572176055707740e+00 1.135329322359626802e+00
1.097237877965021813e+00 1.550992659121354755e+00 1.135495847111423373e+00
1.099528562470168058e+00 1.552414444334891730e+00 1.135658476676514983e+00
1.101819246975314304e+00 1.553837532889989825e+00 1.135817229560518671e+00
1.104109931480460327e+00 1.555261925981413551e+00 1.135972124192303978e+00
1.106400615985606573e+00 1.556687624805023873e+00 1.136123178924314470e+00
1.108691300490752818e+00 1.558114630557776881e+00 1.136270412032886590e+00
1.110981984995899063e+00 1.559542944437726453e+00 1.136413841718568962e+00
1.113272669501045087e+00 1.560972567644024256e+00 1.136553486106438804e+00
1.115563354006191332e+00 1.562403501376921744e+00 1.136689363246419004e+00
1.117854038511337578e+00 1.563835746837770380e+00 1.136821491113590987e+00
1.120144723016483601e+00 1.565269305229022967e+00 1.136949887608508680e+00
1.122435407521629847e+00 1.566704177754234539e+00 1.137074570557510489e+00
1.124726092026776092e+00 1.568140365618063248e+00 1.137195557713028382e+00
1.127016776531922337e+00 1.569577870026272137e+00 1.137312866753899865e+00
1.129307461037068361e+00 1.571016692185728481e+00 1.137426515285671513e+00
1.131598145542214606e+00 1.572456833304407331e+00 1.137536520840908505e+00
1.133888830047360852e+00 1.573898294591389746e+00 1.137642900879499042e+00
1.136179514552506875e+00 1.575341077256865896e+00 1.137745672788957219e+00
1.138470199057653121e+00 1.576785182512135286e+00 1.137844853884727447e+00
1.140760883562799366e+00 1.578230611569607422e+00 1.137940461410483550e+00
1.143051568067945611e+00 1.579677365642803588e+00 1.138032512538430296e+00
1.145342252573091635e+00 1.581125445946357289e+00 1.138121024369599832e+00
1.147632937078237880e+00 1.582574853696015582e+00 1.138206013934152327e+00
1.149923621583384126e+00 1.584025590108639969e+00 1.138287498191669078e+00
1.152214306088530371e+00 1.585477656402207502e+00 1.138365494031449376e+00
1.154504990593676395e+00 1.586931053795811453e+00 1.138440018272802057e+00
1.156795675098822640e+00 1.588385783509663085e+00 1.138511087665339483e+00
1.159086359603968885e+00 1.589841846765091882e+00 1.138578718889268648e+00
1.161377044109114909e+00 1.591299244784547096e+00 1.138642928555679390e+00
1.163667728614261154e+00 1.592757978791598417e+00 1.138703733206834157e+00
1.165958413119407400e+00 1.594218050010937304e+00 1.138761149316454668e+00
1.168249097624553645e+00 1.595679459668377875e+00 1.138815193290009686e+00
1.170539782129699669e+00 1.597142208990857792e+00 1.138865881464996566e+00
1.172830466634845914e+00 1.598606299206439818e+00 1.138913230111229247e+00
1.175121151139992159e+00 1.600071731544312037e+00 1.138957255431116256e+00
1.177411835645138183e+00 1.601538507234789410e+00 1.138997973559945587e+00
1.179702520150284428e+00 1.603006627509315107e+00 1.139035400566162481e+00
1.181993204655430674e+00 1.604476093600460729e+00 1.139069552451648981e+00
1.184283889160576919e+00 1.605946906741928082e+00 1.139100445152001484e+00
1.186574573665722943e+00 1.607419068168549181e+00 1.139128094536808078e+00
1.188865258170869188e+00 1.608892579116289134e+00 1.139152516409921656e+00
1.191155942676015433e+00 1.610367440822245033e+00 1.139173726509737250e+00
1.193446627181161457e+00 1.611843654524648617e+00 1.139191740509460926e+00
1.195737311686307702e+00 1.613321221462866717e+00 1.139206574017385343e+00
1.198027996191453948e+00 1.614800142877401923e+00 1.139218242577158202e+00
1.200318680696600193e+00 1.616280420009894137e+00 1.139226761668052701e+00
1.202609365201746217e+00 1.617762054103121239e+00 1.139232146705233317e+00
1.204900049706892462e+00 1.619245046401001087e+00 1.139234413040028260e+00
1.207190734212038707e+00 1.620729398148591072e+00 1.139233575960189704e+00
1.209481418717184953e+00 1.622215110592090337e+00 1.139229650690162021e+00
1.211772103222330976e+00 1.623702184978840002e+00 1.139222652391344681e+00
1.214062787727477222e+00 1.625190622557324938e+00 1.139212596162355151e+00
1.216353472232623467e+00 1.626680424577174655e+00 1.139199497039289799e+00
1.218644156737769491e+00 1.628171592289163749e+00 1.139183369995984130e+00
1.220934841242915736e+00 1.629664126945213676e+00 1.139164229944273909e+00
1.223225525748061981e+00 1.631158029798393638e+00 1.139142091734251183e+00
1.225516210253208227e+00 1.632653302102921034e+00 1.139116970154521846e+00
1.227806894758354250e+00 1.634149945114163449e+00 1.139088879932462550e+00
1.230097579263500496e+00 1.635647960088639108e+00 1.139057835734474278e+00
1.232388263768646741e+00 1.637147348284018200e+00 1.139023852166237916e+00
1.234678948273792765e+00 1.638648110959123327e+00 1.138986943772965388e+00
1.236969632778939010e+00 1.640150249373931723e+00 1.138947125039651009e+00
1.239260317284085255e+00 1.641653764789575254e+00 1.138904410391324395e+00
1.241551001789231501e+00 1.643158658468341971e+00 1.138858814193297153e+00
1.243841686294377524e+00 1.644664931673676778e+00 1.138810350751413347e+00
1.246132370799523770e+00 1.646172585670183208e+00 1.138759034312296414e+00
1.248423055304670015e+00 1.647681621723623868e+00 1.138704879063593856e+00
1.250713739809816261e+00 1.649192041100921768e+00 1.138647899134225705e+00
1.253004424314962284e+00 1.650703845070160547e+00 1.138588108594625670e+00
1.255295108820108529e+00 1.652217034900587578e+00 1.138525521456986933e+00
1.257585793325254775e+00 1.653731611862613082e+00 1.138460151675501075e+00
1.259876477830400798e+00 1.655247577227811240e+00 1.138392013146602988e+00
1.262167162335547044e+00 1.656764932268923296e+00 1.138321119709208684e+00
1.264457846840693289e+00 1.658283678259856009e+00 1.138247485144954441e+00
1.266748531345839535e+00 1.659803816475684535e+00 1.138171123178436162e+00
1.269039215850985558e+00 1.661325348192652207e+00 1.138092047477444524e+00
1.271329900356131803e+00 1.662848274688173200e+00 1.138010271653202787e+00
1.273620584861278049e+00 1.664372597240832308e+00 1.137925809260601273e+00
1.275911269366424072e+00 1.665898317130385831e+00 1.137838673798431621e+00
1.278201953871570318e+00 1.667425435637764242e+00 1.137748878709618161e+00
1.280492638376716563e+00 1.668953954045071297e+00 1.137656437381453056e+00
1.282783322881862809e+00 1.670483873635586924e+00 1.137561363145824123e+00
1.285074007387008832e+00 1.672015195693766332e+00 1.137463669279448863e+00
1.287364691892155077e+00 1.673547921505243341e+00 1.137363369004098512e+00
1.289655376397301323e+00 1.675082052356829720e+00 1.137260475486830957e+00
1.291946060902447346e+00 1.676617589536516295e+00 1.137155001840214563e+00
1.294236745407593592e+00 1.678154534333476056e+00 1.137046961122556876e+00
1.296527429912739837e+00 1.679692888038062160e+00 1.136936366338128446e+00
1.298818114417886083e+00 1.681232651941811929e+00 1.136823230437386867e+00
1.301108798923032106e+00 1.682773827337445516e+00 1.136707566317200824e+00
1.303399483428178351e+00 1.684316415518869237e+00 1.136589386821073022e+00
1.305690167933324597e+00 1.685860417781174680e+00 1.136468704739360902e+00
1.307980852438470842e+00 1.687405835420640932e+00 1.136345532809496017e+00
1.310271536943616866e+00 1.688952669734735013e+00 1.136219883716207191e+00
1.312562221448763111e+00 1.690500922022114105e+00 1.136091770091734565e+00
1.314852905953909357e+00 1.692050593582625106e+00 1.135961204516051204e+00
1.317143590459055380e+00 1.693601685717306626e+00 1.135828199517077364e+00
1.319434274964201625e+00 1.695154199728390765e+00 1.135692767570898321e+00
1.321724959469347871e+00 1.696708136919302001e+00 1.135554921101976866e+00
1.324015643974494116e+00 1.698263498594660525e+00 1.135414672483370913e+00
1.326306328479640140e+00 1.699820286060282237e+00 1.135272034036942657e+00
1.328597012984786385e+00 1.701378500623180301e+00 1.135127018033574409e+00
1.330887697489932631e+00 1.702938143591565590e+00 1.134979636693377092e+00
1.333178381995078654e+00 1.704499216274848461e+00 1.134829902185902739e+00
1.335469066500224899e+00 1.706061719983639646e+00 1.134677826630352548e+00
1.337759751005371145e+00 1.707625656029751138e+00 1.134523422095787826e+00
1.340050435510517390e+00 1.709191025726197743e+00 1.134366700601334710e+00
1.342341120015663414e+00 1.710757830387197309e+00 1.134207674116392228e+00
1.344631804520809659e+00 1.712326071328173160e+00 1.134046354560840797e+00
1.346922489025955905e+00 1.713895749865754103e+00 1.133882753805243837e+00
1.349213173531101928e+00 1.715466867317775757e+00 1.133716883671053832e+00
1.351503858036248173e+00 1.717039425003281883e+00 1.133548755930815277e+00
1.353794542541394419e+00 1.718613424242525944e+00 1.133378382308368737e+00
1.356085227046540664e+00 1.720188866356970436e+00 1.133205774479050021e+00
1.358375911551686688e+00 1.721765752669290439e+00 1.133030944069892243e+00
1.360666596056832933e+00 1.723344084503372953e+00 1.132853902659827439e+00
1.362957280561979179e+00 1.724923863184318895e+00 1.132674661779882852e+00
1.365247965067125424e+00 1.726505090038443324e+00 1.132493232913381220e+00
1.367538649572271447e+00 1.728087766393277880e+00 1.132309627496137505e+00
1.369829334077417693e+00 1.729671893577570341e+00 1.132123856916656512e+00
1.372120018582563938e+00 1.731257472921287066e+00 1.131935932516326737e+00
1.374410703087709962e+00 1.732844505755613440e+00 1.131745865589617761e+00
1.376701387592856207e+00 1.734432993412955426e+00 1.131553667384272766e+00
1.378992072098002453e+00 1.736022937226939789e+00 1.131359349101502154e+00
1.381282756603148698e+00 1.737614338532416536e+00 1.131162921896176732e+00
1.383573441108294722e+00 1.739207198665458254e+00 1.130964396877018885e+00
1.385864125613440967e+00 1.740801518963363881e+00 1.130763785106794650e+00
1.388154810118587212e+00 1.742397300764656931e+00 1.130561097602500453e+00
1.390445494623733236e+00 1.743994545409088159e+00 1.130356345335557178e+00
1.392736179128879481e+00 1.745593254237637115e+00 1.130149539231994904e+00
1.395026863634025727e+00 1.747193428592511921e+00 1.129940690172642981e+00
1.397317548139171972e+00 1.748795069817151493e+00 1.129729808993314988e+00
1.399608232644317996e+00 1.750398179256225539e+00 1.129516906484996586e+00
1.401898917149464241e+00 1.752002758255637893e+00 1.129301993394029591e+00
1.404189601654610486e+00 1.753608808162524735e+00 1.129085080422298271e+00
1.406480286159756732e+00 1.755216330325257701e+00 1.128866178227410311e+00
1.408770970664902755e+00 1.756825326093444550e+00 1.128645297422882887e+00
1.411061655170049001e+00 1.758435796817930274e+00 1.128422448578321857e+00
1.413352339675195246e+00 1.760047743850797763e+00 1.128197642219607166e+00
1.415643024180341270e+00 1.761661168545369582e+00 1.127970888829068929e+00
1.417933708685487515e+00 1.763276072256209304e+00 1.127742198845671506e+00
1.420224393190633760e+00 1.764892456339121507e+00 1.127511582665190026e+00
1.422515077695780006e+00 1.766510322151154222e+00 1.127279050640388913e+00
1.424805762200926029e+00 1.768129671050598706e+00 1.127044613081202629e+00
1.427096446706072275e+00 1.769750504396992552e+00 1.126808280254908423e+00
1.429387131211218520e+00 1.771372823551118580e+00 1.126570062386304416e+00
1.431677815716364544e+00 1.772996629875007057e+00 1.126329969657885677e+00
1.433968500221510789e+00 1.774621924731937916e+00 1.126088012210018530e+00
1.436259184726657034e+00 1.776248709486439425e+00 1.125844200141114193e+00
1.438549869231803280e+00 1.777876985504291740e+00 1.125598543507801086e+00
1.440840553736949303e+00 1.779506754152526016e+00 1.125351052325099577e+00
1.443131238242095549e+00 1.781138016799427515e+00 1.125101736566591848e+00
1.445421922747241794e+00 1.782770774814535608e+00 1.124850606164594646e+00
1.447712607252387818e+00 1.784405029568644663e+00 1.124597671010327371e+00
1.450003291757534063e+00 1.786040782433806040e+00 1.124342940954083492e+00
1.452293976262680308e+00 1.787678034783328318e+00 1.124086425805399081e+00
1.454584660767826554e+00 1.789316787991779956e+00 1.123828135333220679e+00
1.456875345272972577e+00 1.790957043434988183e+00 1.123568079266073161e+00
1.459166029778118823e+00 1.792598802490042997e+00 1.123306267292226046e+00
1.461456714283265068e+00 1.794242066535295388e+00 1.123042709059860034e+00
1.463747398788411314e+00 1.795886836950360665e+00 1.122777414177232425e+00
1.466038083293557337e+00 1.797533115116118019e+00 1.122510392212841879e+00
1.468328767798703582e+00 1.799180902414713623e+00 1.122241652695590730e+00
1.470619452303849828e+00 1.800830200229559974e+00 1.121971205114951076e+00
1.472910136808995851e+00 1.802481009945337442e+00 1.121699058921125980e+00
1.475200821314142097e+00 1.804133332947996493e+00 1.121425223525211345e+00
1.477491505819288342e+00 1.805787170624757687e+00 1.121149708299356229e+00
1.479782190324434588e+00 1.807442524364113012e+00 1.120872522576926045e+00
1.482072874829580611e+00 1.809099395555827217e+00 1.120593675652660215e+00
1.484363559334726856e+00 1.810757785590940250e+00 1.120313176782832265e+00
1.486654243839873102e+00 1.812417695861765488e+00 1.120031035185407697e+00
1.488944928345019125e+00 1.814079127761893950e+00 1.119747260040203418e+00
1.491235612850165371e+00 1.815742082686193193e+00 1.119461860489043392e+00
1.493526297355311616e+00 1.817406562030810413e+00 1.119174845635916071e+00
1.495816981860457862e+00 1.819072567193171563e+00 1.118886224547129826e+00
1.498107666365603885e+00 1.820740099571984461e+00 1.118596006251468600e+00
1.500398350870750130e+00 1.822409160567238784e+00 1.118304199740346005e+00
1.502689035375896376e+00 1.824079751580207853e+00 1.118010813967960537e+00
1.504979719881042621e+00 1.825751874013448850e+00 1.117715857851447225e+00
1.507270404386188645e+00 1.827425529270805260e+00 1.117419340271031736e+00
1.509561088891334890e+00 1.829100718757407540e+00 1.117121270070181360e+00
1.511851773396481136e+00 1.830777443879673783e+00 1.116821656055756895e+00
1.514142457901627159e+00 1.832455706045311272e+00 1.116520506998162965e+00
1.516433142406773404e+00 1.834135506663318482e+00 1.116217831631500124e+00
1.518723826911919650e+00 1.835816847143984853e+00 1.115913638653710516e+00
1.521014511417065895e+00 1.837499728898893014e+00 1.115607936726730198e+00
1.523305195922211919e+00 1.839184153340918781e+00 1.115300734476637246e+00
1.525595880427358164e+00 1.840870121884234267e+00 1.114992040493795855e+00
1.527886564932504410e+00 1.842557635944307215e+00 1.114681863333008005e+00
1.530177249437650433e+00 1.844246696937902774e+00 1.114370211513656672e+00
1.532467933942796678e+00 1.845937306283085944e+00 1.114057093519852826e+00
1.534758618447942924e+00 1.847629465399220239e+00 1.113742517800580867e+00
1.537049302953089169e+00 1.849323175706971245e+00 1.113426492769841847e+00
1.539339987458235193e+00 1.851018438628306173e+00 1.113109026806798685e+00
1.541630671963381438e+00 1.852715255586496745e+00 1.112790128255919608e+00
1.543921356468527684e+00 1.854413628006118531e+00 1.112469805427119596e+00
1.546212040973673707e+00 1.856113557313052720e+00 1.112148066595904261e+00
1.548502725478819952e+00 1.857815044934489013e+00 1.111824920003510186e+00
1.550793409983966198e+00 1.859518092298923841e+00 1.111500373857045698e+00
1.553084094489112443e+00 1.861222700836164146e+00 1.111174436329632309e+00
1.555374778994258467e+00 1.862928871977326706e+00 1.110847115560544385e+00
1.557665463499404712e+00 1.864636607154841474e+00 1.110518419655347699e+00
1.559956148004550958e+00 1.866345907802450244e+00 1.110188356686037325e+00
1.562246832509697203e+00 1.868056775355209753e+00 1.109856934691177965e+00
1.564537517014843226e+00 1.869769211249492136e+00 1.109524161676039844e+00
1.566828201519989472e+00 1.871483216922986026e+00 1.109190045612734821e+00
1.569118886025135717e+00 1.873198793814698115e+00 1.108854594440356056e+00
1.571409570530281741e+00 1.874915943364954263e+00 1.108517816065108796e+00
1.573700255035427986e+00 1.876634667015401048e+00 1.108179718360449817e+00
1.575990939540574232e+00 1.878354966209005994e+00 1.107840309167220427e+00
1.578281624045720477e+00 1.880076842390059344e+00 1.107499596293779920e+00
1.580572308550866500e+00 1.881800297004175837e+00 1.107157587516140351e+00
1.582862993056012746e+00 1.883525331498295152e+00 1.106814290578098436e+00
1.585153677561158991e+00 1.885251947320683241e+00 1.106469713191367887e+00
1.587444362066305015e+00 1.886980145920933660e+00 1.106123863035712862e+00
1.589735046571451260e+00 1.888709928749969125e+00 1.105776747759076750e+00
1.592025731076597506e+00 1.890441297260042175e+00 1.105428374977715622e+00
1.594316415581743751e+00 1.892174252904736731e+00 1.105078752276324794e+00
1.596607100086889774e+00 1.893908797138968758e+00 1.104727887208173387e+00
1.598897784592036020e+00 1.895644931418988710e+00 1.104375787295228672e+00
1.601188469097182265e+00 1.897382657202381528e+00 1.104022460028287522e+00
1.603479153602328289e+00 1.899121975948067975e+00 1.103667912867103640e+00
1.605769838107474534e+00 1.900862889116306853e+00 1.103312153240513904e+00
1.608060522612620780e+00 1.902605398168695228e+00 1.102955188546567822e+00
1.610351207117767025e+00 1.904349504568169982e+00 1.102597026152651649e+00
1.612641891622913048e+00 1.906095209779009148e+00 1.102237673395615403e+00
1.614932576128059294e+00 1.907842515266833239e+00 1.101877137581898314e+00
1.617223260633205539e+00 1.909591422498605917e+00 1.101515425987652286e+00
1.619513945138351785e+00 1.911341932942635768e+00 1.101152545858868903e+00
1.621804629643497808e+00 1.913094048068577413e+00 1.100788504411500002e+00
1.624095314148644054e+00 1.914847769347432838e+00 1.100423308831583791e+00
1.626385998653790299e+00 1.916603098251552062e+00 1.100056966275365866e+00
1.628676683158936322e+00 1.918360036254635137e+00 1.099689483869421780e+00
1.630967367664082568e+00 1.920118584831733033e+00 1.099320868710780053e+00
1.633258052169228813e+00 1.921878745459248750e+00 1.098951127867040967e+00
1.635548736674375059e+00 1.923640519614938871e+00 1.098580268376500468e+00
1.637839421179521082e+00 1.925403908777914230e+00 1.098208297248266962e+00
1.640130105684667328e+00 1.927168914428642355e+00 1.097835221462384769e+00
1.642420790189813573e+00 1.928935538048947018e+00 1.097461047969949144e+00
1.644711474694959596e+00 1.930703781122010687e+00 1.097085783693229288e+00
1.647002159200105842e+00 1.932473645132375850e+00 1.096709435525783594e+00
1.649292843705252087e+00 1.934245131565945242e+00 1.096332010332577989e+00
1.651583528210398333e+00 1.936018241909984061e+00 1.095953514950104291e+00
1.653874212715544356e+00 1.937792977653120863e+00 1.095573956186497000e+00
1.656164897220690602e+00 1.939569340285348886e+00 1.095193340821646766e+00
1.658455581725836847e+00 1.941347331298026946e+00 1.094811675607320067e+00
1.660746266230983093e+00 1.943126952183881206e+00 1.094428967267272679e+00
1.663036950736129116e+00 1.944908204437006072e+00 1.094045222497363801e+00
1.665327635241275361e+00 1.946691089552865961e+00 1.093660447965671967e+00
1.667618319746421607e+00 1.948475609028295752e+00 1.093274650312608065e+00
1.669909004251567630e+00 1.950261764361502337e+00 1.092887836151028136e+00
1.672199688756713876e+00 1.952049557052066397e+00 1.092500012066348614e+00
1.674490373261860121e+00 1.953838988600943294e+00 1.092111184616655795e+00
1.676781057767006367e+00 1.955630060510463952e+00 1.091721360332819968e+00
1.679071742272152390e+00 1.957422774284336420e+00 1.091330545718606659e+00
1.681362426777298635e+00 1.959217131427648084e+00 1.090938747250786989e+00
1.683653111282444881e+00 1.961013133446864787e+00 1.090545971379248247e+00
1.685943795787590904e+00 1.962810781849834152e+00 1.090152224527105362e+00
1.688234480292737150e+00 1.964610078145785810e+00 1.089757513090808594e+00
1.690525164797883395e+00 1.966411023845332728e+00 1.089361843440255662e+00
1.692815849303029641e+00 1.968213620460472990e+00 1.088965221918896553e+00
1.695106533808175664e+00 1.970017869504590236e+00 1.088567654843845656e+00
1.697397218313321909e+00 1.971823772492456106e+00 1.088169148505987449e+00
1.699687902818468155e+00 1.973631330940230244e+00 1.087769709170084420e+00
1.701978587323614178e+00 1.975440546365462291e+00 1.087369343074884309e+00
1.704269271828760424e+00 1.977251420287093220e+00 1.086968056433226915e+00
1.706559956333906669e+00 1.979063954225456223e+00 1.086565855432149785e+00
1.708850640839052915e+00 1.980878149702278046e+00 1.086162746232992582e+00
1.711141325344198938e+00 1.982694008240680539e+00 1.085758734971505657e+00
1.713432009849345183e+00 1.984511531365181991e+00 1.085353827757950640e+00
1.715722694354491429e+00 1.986330720601698019e+00 1.084948030677208797e+00
1.718013378859637674e+00 1.988151577477542675e+00 1.084541349788882725e+00
1.720304063364783698e+00 1.989974103521430671e+00 1.084133791127398716e+00
1.722594747869929943e+00 1.991798300263477817e+00 1.083725360702113560e+00
1.724885432375076189e+00 1.993624169235202803e+00 1.083316064497413356e+00
1.727176116880222212e+00 1.995451711969527864e+00 1.082905908472817424e+00
1.729466801385368457e+00 1.997280930000780552e+00 1.082494898563081343e+00
1.731757485890514703e+00 1.999111824864695297e+00 1.082083040678294417e+00
1.734048170395660948e+00 2.000944398098413846e+00 1.081670340703985822e+00
1.736338854900806972e+00 2.002778651240487040e+00 1.081256804501220303e+00
1.738629539405953217e+00 2.004614585830876816e+00 1.080842437906702092e+00
1.740920223911099463e+00 2.006452203410955537e+00 1.080427246732870827e+00
1.743210908416245486e+00 2.008291505523509990e+00 1.080011236768004812e+00
1.745501592921391731e+00 2.010132493712740498e+00 1.079594413776317152e+00
1.747792277426537977e+00 2.011975169524262252e+00 1.079176783498055014e+00
1.750082961931684222e+00 2.013819534505108866e+00 1.078758351649597769e+00
1.752373646436830246e+00 2.015665590203730595e+00 1.078339123923553800e+00
1.754664330941976491e+00 2.017513338169997894e+00 1.077919105988860204e+00
1.756955015447122737e+00 2.019362779955201859e+00 1.077498303490875609e+00
1.759245699952268982e+00 2.021213917112056002e+00 1.077076722051480751e+00
1.761536384457415005e+00 2.023066751194696256e+00 1.076654367269171519e+00
1.763827068962561251e+00 2.024921283758684076e+00 1.076231244719155988e+00
1.766117753467707496e+00 2.026777516361006892e+00 1.075807359953449449e+00
1.768408437972853520e+00 2.028635450560079434e+00 1.075382718500969004e+00
1.770699122477999765e+00 2.030495087915743735e+00 1.074957325867628599e+00
1.772989806983146011e+00 2.032356429989273128e+00 1.074531187536431176e+00
1.775280491488292256e+00 2.034219478343372245e+00 1.074104308967565924e+00
1.777571175993438279e+00 2.036084234542177018e+00 1.073676695598497988e+00
1.779861860498584525e+00 2.037950700151258676e+00 1.073248352844062614e+00
1.782152545003730770e+00 2.039818876737622411e+00 1.072819286096558633e+00
1.784443229508876794e+00 2.041688765869710043e+00 1.072389500725839939e+00
1.786733914014023039e+00 2.043560369117402242e+00 1.071959002079406531e+00
1.789024598519169285e+00 2.045433688052017640e+00 1.071527795482496215e+00
1.791315283024315530e+00 2.047308724246315492e+00 1.071095886238176309e+00
1.793605967529461553e+00 2.049185479274497013e+00 1.070663279627434017e+00
1.795896652034607799e+00 2.051063954712206705e+00 1.070229980909265022e+00
1.798187336539754044e+00 2.052944152136532807e+00 1.069795995320766302e+00
1.800478021044900068e+00 2.054826073126009511e+00 1.069361328077223616e+00
1.802768705550046313e+00 2.056709719260618296e+00 1.068925984372200766e+00
1.805059390055192559e+00 2.058595092121789261e+00 1.068489969377628412e+00
1.807350074560338804e+00 2.060482193292401565e+00 1.068053288243892673e+00
1.809640759065484827e+00 2.062371024356785210e+00 1.067615946099923940e+00
1.811931443570631073e+00 2.064261586900723255e+00 1.067177948053283032e+00
1.814222128075777318e+00 2.066153882511452267e+00 1.066739299190249790e+00
1.816512812580923564e+00 2.068047912777663200e+00 1.066300004575908345e+00
1.818803497086069587e+00 2.069943679289503624e+00 1.065860069254236153e+00
1.821094181591215833e+00 2.071841183638579942e+00 1.065419498248187491e+00
1.823384866096362078e+00 2.073740427417956500e+00 1.064978296559781379e+00
1.825675550601508101e+00 2.075641412222156923e+00 1.064536469170186628e+00
1.827966235106654347e+00 2.077544139647168997e+00 1.064094021039805549e+00
1.830256919611800592e+00 2.079448611290442006e+00 1.063650957108360773e+00
1.832547604116946838e+00 2.081354828750889396e+00 1.063207282294978961e+00
1.834838288622092861e+00 2.083262793628890996e+00 1.062763001498274518e+00
1.837128973127239107e+00 2.085172507526293462e+00 1.062318119596433741e+00
1.839419657632385352e+00 2.087083972046412050e+00 1.061872641447297205e+00
1.841710342137531375e+00 2.088997188794031068e+00 1.061426571888445247e+00
1.844001026642677621e+00 2.090912159375407420e+00 1.060979915737277679e+00
1.846291711147823866e+00 2.092828885398268390e+00 1.060532677791098832e+00
1.848582395652970112e+00 2.094747368471817417e+00 1.060084862827197494e+00
1.850873080158116135e+00 2.096667610206730537e+00 1.059636475602930394e+00
1.853163764663262381e+00 2.098589612215162159e+00 1.059187520855801479e+00
1.855454449168408626e+00 2.100513376110743735e+00 1.058738003303545394e+00
1.857745133673554649e+00 2.102438903508586421e+00 1.058287927644206317e+00
1.860035818178700895e+00 2.104366196025281521e+00 1.057837298556218997e+00
1.862326502683847140e+00 2.106295255278902268e+00 1.057386120698488474e+00
1.864617187188993386e+00 2.108226082889005149e+00 1.056934398710470457e+00
1.866907871694139409e+00 2.110158680476631687e+00 1.056482137212249928e+00
1.869198556199285655e+00 2.112093049664309330e+00 1.056029340804621297e+00
1.871489240704431900e+00 2.114029192076052333e+00 1.055576014069164792e+00
1.873779925209578145e+00 2.115967109337364427e+00 1.055122161568327721e+00
1.876070609714724169e+00 2.117906803075238376e+00 1.054667787845500637e+00
1.878361294219870414e+00 2.119848274918159969e+00 1.054212897425096385e+00
1.880651978725016660e+00 2.121791526496106250e+00 1.053757494812625595e+00
1.882942663230162683e+00 2.123736559440549065e+00 1.053301584494776399e+00
1.885233347735308929e+00 2.125683375384456397e+00 1.052845170939488151e+00
1.887524032240455174e+00 2.127631975962291921e+00 1.052388258596031134e+00
1.889814716745601419e+00 2.129582362810019447e+00 1.051930851895080510e+00
1.892105401250747443e+00 2.131534537565100251e+00 1.051472955248792696e+00
1.894396085755893688e+00 2.133488501866498410e+00 1.051014573050881307e+00
1.896686770261039934e+00 2.135444257354679465e+00 1.050555709676691984e+00
1.898977454766185957e+00 2.137401805671612642e+00 1.050096369483277225e+00
1.901268139271332203e+00 2.139361148460773965e+00 1.049636556809471655e+00
1.903558823776478448e+00 2.141322287367144028e+00 1.049176275975965300e+00
1.905849508281624693e+00 2.143285224037212000e+00 1.048715531285378422e+00
1.908140192786770717e+00 2.145249960118976951e+00 1.048254327022335453e+00
1.910430877291916962e+00 2.147216497261948298e+00 1.047792667453536053e+00
1.912721561797063208e+00 2.149184837117147584e+00 1.047330556827831716e+00
1.915012246302209453e+00 2.151154981337109362e+00 1.046867999376296821e+00
1.917302930807355477e+00 2.153126931575883418e+00 1.046404999312299688e+00
1.919593615312501722e+00 2.155100689489036547e+00 1.045941560831577632e+00
1.921884299817647968e+00 2.157076256733652109e+00 1.045477688112306458e+00
1.924174984322793991e+00 2.159053634968332247e+00 1.045013385315173515e+00
1.926465668827940236e+00 2.161032825853201000e+00 1.044548656583447643e+00
1.928756353333086482e+00 2.163013831049902969e+00 1.044083506043052445e+00
1.931047037838232727e+00 2.164996652221606865e+00 1.043617937802634232e+00
1.933337722343378751e+00 2.166981291033005075e+00 1.043151955953634413e+00
1.935628406848524996e+00 2.168967749150316315e+00 1.042685564570358547e+00
1.937919091353671242e+00 2.170956028241287417e+00 1.042218767710047178e+00
1.940209775858817265e+00 2.172946129975192875e+00 1.041751569412944001e+00
1.942500460363963510e+00 2.174938056022838850e+00 1.041283973702367138e+00
1.944791144869109756e+00 2.176931808056561835e+00 1.040815984584775755e+00
1.947081829374256001e+00 2.178927387750231315e+00 1.040347606049840445e+00
1.949372513879402025e+00 2.180924796779251995e+00 1.039878842070511844e+00
1.951663198384548270e+00 2.182924036820564240e+00 1.039409696603086575e+00
1.953953882889694516e+00 2.184925109552645850e+00 1.038940173587277638e+00
1.956244567394840539e+00 2.186928016655512064e+00 1.038470276946281023e+00
1.958535251899986784e+00 2.188932759810719553e+00 1.038000010586842770e+00
1.960825936405133030e+00 2.190939340701365978e+00 1.037529378399325575e+00
1.963116620910279275e+00 2.192947761012091767e+00 1.037058384257777188e+00
1.965407305415425299e+00 2.194958022429081002e+00 1.036587032019995247e+00
1.967697989920571544e+00 2.196970126640065857e+00 1.036115325527593889e+00
1.969988674425717790e+00 2.198984075334322608e+00 1.035643268606070366e+00
1.972279358930864035e+00 2.200999870202677844e+00 1.035170865064870105e+00
1.974570043436010058e+00 2.203017512937508027e+00 1.034698118697451985e+00
1.976860727941156304e+00 2.205037005232740821e+00 1.034225033281353623e+00
1.979151412446302549e+00 2.207058348783855983e+00 1.033751612578256651e+00
1.981442096951448573e+00 2.209081545287888027e+00 1.033277860334050891e+00
1.983732781456594818e+00 2.211106596443427996e+00 1.032803780278898964e+00
1.986023465961741064e+00 2.213133503950623027e+00 1.032329376127298914e+00
1.988314150466887309e+00 2.215162269511179005e+00 1.031854651578150817e+00
1.990604834972033332e+00 2.217192894828361460e+00 1.031379610314818063e+00
1.992895519477179578e+00 2.219225381606997782e+00 1.030904256005191089e+00
1.995186203982325823e+00 2.221259731553478112e+00 1.030428592301750657e+00
1.997476888487471847e+00 2.223295946375756671e+00 1.029952622841630916e+00
1.999767572992618092e+00 2.225334027783353097e+00 1.029476351246681132e+00
2.002058257497764338e+00 2.227373977487354662e+00 1.028999781123528967e+00
2.004348942002910583e+00 2.229415797200416716e+00 1.028522916063641546e+00
2.006639626508056828e+00 2.231459488636764910e+00 1.028045759643386958e+00
2.008930311013203074e+00 2.233505053512196525e+00 1.027568315424096657e+00
2.011220995518348875e+00 2.235552493544080921e+00 1.027090586952127182e+00
2.013511680023495121e+00 2.237601810451362194e+00 1.026612577758918343e+00
2.015802364528641366e+00 2.239653005954560516e+00 1.026134291361058271e+00
2.018093049033787612e+00 2.241706081775773018e+00 1.025655731260339598e+00
2.020383733538933857e+00 2.243761039638675125e+00 1.025176900943822966e+00
2.022674418044080102e+00 2.245817881268522775e+00 1.024697803883894531e+00
2.024965102549226348e+00 2.247876608392152864e+00 1.024218443538327694e+00
2.027255787054372149e+00 2.249937222737985909e+00 1.023738823350341276e+00
2.029546471559518395e+00 2.251999726036026939e+00 1.023258946748659470e+00
2.031837156064664640e+00 2.254064120017866824e+00 1.022778817147570463e+00
2.034127840569810886e+00 2.256130406416682721e+00 1.022298437946985716e+00
2.036418525074957131e+00 2.258198586967241628e+00 1.021817812532497927e+00
2.038709209580103376e+00 2.260268663405900824e+00 1.021336944275439640e+00
2.040999894085249622e+00 2.262340637470608318e+00 1.020855836532940764e+00
2.043290578590395423e+00 2.264414510900906397e+00 1.020374492647987852e+00
2.045581263095541669e+00 2.266490285437932073e+00 1.019892915949478951e+00
2.047871947600687914e+00 2.268567962824417084e+00 1.019411109752284661e+00
2.050162632105834160e+00 2.270647544804692330e+00 1.018929077357302315e+00
2.052453316610980405e+00 2.272729033124686104e+00 1.018446822051513490e+00
2.054744001116126650e+00 2.274812429531928970e+00 1.017964347108040846e+00
2.057034685621272896e+00 2.276897735775551546e+00 1.017481655786205641e+00
2.059325370126418697e+00 2.278984953606288943e+00 1.016998751331581907e+00
2.061616054631564943e+00 2.281074084776482103e+00 1.016515636976053960e+00
2.063906739136711188e+00 2.283165131040076457e+00 1.016032315937871466e+00
2.066197423641857434e+00 2.285258094152625929e+00 1.015548791421704955e+00
2.068488108147003679e+00 2.287352975871294269e+00 1.015065066618700662e+00
2.070778792652149924e+00 2.289449777954855492e+00 1.014581144706536708e+00
2.073069477157296170e+00 2.291548502163695655e+00 1.014097028849477500e+00
2.075360161662441971e+00 2.293649150259815084e+00 1.013612722198427685e+00
2.077650846167588217e+00 2.295751724006830141e+00 1.013128227890986777e+00
2.079941530672734462e+00 2.297856225169971900e+00 1.012643549051503555e+00
2.082232215177880708e+00 2.299962655516090582e+00 1.012158688791130690e+00
2.084522899683026953e+00 2.302071016813656446e+00 1.011673650207876030e+00
2.086813584188173198e+00 2.304181310832760232e+00 1.011188436386659451e+00
2.089104268693319444e+00 2.306293539345115828e+00 1.010703050399363478e+00
2.091394953198465689e+00 2.308407704124061155e+00 1.010217495304887025e+00
2.093685637703611491e+00 2.310523806944559055e+00 1.009731774149199790e+00
2.095976322208757736e+00 2.312641849583200404e+00 1.009245889965391996e+00
2.098267006713903982e+00 2.314761833818204551e+00 1.008759845773728792e+00
2.100557691219050227e+00 2.316883761429420652e+00 1.008273644581702877e+00
2.102848375724196472e+00 2.319007634198328560e+00 1.007787289384084684e+00
2.105139060229342718e+00 2.321133453908043265e+00 1.007300783162975222e+00
2.107429744734488963e+00 2.323261222343312227e+00 1.006814128887858040e+00
2.109720429239634765e+00 2.325390941290520264e+00 1.006327329515648961e+00
2.112011113744781010e+00 2.327522612537689550e+00 1.005840387990748930e+00
2.114301798249927256e+00 2.329656237874481395e+00 1.005353307245094197e+00
2.116592482755073501e+00 2.331791819092196683e+00 1.004866090198207829e+00
2.118883167260219746e+00 2.333929357983779873e+00 1.004378739757248340e+00
2.121173851765365992e+00 2.336068856343818112e+00 1.003891258817061427e+00
2.123464536270512237e+00 2.338210315968543895e+00 1.003403650260230373e+00
2.125755220775658039e+00 2.340353738655835070e+00 1.002915916957125342e+00
2.128045905280804284e+00 2.342499126205220605e+00 1.002428061765952005e+00
2.130336589785950530e+00 2.344646480417875711e+00 1.001940087532803947e+00
2.132627274291096775e+00 2.346795803096629385e+00 1.001451997091708179e+00
2.134917958796243020e+00 2.348947096045961747e+00 1.000963793264677992e+00
2.137208643301389266e+00 2.351100361072006706e+00 1.000475478861758916e+00
2.139499327806535511e+00 2.353255599982555513e+00 9.999870566810790118e-01
2.141790012311681313e+00 2.355412814587054982e+00 9.994985295088971711e-01
2.144080696816827558e+00 2.357572006696611933e+00 9.990099001196504069e-01
2.146371381321973804e+00 2.359733178123992303e+00 9.985211712760029279e-01
2.148662065827120049e+00 2.361896330683625145e+00 9.980323457288940991e-01
2.150952750332266294e+00 2.364061466191600847e+00 9.975434262175859601e-01
2.153243434837412540e+00 2.366228586465676020e+00 9.970544154697100758e-01
2.155534119342558785e+00 2.368397693325273501e+00 9.965653162013159427e-01
2.157824803847704587e+00 2.370568788591483234e+00 9.960761311169171739e-01
2.160115488352850832e+00 2.372741874087065828e+00 9.955868629095391276e-01
2.162406172857997078e+00 2.374916951636451667e+00 9.950975142607649815e-01
2.164696857363143323e+00 2.377094023065744022e+00 9.946080878407833614e-01
2.166987541868289568e+00 2.379273090202719931e+00 9.941185863084333052e-01
2.169278226373435814e+00 2.381454154876831986e+00 9.936290123112516692e-01
2.171568910878582059e+00 2.383637218919210099e+00 9.931393684855183146e-01
2.173859595383727861e+00 2.385822284162662399e+00 9.926496574563024033e-01
2.176150279888874106e+00 2.388009352441677446e+00 9.921598818375074735e-01
2.178440964394020352e+00 2.390198425592425568e+00 9.916700442319174025e-01
2.180731648899166597e+00 2.392389505452759746e+00 9.911801472312412598e-01
2.183022333404312842e+00 2.394582593862217834e+00 9.906901934161592704e-01
2.185313017909459088e+00 2.396777692662024783e+00 9.902001853563662248e-01
2.187603702414605333e+00 2.398974803695092195e+00 9.897101256106168865e-01
2.189894386919751135e+00 2.401173928806021429e+00 9.892200167267711786e-01
2.192185071424897380e+00 2.403375069841106271e+00 9.887298612418374821e-01
2.194475755930043626e+00 2.405578228648330708e+00 9.882396616820170454e-01
2.196766440435189871e+00 2.407783407077373816e+00 9.877494205627481705e-01
2.199057124940336116e+00 2.409990606979610650e+00 9.872591403887504002e-01
2.201347809445482362e+00 2.412199830208112239e+00 9.867688236540673730e-01
2.203638493950628607e+00 2.414411078617650031e+00 9.862784728421104541e-01
2.205929178455774853e+00 2.416624354064693669e+00 9.857880904257018129e-01
2.208219862960920654e+00 2.418839658407415882e+00 9.852976788671190533e-01
2.210510547466066900e+00 2.421056993505693811e+00 9.848072406181352934e-01
2.212801231971213145e+00 2.423276361221106789e+00 9.843167781200644617e-01
2.215091916476359390e+00 2.425497763416943009e+00 9.838262938038029315e-01
2.217382600981505636e+00 2.427721201958197739e+00 9.833357900898711534e-01
2.219673285486651881e+00 2.429946678711575547e+00 9.828452693884573987e-01
2.221963969991798127e+00 2.432174195545493411e+00 9.823547340994583932e-01
2.224254654496943928e+00 2.434403754330079384e+00 9.818641866125223938e-01
2.226545339002090174e+00 2.436635356937177921e+00 9.813736293070900452e-01
2.228836023507236419e+00 2.438869005240347221e+00 9.808830645524359015e-01
2.231126708012382664e+00 2.441104701114864994e+00 9.803924947077101715e-01
2.233417392517528910e+00 2.443342446437726245e+00 9.799019221219804621e-01
2.235708077022675155e+00 2.445582243087647267e+00 9.794113491342715250e-01
2.237998761527821401e+00 2.447824092945067420e+00 9.789207780736072229e-01
2.240289446032967202e+00 2.450067997892148242e+00 9.784302112590503864e-01
2.242580130538113448e+00 2.452313959812778332e+00 9.779396509997436704e-01
2.244870815043259693e+00 2.454561980592572024e+00 9.774490995949507433e-01
2.247161499548405938e+00 2.456812062118872486e+00 9.769585593340954777e-01
2.249452184053552184e+00 2.459064206280753062e+00 9.764680324968013636e-01
2.251742868558698429e+00 2.461318414969019486e+00 9.759775213529338078e-01
2.254033553063844675e+00 2.463574690076208995e+00 9.754870281626377704e-01
2.256324237568990476e+00 2.465833033496595217e+00 9.749965551763772886e-01
2.258614922074136722e+00 2.468093447126188167e+00 9.745061046349767775e-01
2.260905606579282967e+00 2.470355932862735582e+00 9.740156787696578888e-01
2.263196291084429213e+00 2.472620492605724696e+00 9.735252798020801457e-01
2.265486975589575458e+00 2.474887128256384017e+00 9.730349099443798000e-01
2.267777660094721703e+00 2.477155841717685103e+00 9.725445713992080243e-01
2.270068344599867949e+00 2.479426634894344339e+00 9.720542663597693256e-01
2.272359029105013750e+00 2.481699509692822936e+00 9.715639970098611800e-01
2.274649713610159996e+00 2.483974468021330928e+00 9.710737655239108923e-01
2.276940398115306241e+00 2.486251511789827617e+00 9.705835740670147871e-01
2.279231082620452487e+00 2.488530642910022461e+00 9.700934247949758449e-01
2.281521767125598732e+00 2.490811863295377293e+00 9.696033198543414500e-01
2.283812451630744977e+00 2.493095174861108099e+00 9.691132613824411379e-01
2.286103136135891223e+00 2.495380579524187681e+00 9.686232515074244542e-01
2.288393820641037024e+00 2.497668079203344327e+00 9.681332923482972586e-01
2.290684505146183270e+00 2.499957675819066694e+00 9.676433860149605826e-01
2.292975189651329515e+00 2.502249371293603364e+00 9.671535346082463791e-01
2.295265874156475761e+00 2.504543167550965066e+00 9.666637402199548257e-01
2.297556558661622006e+00 2.506839066516925563e+00 9.661740049328916280e-01
2.299847243166768251e+00 2.509137070119025203e+00 9.656843308209036580e-01
2.302137927671914497e+00 2.511437180286570037e+00 9.651947199489165907e-01
2.304428612177060742e+00 2.513739398950636250e+00 9.647051743729703199e-01
2.306719296682206544e+00 2.516043728044068395e+00 9.642156961402551518e-01
2.309009981187352789e+00 2.518350169501484714e+00 9.637262872891485532e-01
2.311300665692499035e+00 2.520658725259275368e+00 9.632369498492507898e-01
2.313591350197645280e+00 2.522969397255606427e+00 9.627476858414198979e-01
2.315882034702791525e+00 2.525282187430420322e+00 9.622584972778089885e-01
2.318172719207937771e+00 2.527597097725438058e+00 9.617693861618989981e-01
2.320463403713084016e+00 2.529914130084160551e+00 9.612803544885373253e-01
2.322754088218229818e+00 2.532233286451869514e+00 9.607914042439708036e-01
2.325044772723376063e+00 2.534554568775631900e+00 9.603025374058803409e-01
2.327335457228522309e+00 2.536877979004297679e+00 9.598137559434181121e-01
2.329626141733668554e+00 2.539203519088503835e+00 9.593250618172399768e-01
2.331916826238814799e+00 2.541531190980675259e+00 9.588364569795414516e-01
2.334207510743961045e+00 2.543860996635027405e+00 9.583479433740915709e-01
2.336498195249107290e+00 2.546192938007566298e+00 9.578595229362678598e-01
2.338788879754253092e+00 2.548527017056091637e+00 9.573711975930897511e-01
2.341079564259399337e+00 2.550863235740197243e+00 9.568829692632526696e-01
2.343370248764545583e+00 2.553201596021273723e+00 9.563948398571631149e-01
2.345660933269691828e+00 2.555542099862509797e+00 9.559068112769704140e-01
2.347951617774838073e+00 2.557884749228892751e+00 9.554188854166026923e-01
2.350242302279984319e+00 2.560229546087213315e+00 9.549310641617981821e-01
2.352532986785130564e+00 2.562576492406062556e+00 9.544433493901408605e-01
2.354823671290276366e+00 2.564925590155837654e+00 9.539557429710918690e-01
2.357114355795422611e+00 2.567276841308742785e+00 9.534682467660225980e-01
2.359405040300568857e+00 2.569630247838788240e+00 9.529808626282488815e-01
2.361695724805715102e+00 2.571985811721794857e+00 9.524935924030635270e-01
2.363986409310861347e+00 2.574343534935394917e+00 9.520064379277679567e-01
2.366277093816007593e+00 2.576703419459032141e+00 9.515194010317068463e-01
2.368567778321153838e+00 2.579065467273967016e+00 9.510324835362973239e-01
2.370858462826299640e+00 2.581429680363273693e+00 9.505456872550649416e-01
2.373149147331445885e+00 2.583796060711846643e+00 9.500590139936737621e-01
2.375439831836592131e+00 2.586164610306398881e+00 9.495724655499580003e-01
2.377730516341738376e+00 2.588535331135464190e+00 9.490860437139561068e-01
2.380021200846884621e+00 2.590908225189399783e+00 9.485997502679395232e-01
2.382311885352030867e+00 2.593283294460387189e+00 9.481135869864474319e-01
2.384602569857177112e+00 2.595660540942433592e+00 9.476275556363165098e-01
2.386893254362322914e+00 2.598039966631374931e+00 9.471416579767125699e-01
2.389183938867469159e+00 2.600421573524877239e+00 9.466558957591618695e-01
2.391474623372615405e+00 2.602805363622436641e+00 9.461702707275825297e-01
2.393765307877761650e+00 2.605191338925382016e+00 9.456847846183157325e-01
2.396055992382907895e+00 2.607579501436877667e+00 9.451994391601560297e-01
2.398346676888054141e+00 2.609969853161924203e+00 9.447142360743824296e-01
2.400637361393200386e+00 2.612362396107359874e+00 9.442291770747889279e-01
2.402928045898346632e+00 2.614757132281862351e+00 9.437442638677158158e-01
2.405218730403492433e+00 2.617154063695950494e+00 9.432594981520786570e-01
2.407509414908638679e+00 2.619553192361987470e+00 9.427748816193999293e-01
2.409800099413784924e+00 2.621954520294180302e+00 9.422904159538384450e-01
2.412090783918931169e+00 2.624358049508582091e+00 9.418061028322195494e-01
2.414381468424077415e+00 2.626763782023094684e+00 9.413219439240653186e-01
2.416672152929223660e+00 2.629171719857468670e+00 9.408379408916239806e-01
2.418962837434369906e+00 2.631581865033307821e+00 9.403540953898998911e-01
2.421253521939515707e+00 2.633994219574067319e+00 9.398704090666827327e-01
2.423544206444661953e+00 2.636408785505059083e+00 9.393868835625773794e-01
2.425834890949808198e+00 2.638825564853449990e+00 9.389035205110335403e-01
2.428125575454954443e+00 2.641244559648265877e+00 9.384203215383732921e-01
2.430416259960100689e+00 2.643665771920392427e+00 9.379372882638224995e-01
2.432706944465246934e+00 2.646089203702577386e+00 9.374544222995386811e-01
2.434997628970393180e+00 2.648514857029431901e+00 9.369717252506387650e-01
2.437288313475538981e+00 2.650942733937430962e+00 9.364891987152302866e-01
2.439578997980685227e+00 2.653372836464918727e+00 9.360068442844374781e-01
2.441869682485831472e+00 2.655805166652105864e+00 9.355246635424322443e-01
2.444160366990977717e+00 2.658239726541073988e+00 9.350426580664601417e-01
2.446451051496123963e+00 2.660676518175777439e+00 9.345608294268700211e-01
2.448741736001270208e+00 2.663115543602042390e+00 9.340791791871428940e-01
2.451032420506416454e+00 2.665556804867572183e+00 9.335977089039181331e-01
2.453323105011562255e+00 2.668000304021945990e+00 9.331164201270228942e-01
2.455613789516708501e+00 2.670446043116623258e+00 9.326353143994989825e-01
2.457904474021854746e+00 2.672894024204942820e+00 9.321543932576316083e-01
2.460195158527000991e+00 2.675344249342126446e+00 9.316736582309759207e-01
2.462485843032147237e+00 2.677796720585279289e+00 9.311931108423854297e-01
2.464776527537293482e+00 2.680251439993392104e+00 9.307127526080387625e-01
2.467067212042439728e+00 2.682708409627344359e+00 9.302325850374677518e-01
2.469357896547585529e+00 2.685167631549903344e+00 9.297526096335825274e-01
2.471648581052731775e+00 2.687629107825728170e+00 9.292728278927019359e-01
2.473939265557878020e+00 2.690092840521370654e+00 9.287932413045771884e-01
2.476229950063024265e+00 2.692558831705275768e+00 9.283138513524210600e-01
2.478520634568170511e+00 2.695027083447786520e+00 9.278346595129333130e-01
2.480811319073316756e+00 2.697497597821141735e+00 9.273556672563278980e-01
2.483102003578463002e+00 2.699970376899481384e+00 9.268768760463593770e-01
2.485392688083608803e+00 2.702445422758845694e+00 9.263982873403492357e-01
2.487683372588755049e+00 2.704922737477180039e+00 9.259199025892117518e-01
2.489974057093901294e+00 2.707402323134331823e+00 9.254417232374817504e-01
2.492264741599047539e+00 2.709884181812056703e+00 9.249637507233388067e-01
2.494555426104193785e+00 2.712368315594018586e+00 9.244859864786341141e-01
2.496846110609340030e+00 2.714854726565791410e+00 9.240084319289170178e-01
2.499136795114486276e+00 2.717343416814860024e+00 9.235310884934595510e-01
2.501427479619632521e+00 2.719834388430624195e+00 9.230539575852829692e-01
2.503718164124778323e+00 2.722327643504397265e+00 9.225770406111830635e-01
2.506008848629924568e+00 2.724823184129412823e+00 9.221003389717554732e-01
2.508299533135070813e+00 2.727321012400819811e+00 9.216238540614214436e-01
2.510590217640217059e+00 2.729821130415689634e+00 9.211475872684529165e-01
2.512880902145363304e+00 2.732323540273016160e+00 9.206715399749975104e-01
2.515171586650509550e+00 2.734828244073716164e+00 9.201957135571042778e-01
2.517462271155655795e+00 2.737335243920633765e+00 9.197201093847475750e-01
2.519752955660801597e+00 2.739844541918539100e+00 9.192447288218529300e-01
2.522043640165947842e+00 2.742356140174134094e+00 9.187695732263212456e-01
2.524334324671094087e+00 2.744870040796050237e+00 9.182946439500535574e-01
2.526625009176240333e+00 2.747386245894851253e+00 9.178199423389765688e-01
2.528915693681386578e+00 2.749904757583037984e+00 9.173454697330649665e-01
2.531206378186532824e+00 2.752425577975045279e+00 9.168712274663683992e-01
2.533497062691679069e+00 2.754948709187247768e+00 9.163972168670334595e-01
2.535787747196824871e+00 2.757474153337958978e+00 9.159234392573297745e-01
2.538078431701971116e+00 2.760001912547437097e+00 9.154498959536724323e-01
2.540369116207117361e+00 2.762531988937880101e+00 9.149765882666471839e-01
2.542659800712263607e+00 2.765064384633434180e+00 9.145035175010339801e-01
2.544950485217409852e+00 2.767599101760191527e+00 9.140306849558303970e-01
2.547241169722556098e+00 2.770136142446193439e+00 9.135580919242761722e-01
2.549531854227702343e+00 2.772675508821432100e+00 9.130857396938756310e-01
2.551822538732848145e+00 2.775217203017851464e+00 9.126136295464226666e-01
2.554113223237994390e+00 2.777761227169351699e+00 9.121417627580228338e-01
2.556403907743140635e+00 2.780307583411787409e+00 9.116701405991173290e-01
2.558694592248286881e+00 2.782856273882972076e+00 9.111987643345059729e-01
2.560985276753433126e+00 2.785407300722678059e+00 9.107276352233709682e-01
2.563275961258579372e+00 2.787960666072640148e+00 9.102567545192987719e-01
2.565566645763725617e+00 2.790516372076555118e+00 9.097861234703047417e-01
2.567857330268871419e+00 2.793074420880086617e+00 9.093157433188542305e-01
2.570148014774017664e+00 2.795634814630864273e+00 9.088456153018864558e-01
2.572438699279163909e+00 2.798197555478485476e+00 9.083757406508372600e-01
2.574729383784310155e+00 2.800762645574520260e+00 9.079061205916604260e-01
2.577020068289456400e+00 2.803330087072509524e+00 9.074367563448523244e-01
2.579310752794602646e+00 2.805899882127968592e+00 9.069676491254715645e-01
2.581601437299748891e+00 2.808472032898388537e+00 9.064988001431643072e-01
2.583892121804894693e+00 2.811046541543238408e+00 9.060302106021848045e-01
2.586182806310040938e+00 2.813623410223967447e+00 9.055618817014169375e-01
2.588473490815187184e+00 2.816202641104005533e+00 9.050938146343980861e-01
2.590764175320333429e+00 2.818784236348765848e+00 9.046260105893393355e-01
2.593054859825479674e+00 2.821368198125646209e+00 9.041584707491492345e-01
2.595345544330625920e+00 2.823954528604032621e+00 9.036911962914535579e-01
2.597636228835772165e+00 2.826543229955297942e+00 9.032241883886182876e-01
2.599926913340917967e+00 2.829134304352806328e+00 9.027574482077715956e-01
2.602217597846064212e+00 2.831727753971915451e+00 9.022909769108236056e-01
2.604508282351210458e+00 2.834323580989975166e+00 9.018247756544900406e-01
2.606798966856356703e+00 2.836921787586332400e+00 9.013588455903119856e-01
2.609089651361502948e+00 2.839522375942331589e+00 9.008931878646772029e-01
2.611380335866649194e+00 2.842125348241316907e+00 9.004278036188430034e-01
2.613671020371795439e+00 2.844730706668634035e+00 8.999626939889552313e-01
2.615961704876941685e+00 2.847338453411631054e+00 8.994978601060711343e-01
2.618252389382087486e+00 2.849948590659661996e+00 8.990333030961787930e-01
2.620543073887233732e+00 2.852561120604088618e+00 8.985690240802182149e-01
2.622833758392379977e+00 2.855176045438280408e+00 8.981050241741035389e-01
2.625124442897526222e+00 2.857793367357617687e+00 8.976413044887419090e-01
2.627415127402672468e+00 2.860413088559492945e+00 8.971778661300551239e-01
2.629705811907818713e+00 2.863035211243313949e+00 8.967147101990002867e-01
2.631996496412964959e+00 2.865659737610503743e+00 8.962518377915893453e-01
2.634287180918110760e+00 2.868286669864502869e+00 8.957892499989104085e-01
2.636577865423257006e+00 2.870916010210774250e+00 8.953269479071471748e-01
2.638868549928403251e+00 2.873547760856800526e+00 8.948649325975999158e-01
2.641159234433549496e+00 2.876181924012088054e+00 8.944032051467054600e-01
2.643449918938695742e+00 2.878818501888168679e+00 8.939417666260567330e-01
2.645740603443841987e+00 2.881457496698601961e+00 8.934806181024229632e-01
2.648031287948988233e+00 2.884098910658976500e+00 8.930197606377699993e-01
2.650321972454134034e+00 2.886742745986911718e+00 8.925591952892796277e-01
2.652612656959280280e+00 2.889389004902060076e+00 8.920989231093694460e-01
2.654903341464426525e+00 2.892037689626108854e+00 8.916389451457125137e-01
2.657194025969572770e+00 2.894688802382781478e+00 8.911792624412566699e-01
2.659484710474719016e+00 2.897342345397840191e+00 8.907198760342445176e-01
2.661775394979865261e+00 2.899998320899087823e+00 8.902607869582330746e-01
2.664066079485011507e+00 2.902656731116369571e+00 8.898019962421113149e-01
2.666356763990157308e+00 2.905317578281572555e+00 8.893435049101225953e-01
2.668647448495303554e+00 2.907980864628633810e+00 8.888853139818801985e-01
2.670938133000449799e+00 2.910646592393534959e+00 8.884274244723893155e-01
2.673228817505596044e+00 2.913314763814308428e+00 8.879698373920644761e-01
2.675519502010742290e+00 2.915985381131038334e+00 8.875125537467500880e-01
2.677810186515888535e+00 2.918658446585861821e+00 8.870555745377367574e-01
2.680100871021034781e+00 2.921333962422972164e+00 8.865989007617824935e-01
2.682391555526180582e+00 2.924011930888617883e+00 8.861425334111309171e-01
2.684682240031326828e+00 2.926692354231110738e+00 8.856864734735281353e-01
2.686972924536473073e+00 2.929375234700819064e+00 8.852307219322442799e-01
2.689263609041619318e+00 2.932060574550176213e+00 8.847752797660901614e-01
2.691554293546765564e+00 2.934748376033680106e+00 8.843201479494353645e-01
2.693844978051911809e+00 2.937438641407895901e+00 8.838653274522273451e-01
2.696135662557058055e+00 2.940131372931455545e+00 8.834108192400108583e-01
2.698426347062203856e+00 2.942826572865063106e+00 8.829566242739438353e-01
2.700717031567350102e+00 2.945524243471495218e+00 8.825027435108163676e-01
2.703007716072496347e+00 2.948224387015601078e+00 8.820491779030709134e-01
2.705298400577642592e+00 2.950927005764308220e+00 8.815959283988163975e-01
2.707589085082788838e+00 2.953632101986620295e+00 8.811429959418490832e-01
2.709879769587935083e+00 2.956339677953621514e+00 8.806903814716702250e-01
2.712170454093081329e+00 2.959049735938479309e+00 8.802380859235019450e-01
2.714461138598227574e+00 2.961762278216443001e+00 8.797861102283073276e-01
2.716751823103373376e+00 2.964477307064848244e+00 8.793344553128065177e-01
2.719042507608519621e+00 2.967194824763119243e+00 8.788831220994942628e-01
2.721333192113665866e+00 2.969914833592768755e+00 8.784321115066587859e-01
2.723623876618812112e+00 2.972637335837401640e+00 8.779814244483977737e-01
2.725914561123958357e+00 2.975362333782714863e+00 8.775310618346368052e-01
2.728205245629104603e+00 2.978089829716501935e+00 8.770810245711451181e-01
2.730495930134250848e+00 2.980819825928653355e+00 8.766313135595550365e-01
2.732786614639396650e+00 2.983552324711158388e+00 8.761819296973776261e-01
2.735077299144542895e+00 2.986287328358107729e+00 8.757328738780196797e-01
2.737367983649689140e+00 2.989024839165694836e+00 8.752841469908021477e-01
2.739658668154835386e+00 2.991764859432217705e+00 8.748357499209751253e-01
2.741949352659981631e+00 2.994507391458081536e+00 8.743876835497366162e-01
2.744240037165127877e+00 2.997252437545800952e+00 8.739399487542485190e-01
2.746530721670274122e+00 3.000000000000000444e+00 8.734925464076525037e-01
